# step, loss_train, loss_test, metrics_test
0.000000000000000000e+00 5.613357543945312500e+00 3.834889650344848633e+00 1.056078529357910156e+01 3.834889650344848633e+00 9.868950247764587402e-01 3.793353319168090820e+00
1.000000000000000000e+01 3.086194396018981934e-01 3.600656986236572266e+00 1.151224732398986816e+00 3.600656986236572266e+00 9.555927515029907227e-01 3.556535482406616211e+00
2.000000000000000000e+01 1.794984936714172363e-01 3.134091377258300781e+00 6.349113583564758301e-01 3.134091377258300781e+00 8.922104835510253906e-01 3.100387811660766602e+00
3.000000000000000000e+01 1.188842803239822388e-01 2.713352680206298828e+00 9.746692776679992676e-01 2.713352680206298828e+00 8.291298747062683105e-01 2.677481412887573242e+00
4.000000000000000000e+01 8.926064521074295044e-02 2.294737100601196289e+00 1.266473770141601562e+00 2.294737100601196289e+00 7.626044154167175293e-01 2.265061616897583008e+00
5.000000000000000000e+01 9.857714921236038208e-02 1.783757448196411133e+00 2.744366168975830078e+00 1.783757448196411133e+00 6.717082262039184570e-01 1.757287025451660156e+00
6.000000000000000000e+01 7.322848588228225708e-02 1.249508142471313477e+00 5.947805404663085938e+00 1.249508142471313477e+00 5.615415573120117188e-01 1.228132367134094238e+00
7.000000000000000000e+01 5.100407823920249939e-02 7.147153615951538086e-01 1.411714649200439453e+01 7.147153615951538086e-01 4.242648780345916748e-01 7.010605931282043457e-01
8.000000000000000000e+01 4.122571274638175964e-02 3.537504076957702637e-01 2.843924713134765625e+01 3.537504076957702637e-01 2.998717725276947021e-01 3.502293825149536133e-01
9.000000000000000000e+01 3.227107599377632141e-02 2.711336910724639893e-01 3.612029647827148438e+01 2.711336910724639893e-01 2.662013471126556396e-01 2.759954631328582764e-01
1.000000000000000000e+02 2.270868793129920959e-02 2.529254853725433350e-01 2.910407447814941406e+01 2.529254853725433350e-01 2.579286396503448486e-01 2.591078579425811768e-01
1.100000000000000000e+02 1.568269915878772736e-02 2.268370389938354492e-01 2.044129371643066406e+01 2.268370389938354492e-01 2.434522509574890137e-01 2.308388501405715942e-01
1.200000000000000000e+02 1.221982855349779129e-02 2.152736186981201172e-01 1.635542678833007812e+01 2.152736186981201172e-01 2.367153316736221313e-01 2.182399183511734009e-01
1.300000000000000000e+02 1.039678789675235748e-02 2.045528292655944824e-01 1.490171527862548828e+01 2.045528292655944824e-01 2.310376316308975220e-01 2.078963220119476318e-01
1.400000000000000000e+02 9.583776816725730896e-03 1.950933635234832764e-01 1.382696247100830078e+01 1.950933635234832764e-01 2.260252386331558228e-01 1.989735513925552368e-01
1.500000000000000000e+02 9.215334430336952209e-03 1.868428438901901245e-01 1.248702335357666016e+01 1.868428438901901245e-01 2.213423550128936768e-01 1.908141225576400757e-01
1.600000000000000000e+02 8.821658790111541748e-03 1.794883459806442261e-01 1.122320652008056641e+01 1.794883459806442261e-01 2.169645130634307861e-01 1.833406537771224976e-01
1.700000000000000000e+02 8.416296914219856262e-03 1.728646606206893921e-01 1.025899696350097656e+01 1.728646606206893921e-01 2.129898369312286377e-01 1.766847670078277588e-01
1.800000000000000000e+02 8.146130479872226715e-03 1.665744781494140625e-01 9.503078460693359375e+00 1.665744781494140625e-01 2.091950178146362305e-01 1.704449206590652466e-01
1.900000000000000000e+02 8.023085072636604309e-03 1.604897230863571167e-01 8.824212074279785156e+00 1.604897230863571167e-01 2.054461836814880371e-01 1.643908470869064331e-01
2.000000000000000000e+02 7.939620874822139740e-03 1.545781344175338745e-01 8.202576637268066406e+00 1.545781344175338745e-01 2.017159909009933472e-01 1.584755182266235352e-01
2.100000000000000000e+02 7.861366495490074158e-03 1.487656682729721069e-01 7.652287006378173828e+00 1.487656682729721069e-01 1.979804635047912598e-01 1.526602655649185181e-01
2.200000000000000000e+02 7.833452895283699036e-03 1.429002732038497925e-01 7.164490699768066406e+00 1.429002732038497925e-01 1.941400766372680664e-01 1.467951536178588867e-01
2.300000000000000000e+02 7.843218743801116943e-03 1.368770152330398560e-01 6.723647594451904297e+00 1.368770152330398560e-01 1.901096105575561523e-01 1.407633423805236816e-01
2.400000000000000000e+02 7.889278233051300049e-03 1.305850297212600708e-01 6.323878765106201172e+00 1.305850297212600708e-01 1.857942193746566772e-01 1.344453394412994385e-01
2.500000000000000000e+02 7.972837425768375397e-03 1.239122375845909119e-01 5.963243007659912109e+00 1.239122375845909119e-01 1.810929477214813232e-01 1.277275085449218750e-01
2.600000000000000000e+02 8.117005228996276855e-03 1.167322173714637756e-01 5.643500804901123047e+00 1.167322173714637756e-01 1.758758127689361572e-01 1.204741001129150391e-01
2.700000000000000000e+02 8.334005251526832581e-03 1.089572906494140625e-01 5.367523193359375000e+00 1.089572906494140625e-01 1.700202375650405884e-01 1.125855594873428345e-01
2.800000000000000000e+02 8.650574833154678345e-03 1.005662828683853149e-01 5.146230220794677734e+00 1.005662828683853149e-01 1.634328663349151611e-01 1.040304005146026611e-01
2.900000000000000000e+02 9.092397056519985199e-03 9.162972867488861084e-02 4.992878913879394531e+00 9.162972867488861084e-02 1.560726910829544067e-01 9.487140178680419922e-02
3.000000000000000000e+02 9.684952907264232635e-03 8.237519860267639160e-02 4.925348281860351562e+00 8.237519860267639160e-02 1.480219513177871704e-01 8.533628284931182861e-02
3.100000000000000000e+02 1.039938814938068390e-02 7.317025959491729736e-02 4.959868431091308594e+00 7.317025959491729736e-02 1.395114958286285400e-01 7.580561935901641846e-02
3.200000000000000000e+02 1.110507734119892120e-02 6.443581730127334595e-02 5.102151393890380859e+00 6.443581730127334595e-02 1.308892071247100830e-01 6.672507524490356445e-02
3.300000000000000000e+02 1.157085224986076355e-02 5.651588737964630127e-02 5.346255302429199219e+00 5.651588737964630127e-02 1.225296780467033386e-01 5.847416445612907410e-02
3.400000000000000000e+02 1.166678220033645630e-02 4.956997931003570557e-02 5.670664787292480469e+00 4.956997931003570557e-02 1.146897226572036743e-01 5.123070999979972839e-02
3.500000000000000000e+02 1.138883270323276520e-02 4.362407326698303223e-02 6.039618492126464844e+00 4.362407326698303223e-02 1.075239628553390503e-01 4.502895474433898926e-02
3.600000000000000000e+02 1.087417826056480408e-02 3.862852603197097778e-02 6.413971900939941406e+00 3.862852603197097778e-02 1.011060252785682678e-01 3.981396555900573730e-02
3.700000000000000000e+02 1.021832413971424103e-02 3.457083180546760559e-02 6.759364128112792969e+00 3.457083180546760559e-02 9.556715190410614014e-02 3.557121753692626953e-02
3.800000000000000000e+02 9.488833136856555939e-03 3.139915317296981812e-02 7.051687717437744141e+00 3.139915317296981812e-02 9.099802374839782715e-02 3.225115314126014709e-02
3.900000000000000000e+02 8.704375475645065308e-03 2.901350148022174835e-02 7.244439125061035156e+00 2.901350148022174835e-02 8.740113675594329834e-02 2.975196018815040588e-02
4.000000000000000000e+02 7.910443469882011414e-03 2.725690603256225586e-02 7.333229541778564453e+00 2.725690603256225586e-02 8.465836942195892334e-02 2.791394107043743134e-02
4.100000000000000000e+02 7.147242780774831772e-03 2.597125060856342316e-02 7.325066089630126953e+00 2.597125060856342316e-02 8.260132372379302979e-02 2.657391130924224854e-02
4.200000000000000000e+02 6.448965054005384445e-03 2.501079440116882324e-02 7.239624977111816406e+00 2.501079440116882324e-02 8.103700727224349976e-02 2.557691559195518494e-02
4.300000000000000000e+02 5.827554501593112946e-03 2.426921203732490540e-02 7.097357749938964844e+00 2.426921203732490540e-02 7.981483638286590576e-02 2.481125295162200928e-02
4.400000000000000000e+02 5.288386717438697815e-03 2.367761917412281036e-02 6.925649642944335938e+00 2.367761917412281036e-02 7.882969826459884644e-02 2.420254983007907867e-02
4.500000000000000000e+02 4.824985284358263016e-03 2.318746037781238556e-02 6.741935729980468750e+00 2.318746037781238556e-02 7.800789922475814819e-02 2.370055764913558960e-02
4.600000000000000000e+02 4.425127524882555008e-03 2.276840619742870331e-02 6.553391456604003906e+00 2.276840619742870331e-02 7.730235904455184937e-02 2.327377349138259888e-02
4.700000000000000000e+02 4.080646671354770660e-03 2.240364439785480499e-02 6.367753982543945312e+00 2.240364439785480499e-02 7.668583840131759644e-02 2.290401980280876160e-02
4.800000000000000000e+02 3.782020416110754013e-03 2.207903005182743073e-02 6.189868927001953125e+00 2.207903005182743073e-02 7.613545656204223633e-02 2.257643267512321472e-02
4.900000000000000000e+02 3.521444508805871010e-03 2.178508415818214417e-02 6.017110347747802734e+00 2.178508415818214417e-02 7.563702762126922607e-02 2.228180319070816040e-02
5.000000000000000000e+02 3.294884460046887398e-03 2.151399105787277222e-02 5.857225894927978516e+00 2.151399105787277222e-02 7.517494261264801025e-02 2.201038599014282227e-02
5.100000000000000000e+02 3.095231484621763229e-03 2.126478217542171478e-02 5.706797599792480469e+00 2.126478217542171478e-02 7.475132495164871216e-02 2.176301926374435425e-02
5.200000000000000000e+02 2.918993821367621422e-03 2.103036455810070038e-02 5.564664363861083984e+00 2.103036455810070038e-02 7.435161620378494263e-02 2.153090201318264008e-02
5.300000000000000000e+02 2.761001000180840492e-03 2.081083692610263824e-02 5.429907321929931641e+00 2.081083692610263824e-02 7.397576421499252319e-02 2.131377346813678741e-02
5.400000000000000000e+02 2.620469080284237862e-03 2.060414478182792664e-02 5.302163600921630859e+00 2.060414478182792664e-02 7.362212240695953369e-02 2.111048065125942230e-02
5.500000000000000000e+02 2.494501881301403046e-03 2.040459960699081421e-02 5.184794902801513672e+00 2.040459960699081421e-02 7.327914237976074219e-02 2.091424539685249329e-02
5.600000000000000000e+02 2.380526857450604439e-03 2.021728642284870148e-02 5.071149349212646484e+00 2.021728642284870148e-02 7.295697182416915894e-02 2.073074877262115479e-02
5.700000000000000000e+02 2.278144937008619308e-03 2.003730088472366333e-02 4.964133739471435547e+00 2.003730088472366333e-02 7.264751195907592773e-02 2.055525593459606171e-02
5.800000000000000000e+02 2.184569137170910835e-03 1.986343786120414734e-02 4.864332199096679688e+00 1.986343786120414734e-02 7.234662026166915894e-02 2.038533613085746765e-02
5.900000000000000000e+02 2.099980367347598076e-03 1.969685032963752747e-02 4.769360065460205078e+00 1.969685032963752747e-02 7.205775380134582520e-02 2.022286877036094666e-02
6.000000000000000000e+02 2.020665444433689117e-03 1.953630894422531128e-02 4.679431915283203125e+00 1.953630894422531128e-02 7.178043574094772339e-02 2.006751298904418945e-02
6.100000000000000000e+02 1.948747667483985424e-03 1.938178017735481262e-02 4.591346740722656250e+00 1.938178017735481262e-02 7.151099294424057007e-02 1.991713978350162506e-02
6.200000000000000000e+02 1.883679069578647614e-03 1.923028193414211273e-02 4.511256694793701172e+00 1.923028193414211273e-02 7.124689966440200806e-02 1.977030187845230103e-02
6.300000000000000000e+02 1.823286642320454121e-03 1.908358000218868256e-02 4.434953212738037109e+00 1.908358000218868256e-02 7.098869979381561279e-02 1.962726749479770660e-02
6.400000000000000000e+02 1.768470276147127151e-03 1.894132234156131744e-02 4.364054679870605469e+00 1.894132234156131744e-02 7.074103504419326782e-02 1.949055492877960205e-02
6.500000000000000000e+02 1.715532271191477776e-03 1.880368217825889587e-02 4.293009757995605469e+00 1.880368217825889587e-02 7.049790024757385254e-02 1.935680955648422241e-02
6.600000000000000000e+02 1.667466596700251102e-03 1.866818033158779144e-02 4.225470542907714844e+00 1.866818033158779144e-02 7.025726139545440674e-02 1.922488585114479065e-02
6.700000000000000000e+02 1.622870913706719875e-03 1.853737793862819672e-02 4.163268566131591797e+00 1.853737793862819672e-02 7.002577185630798340e-02 1.909840665757656097e-02
6.800000000000000000e+02 1.581635675393044949e-03 1.840697973966598511e-02 4.106621742248535156e+00 1.840697973966598511e-02 6.979542225599288940e-02 1.897296682000160217e-02
6.900000000000000000e+02 1.544031896628439426e-03 1.828087680041790009e-02 4.049118518829345703e+00 1.828087680041790009e-02 6.956971436738967896e-02 1.885045506060123444e-02
7.000000000000000000e+02 1.507688313722610474e-03 1.815604232251644135e-02 3.996045827865600586e+00 1.815604232251644135e-02 6.934670358896255493e-02 1.872979663312435150e-02
7.100000000000000000e+02 1.473832409828901291e-03 1.803442090749740601e-02 3.943039894104003906e+00 1.803442090749740601e-02 6.912697851657867432e-02 1.861128956079483032e-02
7.200000000000000000e+02 1.441863947547972202e-03 1.791392639279365540e-02 3.895856618881225586e+00 1.791392639279365540e-02 6.891170889139175415e-02 1.849555596709251404e-02
7.300000000000000000e+02 1.413319259881973267e-03 1.779542863368988037e-02 3.851265907287597656e+00 1.779542863368988037e-02 6.869816780090332031e-02 1.838110759854316711e-02
7.400000000000000000e+02 1.387739786878228188e-03 1.767767779529094696e-02 3.807521820068359375e+00 1.767767779529094696e-02 6.848467141389846802e-02 1.826703548431396484e-02
7.500000000000000000e+02 1.362702460028231144e-03 1.756200939416885376e-02 3.767307281494140625e+00 1.756200939416885376e-02 6.827501207590103149e-02 1.815536618232727051e-02
7.600000000000000000e+02 1.336374669335782528e-03 1.744935102760791779e-02 3.720906019210815430e+00 1.744935102760791779e-02 6.806695461273193359e-02 1.804487966001033783e-02
7.700000000000000000e+02 1.318018650636076927e-03 1.733306422829627991e-02 3.689202070236206055e+00 1.733306422829627991e-02 6.785798817873001099e-02 1.793425716459751129e-02
7.800000000000000000e+02 1.288686529733240604e-03 1.722212508320808411e-02 3.648574352264404297e+00 1.722212508320808411e-02 6.765094399452209473e-02 1.782498322427272797e-02
7.900000000000000000e+02 1.267790445126593113e-03 1.711001619696617126e-02 3.613916158676147461e+00 1.711001619696617126e-02 6.744568049907684326e-02 1.771697960793972015e-02
8.000000000000000000e+02 1.249572844244539738e-03 1.699724420905113220e-02 3.581727981567382812e+00 1.699724420905113220e-02 6.723748147487640381e-02 1.760776713490486145e-02
8.100000000000000000e+02 1.237146439962089062e-03 1.688779704272747040e-02 3.543674707412719727e+00 1.688779704272747040e-02 6.703267991542816162e-02 1.750066503882408142e-02
8.200000000000000000e+02 1.274093519896268845e-03 1.678146421909332275e-02 3.504084825515747070e+00 1.678146421909332275e-02 6.683389097452163696e-02 1.739702373743057251e-02
8.300000000000000000e+02 1.219055615365505219e-03 1.666194945573806763e-02 3.488664388656616211e+00 1.666194945573806763e-02 6.661607325077056885e-02 1.728380843997001648e-02
8.400000000000000000e+02 1.180388382636010647e-03 1.655351929366588593e-02 3.454200744628906250e+00 1.655351929366588593e-02 6.640939414501190186e-02 1.717672869563102722e-02
8.500000000000000000e+02 1.167334383353590965e-03 1.644311845302581787e-02 3.423587560653686523e+00 1.644311845302581787e-02 6.620155274868011475e-02 1.706937886774539948e-02
8.600000000000000000e+02 1.153648947365581989e-03 1.632840000092983246e-02 3.399278640747070312e+00 1.632840000092983246e-02 6.598715484142303467e-02 1.695899665355682373e-02
8.700000000000000000e+02 1.322817523032426834e-03 1.621074415743350983e-02 3.384305715560913086e+00 1.621074415743350983e-02 6.577190011739730835e-02 1.684853620827198029e-02
8.800000000000000000e+02 1.156249199993908405e-03 1.611186377704143524e-02 3.333300828933715820e+00 1.611186377704143524e-02 6.557327508926391602e-02 1.674692705273628235e-02
8.900000000000000000e+02 1.113240723498165607e-03 1.599326916038990021e-02 3.316218614578247070e+00 1.599326916038990021e-02 6.534969806671142578e-02 1.663292385637760162e-02
9.000000000000000000e+02 1.102251932024955750e-03 1.587877422571182251e-02 3.290365457534790039e+00 1.587877422571182251e-02 6.513015925884246826e-02 1.652135513722896576e-02
9.100000000000000000e+02 1.096545951440930367e-03 1.576149091124534607e-02 3.266998767852783203e+00 1.576149091124534607e-02 6.490576267242431641e-02 1.640770770609378815e-02
9.200000000000000000e+02 1.084970543161034584e-03 1.564446836709976196e-02 3.238607168197631836e+00 1.564446836709976196e-02 6.467980891466140747e-02 1.629366911947727203e-02
9.300000000000000000e+02 1.103457296267151833e-03 1.553316228091716766e-02 3.204316377639770508e+00 1.553316228091716766e-02 6.446305662393569946e-02 1.618464291095733643e-02
9.400000000000000000e+02 1.077531487680971622e-03 1.541265100240707397e-02 3.181143283843994141e+00 1.541265100240707397e-02 6.422972679138183594e-02 1.606769114732742310e-02
9.500000000000000000e+02 1.063744188286364079e-03 1.528713293373584747e-02 3.163654565811157227e+00 1.528713293373584747e-02 6.398577243089675903e-02 1.594587042927742004e-02
9.600000000000000000e+02 1.062904135324060917e-03 1.516484562307596207e-02 3.139828681945800781e+00 1.516484562307596207e-02 6.374823302030563354e-02 1.582769863307476044e-02
9.700000000000000000e+02 1.040647737681865692e-03 1.504281442612409592e-02 3.111940383911132812e+00 1.504281442612409592e-02 6.350725889205932617e-02 1.570826210081577301e-02
9.800000000000000000e+02 1.032987725920975208e-03 1.491810288280248642e-02 3.084239482879638672e+00 1.491810288280248642e-02 6.325919926166534424e-02 1.558578480035066605e-02
9.900000000000000000e+02 1.280876109376549721e-03 1.480233669281005859e-02 3.042107582092285156e+00 1.480233669281005859e-02 6.302218884229660034e-02 1.546921860426664352e-02
1.000000000000000000e+03 1.342760049737989902e-03 1.465880963951349258e-02 3.048820495605468750e+00 1.465880963951349258e-02 6.276129931211471558e-02 1.534141041338443756e-02
1.010000000000000000e+03 1.126998104155063629e-03 1.453674677759408951e-02 3.022164106369018555e+00 1.453674677759408951e-02 6.250961869955062866e-02 1.521861646324396133e-02
1.020000000000000000e+03 1.061969902366399765e-03 1.440349780023097992e-02 2.999567985534667969e+00 1.440349780023097992e-02 6.223125383257865906e-02 1.508337352424860001e-02
1.030000000000000000e+03 1.028234721161425114e-03 1.427018083631992340e-02 2.970014810562133789e+00 1.427018083631992340e-02 6.196274235844612122e-02 1.495349593460559845e-02
1.040000000000000000e+03 1.011891639791429043e-03 1.413358375430107117e-02 2.941978693008422852e+00 1.413358375430107117e-02 6.168845668435096741e-02 1.482139993458986282e-02
1.050000000000000000e+03 9.948480874300003052e-04 1.399369537830352783e-02 2.913033008575439453e+00 1.399369537830352783e-02 6.140140444040298462e-02 1.468378491699695587e-02
1.060000000000000000e+03 9.842484723776578903e-04 1.385399699211120605e-02 2.881125688552856445e+00 1.385399699211120605e-02 6.111442297697067261e-02 1.454684697091579437e-02
1.070000000000000000e+03 9.793374920263886452e-04 1.370780449360609055e-02 2.857172012329101562e+00 1.370780449360609055e-02 6.081284582614898682e-02 1.440363377332687378e-02
1.080000000000000000e+03 9.774840436875820160e-04 1.355899497866630554e-02 2.831606149673461914e+00 1.355899497866630554e-02 6.050676479935646057e-02 1.425900589674711227e-02
1.090000000000000000e+03 9.766848525032401085e-04 1.341062970459461212e-02 2.801190137863159180e+00 1.341062970459461212e-02 6.019462645053863525e-02 1.411226857453584671e-02
1.100000000000000000e+03 9.690379956737160683e-04 1.325562503188848495e-02 2.776993036270141602e+00 1.325562503188848495e-02 5.987501889467239380e-02 1.396280527114868164e-02
1.110000000000000000e+03 9.681980009190738201e-04 1.309828739613294601e-02 2.750150680541992188e+00 1.309828739613294601e-02 5.954065546393394470e-02 1.380729675292968750e-02
1.120000000000000000e+03 9.708579163998365402e-04 1.293981168419122696e-02 2.723195075988769531e+00 1.293981168419122696e-02 5.920740962028503418e-02 1.365317311137914658e-02
1.130000000000000000e+03 1.275062910281121731e-03 1.277152728289365768e-02 2.712022542953491211e+00 1.277152728289365768e-02 5.886432155966758728e-02 1.349539589136838913e-02
1.140000000000000000e+03 1.082552829757332802e-03 1.263127941638231277e-02 2.643522739410400391e+00 1.263127941638231277e-02 5.853556096553802490e-02 1.334507390856742859e-02
1.150000000000000000e+03 1.029764069244265556e-03 1.244792714715003967e-02 2.645342588424682617e+00 1.244792714715003967e-02 5.815418809652328491e-02 1.317174825817346573e-02
1.160000000000000000e+03 9.474077960476279259e-04 1.228578947484493256e-02 2.605920553207397461e+00 1.228578947484493256e-02 5.779577791690826416e-02 1.300989091396331787e-02
1.170000000000000000e+03 9.446503827348351479e-04 1.211347244679927826e-02 2.578508615493774414e+00 1.211347244679927826e-02 5.742002651095390320e-02 1.284127589315176010e-02
1.180000000000000000e+03 9.437043918296694756e-04 1.194002758711576462e-02 2.547682523727416992e+00 1.194002758711576462e-02 5.703854188323020935e-02 1.267121452838182449e-02
1.190000000000000000e+03 9.451673249714076519e-04 1.175933890044689178e-02 2.519876718521118164e+00 1.175933890044689178e-02 5.664101988077163696e-02 1.249520760029554367e-02
1.200000000000000000e+03 9.485596092417836189e-04 1.157817523926496506e-02 2.490722656250000000e+00 1.157817523926496506e-02 5.623553320765495300e-02 1.231694500893354416e-02
1.210000000000000000e+03 1.131408615037798882e-03 1.138865482062101364e-02 2.473734855651855469e+00 1.138865482062101364e-02 5.581951513886451721e-02 1.213538274168968201e-02
1.220000000000000000e+03 9.413186926394701004e-04 1.121408957988023758e-02 2.424888372421264648e+00 1.121408957988023758e-02 5.540888756513595581e-02 1.195749733597040176e-02
1.230000000000000000e+03 9.478742722421884537e-04 1.103338878601789474e-02 2.393604278564453125e+00 1.103338878601789474e-02 5.499472469091415405e-02 1.177940703928470612e-02
1.240000000000000000e+03 9.432719089090824127e-04 1.084202993661165237e-02 2.369588613510131836e+00 1.084202993661165237e-02 5.455280467867851257e-02 1.159085612744092941e-02
1.250000000000000000e+03 9.447347256354987621e-04 1.065459661185741425e-02 2.339035511016845703e+00 1.065459661185741425e-02 5.411757528781890869e-02 1.140664797276258469e-02
1.260000000000000000e+03 9.684118558652698994e-04 1.046166755259037018e-02 2.313752412796020508e+00 1.046166755259037018e-02 5.366860330104827881e-02 1.121816877275705338e-02
1.270000000000000000e+03 1.204415922984480858e-03 1.026624906808137894e-02 2.296561956405639648e+00 1.026624906808137894e-02 5.321639403700828552e-02 1.102991867810487747e-02
1.280000000000000000e+03 1.005204045213758945e-03 1.009723637253046036e-02 2.233798980712890625e+00 1.009723637253046036e-02 5.278614535927772522e-02 1.085228659212589264e-02
1.290000000000000000e+03 9.861986618489027023e-04 9.903805330395698547e-03 2.227385997772216797e+00 9.903805330395698547e-03 5.233452096581459045e-02 1.066738460212945938e-02
1.300000000000000000e+03 9.690544684417545795e-04 9.713948704302310944e-03 2.201366186141967773e+00 9.713948704302310944e-03 5.186467990279197693e-02 1.047670468688011169e-02
1.310000000000000000e+03 9.970058454200625420e-04 9.537008590996265411e-03 2.162570476531982422e+00 9.537008590996265411e-03 5.142420902848243713e-02 1.029951218515634537e-02
1.320000000000000000e+03 9.927753126248717308e-04 9.344060905277729034e-03 2.150013446807861328e+00 9.344060905277729034e-03 5.095571279525756836e-02 1.011270191520452499e-02
1.330000000000000000e+03 9.820391424000263214e-04 9.160776622593402863e-03 2.120398521423339844e+00 9.160776622593402863e-03 5.049039795994758606e-02 9.928849525749683380e-03
1.340000000000000000e+03 9.799737017601728439e-04 8.980541490018367767e-03 2.090179204940795898e+00 8.980541490018367767e-03 5.002948641777038574e-02 9.748403914272785187e-03
1.350000000000000000e+03 9.912070818245410919e-04 8.808144368231296539e-03 2.060060501098632812e+00 8.808144368231296539e-03 4.958694800734519958e-02 9.576705284416675568e-03
1.360000000000000000e+03 1.006100093945860863e-03 8.635998703539371490e-03 2.033075094223022461e+00 8.635998703539371490e-03 4.914342612028121948e-02 9.406156837940216064e-03
1.370000000000000000e+03 1.002518692985177040e-03 8.456411771476268768e-03 2.021957159042358398e+00 8.456411771476268768e-03 4.867720603942871094e-02 9.228534996509552002e-03
1.380000000000000000e+03 9.983157506212592125e-04 8.286684751510620117e-03 1.998827695846557617e+00 8.286684751510620117e-03 4.822547733783721924e-02 9.058044292032718658e-03
1.390000000000000000e+03 9.999534813687205315e-04 8.125530555844306946e-03 1.967482924461364746e+00 8.125530555844306946e-03 4.778698831796646118e-02 8.894072845578193665e-03
1.400000000000000000e+03 9.917265269905328751e-04 7.963912561535835266e-03 1.948442220687866211e+00 7.963912561535835266e-03 4.735009372234344482e-02 8.732188493013381958e-03
1.410000000000000000e+03 2.459955867379903793e-03 7.851063273847103119e-03 1.885934352874755859e+00 7.851063273847103119e-03 4.703965038061141968e-02 8.618063293397426605e-03
1.420000000000000000e+03 1.231134403496980667e-03 7.694657891988754272e-03 1.889902830123901367e+00 7.694657891988754272e-03 4.659309610724449158e-02 8.455211296677589417e-03
1.430000000000000000e+03 9.968556696549057961e-04 7.526376750320196152e-03 1.921699404716491699e+00 7.526376750320196152e-03 4.614311456680297852e-02 8.292686194181442261e-03
1.440000000000000000e+03 9.787338785827159882e-04 7.382582407444715500e-03 1.913493037223815918e+00 7.382582407444715500e-03 4.574776813387870789e-02 8.151195012032985687e-03
1.450000000000000000e+03 9.433773229829967022e-04 7.237730547785758972e-03 1.901134610176086426e+00 7.237730547785758972e-03 4.533419758081436157e-02 8.004481904208660126e-03
1.460000000000000000e+03 9.360996191389858723e-04 7.097837980836629868e-03 1.890352010726928711e+00 7.097837980836629868e-03 4.493318498134613037e-02 7.863497361540794373e-03
1.470000000000000000e+03 9.277454228140413761e-04 6.961621809750795364e-03 1.873652577400207520e+00 6.961621809750795364e-03 4.453184828162193298e-02 7.723653689026832581e-03
1.480000000000000000e+03 9.252867894247174263e-04 6.827875040471553802e-03 1.859739422798156738e+00 6.827875040471553802e-03 4.414253309369087219e-02 7.589198648929595947e-03
1.490000000000000000e+03 9.123271447606384754e-04 6.697846576571464539e-03 1.843188762664794922e+00 6.697846576571464539e-03 4.375490173697471619e-02 7.456495892256498337e-03
1.500000000000000000e+03 9.049177751876413822e-04 6.574703380465507507e-03 1.832859158515930176e+00 6.574703380465507507e-03 4.338889569044113159e-02 7.332271430641412735e-03
1.510000000000000000e+03 8.924996946007013321e-04 6.456532515585422516e-03 1.817525386810302734e+00 6.456532515585422516e-03 4.302746802568435669e-02 7.210626266896724701e-03
1.520000000000000000e+03 9.146269876509904861e-04 6.336008198559284210e-03 1.815063953399658203e+00 6.336008198559284210e-03 4.266427457332611084e-02 7.089410442858934402e-03
1.530000000000000000e+03 1.963734161108732224e-03 6.240142975002527237e-03 1.846774935722351074e+00 6.240142975002527237e-03 4.243778809905052185e-02 7.014340721070766449e-03
1.540000000000000000e+03 1.074366737157106400e-03 6.141874007880687714e-03 1.816246747970581055e+00 6.141874007880687714e-03 4.208282381296157837e-02 6.897490471601486206e-03
1.550000000000000000e+03 8.315759478136897087e-04 6.048467010259628296e-03 1.804619193077087402e+00 6.048467010259628296e-03 4.176857322454452515e-02 6.794862449169158936e-03
1.560000000000000000e+03 8.235296700149774551e-04 5.944613832980394363e-03 1.804559111595153809e+00 5.944613832980394363e-03 4.143539443612098694e-02 6.686892826110124588e-03
1.570000000000000000e+03 8.241022587753832340e-04 5.840721540153026581e-03 1.817461133003234863e+00 5.840721540153026581e-03 4.110419377684593201e-02 6.580420769751071930e-03
1.580000000000000000e+03 8.120829006657004356e-04 5.745352711528539658e-03 1.816072225570678711e+00 5.745352711528539658e-03 4.078526794910430908e-02 6.478703115135431290e-03
1.590000000000000000e+03 8.371750591322779655e-04 5.658155772835016251e-03 1.798124551773071289e+00 5.658155772835016251e-03 4.048508033156394958e-02 6.383684463798999786e-03
1.600000000000000000e+03 7.957516936585307121e-04 5.566295702010393143e-03 1.803222060203552246e+00 5.566295702010393143e-03 4.019019380211830139e-02 6.291028112173080444e-03
1.610000000000000000e+03 9.326356230303645134e-04 5.493660923093557358e-03 1.780387759208679199e+00 5.493660923093557358e-03 3.993336483836174011e-02 6.210881285369396210e-03
1.620000000000000000e+03 7.623120327480137348e-04 5.411148536950349808e-03 1.788518548011779785e+00 5.411148536950349808e-03 3.966185823082923889e-02 6.126712542027235031e-03
1.630000000000000000e+03 8.307499811053276062e-04 5.345508921891450882e-03 1.780339479446411133e+00 5.345508921891450882e-03 3.942503035068511963e-02 6.053763907402753830e-03
1.640000000000000000e+03 8.022999390959739685e-04 5.261552985757589340e-03 1.805081367492675781e+00 5.261552985757589340e-03 3.916208073496818542e-02 5.973280407488346100e-03
1.650000000000000000e+03 7.549779838882386684e-04 5.196320824325084686e-03 1.792820334434509277e+00 5.196320824325084686e-03 3.892017900943756104e-02 5.899715237319469452e-03
1.660000000000000000e+03 7.371564279310405254e-04 5.125554278492927551e-03 1.799557328224182129e+00 5.125554278492927551e-03 3.867081925272941589e-02 5.824359599500894547e-03
1.670000000000000000e+03 1.075706561096012592e-03 5.072147585451602936e-03 1.780852556228637695e+00 5.072147585451602936e-03 3.846999630331993103e-02 5.764022003859281540e-03
1.680000000000000000e+03 1.049908925779163837e-03 4.993810318410396576e-03 1.825901985168457031e+00 4.993810318410396576e-03 3.821080923080444336e-02 5.686615593731403351e-03
1.690000000000000000e+03 7.106570992618799210e-04 4.949439782649278641e-03 1.816425561904907227e+00 4.949439782649278641e-03 3.803847730159759521e-02 5.635437555611133575e-03
1.700000000000000000e+03 6.780520197935402393e-04 4.892941098660230637e-03 1.820513606071472168e+00 4.892941098660230637e-03 3.784681111574172974e-02 5.578789394348859787e-03
1.710000000000000000e+03 6.717746728099882603e-04 4.836342297494411469e-03 1.828267335891723633e+00 4.836342297494411469e-03 3.764606639742851257e-02 5.519764963537454605e-03
1.720000000000000000e+03 6.699517834931612015e-04 4.778780043125152588e-03 1.833127379417419434e+00 4.778780043125152588e-03 3.743045032024383545e-02 5.456717219203710556e-03
1.730000000000000000e+03 6.537031149491667747e-04 4.725553561002016068e-03 1.835045456886291504e+00 4.725553561002016068e-03 3.724025562405586243e-02 5.401404574513435364e-03
1.740000000000000000e+03 6.998017779551446438e-04 4.674509167671203613e-03 1.823423027992248535e+00 4.674509167671203613e-03 3.704049438238143921e-02 5.343612749129533768e-03
1.750000000000000000e+03 1.039552967995405197e-03 4.681624472141265869e-03 1.806005597114562988e+00 4.681624472141265869e-03 3.714659065008163452e-02 5.374268162995576859e-03
1.760000000000000000e+03 9.186031529679894447e-04 4.639653954654932022e-03 1.874254703521728516e+00 4.639653954654932022e-03 3.697807341814041138e-02 5.325616803020238876e-03
1.770000000000000000e+03 7.239780970849096775e-04 4.590732976794242859e-03 1.847477793693542480e+00 4.590732976794242859e-03 3.676015138626098633e-02 5.263032391667366028e-03
1.780000000000000000e+03 6.474915426224470139e-04 4.527194891124963760e-03 1.897597193717956543e+00 4.527194891124963760e-03 3.652947768568992615e-02 5.197186022996902466e-03
1.790000000000000000e+03 6.000370485708117485e-04 4.477312322705984116e-03 1.913427472114562988e+00 4.477312322705984116e-03 3.630995005369186401e-02 5.134908016771078110e-03
1.800000000000000000e+03 6.066267960704863071e-04 4.431898240000009537e-03 1.909270286560058594e+00 4.431898240000009537e-03 3.611996769905090332e-02 5.081314593553543091e-03
1.810000000000000000e+03 5.889270687475800514e-04 4.387648776173591614e-03 1.899212598800659180e+00 4.387648776173591614e-03 3.595831990242004395e-02 5.035935435444116592e-03
1.820000000000000000e+03 6.021032459102571011e-04 4.342308267951011658e-03 1.897334218025207520e+00 4.342308267951011658e-03 3.579488396644592285e-02 4.990262445062398911e-03
1.830000000000000000e+03 6.203470402397215366e-04 4.307493567466735840e-03 1.870955705642700195e+00 4.307493567466735840e-03 3.565450012683868408e-02 4.951195325702428818e-03
1.840000000000000000e+03 5.862113321200013161e-04 4.262374248355627060e-03 1.873167634010314941e+00 4.262374248355627060e-03 3.548419475555419922e-02 4.904009401798248291e-03
1.850000000000000000e+03 5.689549725502729416e-04 4.227348603308200836e-03 1.858785748481750488e+00 4.227348603308200836e-03 3.535394743084907532e-02 4.868074785917997360e-03
1.860000000000000000e+03 1.007067738100886345e-03 4.187813960015773773e-03 1.872961163520812988e+00 4.187813960015773773e-03 3.522545099258422852e-02 4.832752980291843414e-03
1.870000000000000000e+03 9.476182749494910240e-04 4.198534879833459854e-03 1.803579449653625488e+00 4.198534879833459854e-03 3.519007191061973572e-02 4.823050461709499359e-03
1.880000000000000000e+03 6.997695891186594963e-04 4.157349932938814163e-03 1.824224352836608887e+00 4.157349932938814163e-03 3.504399582743644714e-02 4.783090669661760330e-03
1.890000000000000000e+03 5.766452522948384285e-04 4.121247213333845139e-03 1.827557802200317383e+00 4.121247213333845139e-03 3.494173288345336914e-02 4.755216185003519058e-03
1.900000000000000000e+03 5.829715519212186337e-04 4.085731226950883865e-03 1.838988542556762695e+00 4.085731226950883865e-03 3.479478508234024048e-02 4.715304821729660034e-03
1.910000000000000000e+03 5.231396644376218319e-04 4.050572402775287628e-03 1.847977757453918457e+00 4.050572402775287628e-03 3.465842828154563904e-02 4.678420256823301315e-03
1.920000000000000000e+03 5.129285855218768120e-04 4.015322774648666382e-03 1.844415783882141113e+00 4.015322774648666382e-03 3.452636674046516418e-02 4.642833489924669266e-03
1.930000000000000000e+03 5.083520081825554371e-04 3.984131850302219391e-03 1.829386830329895020e+00 3.984131850302219391e-03 3.439342230558395386e-02 4.607148934155702591e-03
1.940000000000000000e+03 1.960203517228364944e-03 3.986603580415248871e-03 1.772227168083190918e+00 3.986603580415248871e-03 3.440226241946220398e-02 4.609516821801662445e-03
1.950000000000000000e+03 5.871521425433456898e-04 3.956426400691270828e-03 1.803389072418212891e+00 3.956426400691270828e-03 3.429425880312919617e-02 4.580618813633918762e-03
1.960000000000000000e+03 5.674848798662424088e-04 3.929073922336101532e-03 1.802876710891723633e+00 3.929073922336101532e-03 3.420119360089302063e-02 4.555792082101106644e-03
1.970000000000000000e+03 5.220726598054170609e-04 3.897292073816061020e-03 1.802450060844421387e+00 3.897292073816061020e-03 3.407436609268188477e-02 4.522066097706556320e-03
1.980000000000000000e+03 4.801357281394302845e-04 3.863730700686573982e-03 1.816759824752807617e+00 3.863730700686573982e-03 3.392265364527702332e-02 4.481888841837644577e-03
1.990000000000000000e+03 4.713888629339635372e-04 3.831209847703576088e-03 1.819687008857727051e+00 3.831209847703576088e-03 3.378383815288543701e-02 4.445282742381095886e-03
2.000000000000000000e+03 4.663114086724817753e-04 3.802338615059852600e-03 1.803130745887756348e+00 3.802338615059852600e-03 3.366786986589431763e-02 4.414816386997699738e-03
2.010000000000000000e+03 5.434086197055876255e-04 3.779419232159852982e-03 1.781640768051147461e+00 3.779419232159852982e-03 3.357194736599922180e-02 4.389695823192596436e-03
2.020000000000000000e+03 1.935074338689446449e-03 3.777084639295935631e-03 1.822418093681335449e+00 3.777084639295935631e-03 3.364429250359535217e-02 4.408635199069976807e-03
2.030000000000000000e+03 1.020918367430567741e-03 3.820491489022970200e-03 1.794344425201416016e+00 3.820491489022970200e-03 3.366995602846145630e-02 4.415364004671573639e-03
2.040000000000000000e+03 4.483248048927634954e-04 3.777485573664307594e-03 1.815807104110717773e+00 3.777485573664307594e-03 3.357963263988494873e-02 4.391705617308616638e-03
2.050000000000000000e+03 5.369649734348058701e-04 3.738687140867114067e-03 1.882571697235107422e+00 3.738687140867114067e-03 3.342971205711364746e-02 4.352578893303871155e-03
2.060000000000000000e+03 4.827927623409777880e-04 3.716189647093415260e-03 1.888797760009765625e+00 3.716189647093415260e-03 3.330036997795104980e-02 4.318962804973125458e-03
2.070000000000000000e+03 4.400664183776825666e-04 3.676856169477105141e-03 1.902598142623901367e+00 3.676856169477105141e-03 3.316242247819900513e-02 4.283254500478506088e-03
2.080000000000000000e+03 4.182131669949740171e-04 3.648840123787522316e-03 1.884550094604492188e+00 3.648840123787522316e-03 3.304307162761688232e-02 4.252479411661624908e-03
2.090000000000000000e+03 4.145088023506104946e-04 3.621375653892755508e-03 1.868056178092956543e+00 3.621375653892755508e-03 3.293204680085182190e-02 4.223950672894716263e-03
2.100000000000000000e+03 4.125183040741831064e-04 3.594183130189776421e-03 1.848502278327941895e+00 3.594183130189776421e-03 3.281497210264205933e-02 4.193971864879131317e-03
2.110000000000000000e+03 4.092653398402035236e-04 3.569271881133317947e-03 1.830038428306579590e+00 3.569271881133317947e-03 3.271301090717315674e-02 4.167949780821800232e-03
2.120000000000000000e+03 4.237628891132771969e-04 3.543284488841891289e-03 1.821221113204956055e+00 3.543284488841891289e-03 3.260717168450355530e-02 4.141022451221942902e-03
2.130000000000000000e+03 6.682747625745832920e-04 3.518155775964260101e-03 1.818183660507202148e+00 3.518155775964260101e-03 3.251466527581214905e-02 4.117560572922229767e-03
2.140000000000000000e+03 4.544026160147041082e-04 3.513845149427652359e-03 1.778671383857727051e+00 3.513845149427652359e-03 3.248034790158271790e-02 4.108872264623641968e-03
2.150000000000000000e+03 4.641350824385881424e-04 3.487109672278165817e-03 1.787927985191345215e+00 3.487109672278165817e-03 3.238399326801300049e-02 4.084530752152204514e-03
2.160000000000000000e+03 4.454603767953813076e-04 3.473950084298849106e-03 1.756729722023010254e+00 3.473950084298849106e-03 3.233463317155838013e-02 4.072089213877916336e-03
2.170000000000000000e+03 4.053005250170826912e-04 3.451578551903367043e-03 1.757675766944885254e+00 3.451578551903367043e-03 3.223163634538650513e-02 4.046188201755285263e-03
2.180000000000000000e+03 4.449049883987754583e-04 3.426513867452740669e-03 1.768943548202514648e+00 3.426513867452740669e-03 3.214086964726448059e-02 4.023432265967130661e-03
2.190000000000000000e+03 1.837420859374105930e-03 3.416493767872452736e-03 1.798056483268737793e+00 3.416493767872452736e-03 3.215789049863815308e-02 4.027694463729858398e-03
2.200000000000000000e+03 5.534400697797536850e-04 3.418728709220886230e-03 1.797311067581176758e+00 3.418728709220886230e-03 3.216119483113288879e-02 4.028521943837404251e-03
2.210000000000000000e+03 4.701574798673391342e-04 3.402647096663713455e-03 1.778561711311340332e+00 3.402647096663713455e-03 3.209343180060386658e-02 4.011563491076231003e-03
2.220000000000000000e+03 3.690040030051022768e-04 3.378023393452167511e-03 1.774365901947021484e+00 3.378023393452167511e-03 3.196101263165473938e-02 3.978528548032045364e-03
2.230000000000000000e+03 3.664501709863543510e-04 3.354773623868823051e-03 1.787051916122436523e+00 3.354773623868823051e-03 3.183337301015853882e-02 3.946814686059951782e-03
2.240000000000000000e+03 3.541662008501589298e-04 3.333264496177434921e-03 1.782732129096984863e+00 3.333264496177434921e-03 3.174229338765144348e-02 3.924261778593063354e-03
2.250000000000000000e+03 3.503102634567767382e-04 3.311224514618515968e-03 1.774443864822387695e+00 3.311224514618515968e-03 3.165164217352867126e-02 3.901880467310547829e-03
2.260000000000000000e+03 3.939857415389269590e-04 3.293212968856096268e-03 1.761354804039001465e+00 3.293212968856096268e-03 3.157431259751319885e-02 3.882836783304810524e-03
2.270000000000000000e+03 2.568975323811173439e-03 3.340937895700335503e-03 1.707600831985473633e+00 3.340937895700335503e-03 3.187268599867820740e-02 3.956568427383899689e-03
2.280000000000000000e+03 8.655522251501679420e-04 3.320281393826007843e-03 1.881639480590820312e+00 3.320281393826007843e-03 3.177913278341293335e-02 3.933376166969537735e-03
2.290000000000000000e+03 5.920914118178188801e-04 3.309990046545863152e-03 1.778763294219970703e+00 3.309990046545863152e-03 3.168295696377754211e-02 3.909605089575052261e-03
2.300000000000000000e+03 4.204529686830937862e-04 3.269243054091930389e-03 1.861782073974609375e+00 3.269243054091930389e-03 3.148984909057617188e-02 3.862091805785894394e-03
2.310000000000000000e+03 3.612042928580194712e-04 3.252472495660185814e-03 1.868491888046264648e+00 3.252472495660185814e-03 3.139748424291610718e-02 3.839468350633978844e-03
2.320000000000000000e+03 3.357257810421288013e-04 3.226515604183077812e-03 1.872098088264465332e+00 3.226515604183077812e-03 3.130240738391876221e-02 3.816249547526240349e-03
2.330000000000000000e+03 3.272688481956720352e-04 3.202010411769151688e-03 1.870035529136657715e+00 3.202010411769151688e-03 3.118858300149440765e-02 3.788546659052371979e-03
2.340000000000000000e+03 3.265093837399035692e-04 3.180024214088916779e-03 1.858594179153442383e+00 3.180024214088916779e-03 3.109133802354335785e-02 3.764959052205085754e-03
2.350000000000000000e+03 3.207197005394846201e-04 3.159536048769950867e-03 1.842992424964904785e+00 3.159536048769950867e-03 3.100567869842052460e-02 3.744241548702120781e-03
2.360000000000000000e+03 3.219770442228764296e-04 3.138733562082052231e-03 1.838871359825134277e+00 3.138733562082052231e-03 3.092431277036666870e-02 3.724615555256605148e-03
2.370000000000000000e+03 8.048450108617544174e-04 3.121113637462258339e-03 1.854912161827087402e+00 3.121113637462258339e-03 3.087553940713405609e-02 3.712876932695508003e-03
2.380000000000000000e+03 5.757699254900217056e-04 3.123476635664701462e-03 1.817617893218994141e+00 3.123476635664701462e-03 3.085641376674175262e-02 3.708278061822056770e-03
2.390000000000000000e+03 3.788931935559958220e-04 3.100185189396142960e-03 1.830522298812866211e+00 3.100185189396142960e-03 3.078991547226905823e-02 3.692312166094779968e-03
2.400000000000000000e+03 3.149005642626434565e-04 3.086922224611043930e-03 1.811103820800781250e+00 3.086922224611043930e-03 3.072678670287132263e-02 3.677186788991093636e-03
2.410000000000000000e+03 3.320632094983011484e-04 3.064866643399000168e-03 1.829371094703674316e+00 3.064866643399000168e-03 3.061101026833057404e-02 3.649528138339519501e-03
2.420000000000000000e+03 1.691632554866373539e-03 3.057759022340178490e-03 1.868564009666442871e+00 3.057759022340178490e-03 3.064124099910259247e-02 3.656740300357341766e-03
2.430000000000000000e+03 3.803008585236966610e-04 3.059297334402799606e-03 1.892653107643127441e+00 3.059297334402799606e-03 3.065019287168979645e-02 3.658876987174153328e-03
2.440000000000000000e+03 3.887356433551758528e-04 3.042951226234436035e-03 1.863156795501708984e+00 3.042951226234436035e-03 3.056141734123229980e-02 3.637712681666016579e-03
2.450000000000000000e+03 3.264152037445455790e-04 3.022881923243403435e-03 1.867467403411865234e+00 3.022881923243403435e-03 3.043910115957260132e-02 3.608652390539646149e-03
2.460000000000000000e+03 2.825639676302671432e-04 3.006053389981389046e-03 1.876646876335144043e+00 3.006053389981389046e-03 3.035914897918701172e-02 3.589719766750931740e-03
2.470000000000000000e+03 2.878274244721978903e-04 2.988911233842372894e-03 1.872097015380859375e+00 2.988911233842372894e-03 3.029583394527435303e-02 3.574762260541319847e-03
2.480000000000000000e+03 3.073956759180873632e-04 2.967486623674631119e-03 1.884628057479858398e+00 2.967486623674631119e-03 3.019930608570575714e-02 3.552019596099853516e-03
2.490000000000000000e+03 2.284497022628784180e-03 2.982682548463344574e-03 1.943228840827941895e+00 2.982682548463344574e-03 3.037387877702713013e-02 3.593204310163855553e-03
2.500000000000000000e+03 2.994069072883576155e-04 2.981573110446333885e-03 1.980921268463134766e+00 2.981573110446333885e-03 3.031081892549991608e-02 3.578299889340996742e-03
