# step, loss_train, loss_test, metrics_test
0.000000000000000000e+00 5.214843750000000000e+00 1.853414416313171387e+00 3.779918193817138672e+00 5.214843750000000000e+00 1.853414416313171387e+00 3.779918193817138672e+00 1.037001967430114746e+00 1.961335539817810059e+00
1.000000000000000000e+01 2.166015625000000000e+00 1.820029616355895996e+00 2.671901226043701172e+00 2.166015625000000000e+00 1.820029616355895996e+00 2.671901226043701172e+00 8.647496700286865234e-01 1.363871574401855469e+00
2.000000000000000000e+01 7.509765625000000000e-01 1.834869980812072754e+00 2.481076002120971680e+00 7.509765625000000000e-01 1.834869980812072754e+00 2.481076002120971680e+00 8.383946418762207031e-01 1.282005071640014648e+00
3.000000000000000000e+01 4.924316406250000000e-01 1.836894750595092773e+00 2.354921102523803711e+00 4.924316406250000000e-01 1.836894750595092773e+00 2.354921102523803711e+00 8.295420408248901367e-01 1.255074501037597656e+00
4.000000000000000000e+01 4.750976562500000000e-01 1.894533753395080566e+00 1.967714905738830566e+00 4.750976562500000000e-01 1.894533753395080566e+00 1.967714905738830566e+00 7.774345278739929199e-01 1.102352023124694824e+00
5.000000000000000000e+01 3.618164062500000000e-01 1.913329839706420898e+00 1.702384710311889648e+00 3.618164062500000000e-01 1.913329839706420898e+00 1.702384710311889648e+00 7.303395867347717285e-01 9.728420972824096680e-01
6.000000000000000000e+01 2.934570312500000000e-01 1.960606217384338379e+00 1.428776144981384277e+00 2.934570312500000000e-01 1.960606217384338379e+00 1.428776144981384277e+00 6.853293180465698242e-01 8.566260933876037598e-01
7.000000000000000000e+01 2.412109375000000000e-01 2.011756181716918945e+00 1.187057256698608398e+00 2.412109375000000000e-01 2.011756181716918945e+00 1.187057256698608398e+00 6.423493623733520508e-01 7.525500655174255371e-01
8.000000000000000000e+01 2.122802734375000000e-01 2.062342882156372070e+00 9.761512875556945801e-01 2.122802734375000000e-01 2.062342882156372070e+00 9.761512875556945801e-01 5.991056561470031738e-01 6.546354293823242188e-01
9.000000000000000000e+01 1.944580078125000000e-01 2.112759590148925781e+00 7.986958622932434082e-01 1.944580078125000000e-01 2.112759590148925781e+00 7.986958622932434082e-01 5.586810708045959473e-01 5.692731142044067383e-01
1.000000000000000000e+02 1.785888671875000000e-01 2.147469997406005859e+00 6.672240495681762695e-01 1.785888671875000000e-01 2.147469997406005859e+00 6.672240495681762695e-01 5.286433696746826172e-01 5.097042322158813477e-01
1.100000000000000000e+02 1.640625000000000000e-01 2.157561779022216797e+00 5.764277577400207520e-01 1.640625000000000000e-01 2.157561779022216797e+00 5.764277577400207520e-01 5.090755224227905273e-01 4.726690053939819336e-01
1.200000000000000000e+02 1.591796875000000000e-01 2.150131225585937500e+00 5.038942098617553711e-01 1.591796875000000000e-01 2.150131225585937500e+00 5.038942098617553711e-01 4.982140660285949707e-01 4.527147412300109863e-01
1.300000000000000000e+02 1.608886718750000000e-01 2.133390665054321289e+00 4.425548315048217773e-01 1.608886718750000000e-01 2.133390665054321289e+00 4.425548315048217773e-01 4.917157590389251709e-01 4.409821629524230957e-01
1.400000000000000000e+02 1.613769531250000000e-01 2.113705158233642578e+00 3.921898603439331055e-01 1.613769531250000000e-01 2.113705158233642578e+00 3.921898603439331055e-01 4.885028302669525146e-01 4.352380335330963135e-01
1.500000000000000000e+02 1.593017578125000000e-01 2.096189260482788086e+00 3.486236929893493652e-01 1.593017578125000000e-01 2.096189260482788086e+00 3.486236929893493652e-01 4.858275055885314941e-01 4.304839372634887695e-01
1.600000000000000000e+02 1.550292968750000000e-01 2.080158233642578125e+00 3.115789592266082764e-01 1.550292968750000000e-01 2.080158233642578125e+00 3.115789592266082764e-01 4.839686751365661621e-01 4.271961152553558350e-01
1.700000000000000000e+02 1.473388671875000000e-01 2.057586669921875000e+00 2.910462915897369385e-01 1.473388671875000000e-01 2.057586669921875000e+00 2.910462915897369385e-01 4.877080619335174561e-01 4.338230192661285400e-01
1.800000000000000000e+02 1.457519531250000000e-01 2.037828445434570312e+00 2.799927890300750732e-01 1.457519531250000000e-01 2.037828445434570312e+00 2.799927890300750732e-01 4.922335147857666016e-01 4.419112801551818848e-01
1.900000000000000000e+02 1.384277343750000000e-01 2.041396379470825195e+00 2.385453581809997559e-01 1.384277343750000000e-01 2.041396379470825195e+00 2.385453581809997559e-01 4.833948612213134766e-01 4.261835813522338867e-01
2.000000000000000000e+02 1.345214843750000000e-01 2.026160955429077148e+00 2.274431288242340088e-01 1.345214843750000000e-01 2.026160955429077148e+00 2.274431288242340088e-01 4.849946200847625732e-01 4.290092289447784424e-01
2.100000000000000000e+02 1.343994140625000000e-01 2.018425226211547852e+00 2.092678248882293701e-01 1.343994140625000000e-01 2.018425226211547852e+00 2.092678248882293701e-01 4.825347661972045898e-01 4.246684312820434570e-01
2.200000000000000000e+02 1.290283203125000000e-01 2.005900621414184570e+00 2.009419798851013184e-01 1.290283203125000000e-01 2.005900621414184570e+00 2.009419798851013184e-01 4.825534224510192871e-01 4.247012436389923096e-01
2.300000000000000000e+02 1.394042968750000000e-01 2.005455017089843750e+00 1.800542026758193970e-01 1.394042968750000000e-01 2.005455017089843750e+00 1.800542026758193970e-01 4.775005280971527100e-01 4.158535599708557129e-01
2.400000000000000000e+02 1.193237304687500000e-01 1.983404636383056641e+00 1.890815347433090210e-01 1.193237304687500000e-01 1.983404636383056641e+00 1.890815347433090210e-01 4.827271103858947754e-01 4.250070154666900635e-01
2.500000000000000000e+02 1.157836914062500000e-01 1.974420785903930664e+00 1.814396530389785767e-01 1.157836914062500000e-01 1.974420785903930664e+00 1.814396530389785767e-01 4.818633794784545898e-01 4.234874546527862549e-01
2.500000000000000000e+02 1.054077148437500000e-01 1.974420785903930664e+00 1.814396530389785767e-01 1.157836914062500000e-01 1.974420785903930664e+00 1.814396530389785767e-01 4.818633794784545898e-01 4.234874546527862549e-01
2.600000000000000000e+02 9.160156250000000000e-01 2.024666070938110352e+00 1.817404329776763916e-01 5.649414062500000000e-01 2.024666070938110352e+00 1.817404329776763916e-01 4.917246699333190918e-01 4.409980773925781250e-01
2.700000000000000000e+02 1.073608398437500000e-01 1.946953892707824707e+00 2.493651211261749268e-01 1.279296875000000000e-01 1.946953892707824707e+00 2.493651211261749268e-01 5.288529992103576660e-01 5.101086497306823730e-01
2.800000000000000000e+02 1.536865234375000000e-01 1.964920163154602051e+00 2.145959585905075073e-01 1.850585937500000000e-01 1.964920163154602051e+00 2.145959585905075073e-01 5.023852586746215820e-01 4.603269696235656738e-01
2.900000000000000000e+02 1.048583984375000000e-01 1.962215065956115723e+00 2.068591564893722534e-01 1.405029296875000000e-01 1.962215065956115723e+00 2.068591564893722534e-01 5.062398314476013184e-01 4.674179255962371826e-01
3.000000000000000000e+02 9.735107421875000000e-02 1.976289153099060059e+00 1.837961822748184204e-01 1.339111328125000000e-01 1.976289153099060059e+00 1.837961822748184204e-01 4.979602694511413574e-01 4.522536695003509521e-01
3.100000000000000000e+02 9.350585937500000000e-02 1.975252628326416016e+00 1.792390793561935425e-01 1.287841796875000000e-01 1.975252628326416016e+00 1.792390793561935425e-01 4.964612722396850586e-01 4.495349824428558350e-01
3.200000000000000000e+02 8.935546875000000000e-02 1.968257427215576172e+00 1.804898679256439209e-01 1.237182617187500000e-01 1.968257427215576172e+00 1.804898679256439209e-01 4.972945749759674072e-01 4.510452449321746826e-01
3.300000000000000000e+02 8.978271484375000000e-02 1.965865612030029297e+00 1.759585887193679810e-01 1.243286132812500000e-01 1.965865612030029297e+00 1.759585887193679810e-01 4.946173727512359619e-01 4.462019205093383789e-01
3.400000000000000000e+02 9.124755859375000000e-02 1.963325858116149902e+00 1.710725873708724976e-01 1.263427734375000000e-01 1.963325858116149902e+00 1.710725873708724976e-01 4.923729896545410156e-01 4.421617388725280762e-01
3.500000000000000000e+02 9.222412109375000000e-02 1.960962057113647461e+00 1.668783277273178101e-01 1.276855468750000000e-01 1.960962057113647461e+00 1.668783277273178101e-01 4.909179508686065674e-01 4.395522475242614746e-01
3.600000000000000000e+02 9.283447265625000000e-02 1.957817912101745605e+00 1.639416962862014771e-01 1.285400390625000000e-01 1.957817912101745605e+00 1.639416962862014771e-01 4.903163909912109375e-01 4.384756982326507568e-01
3.700000000000000000e+02 9.289550781250000000e-02 1.954574108123779297e+00 1.617715060710906982e-01 1.285400390625000000e-01 1.954574108123779297e+00 1.617715060710906982e-01 4.901772439479827881e-01 4.382269084453582764e-01
3.800000000000000000e+02 9.277343750000000000e-02 1.951126217842102051e+00 1.600400060415267944e-01 1.284179687500000000e-01 1.951126217842102051e+00 1.600400060415267944e-01 4.902186691761016846e-01 4.383010268211364746e-01
3.900000000000000000e+02 9.265136718750000000e-02 1.947910547256469727e+00 1.581435948610305786e-01 1.281738281250000000e-01 1.947910547256469727e+00 1.581435948610305786e-01 4.902431368827819824e-01 4.383447170257568359e-01
4.000000000000000000e+02 9.240722656250000000e-02 1.944655776023864746e+00 1.563263833522796631e-01 1.279296875000000000e-01 1.944655776023864746e+00 1.563263833522796631e-01 4.904579520225524902e-01 4.387289881706237793e-01
4.100000000000000000e+02 9.216308593750000000e-02 1.941436767578125000e+00 1.545433253049850464e-01 1.275634765625000000e-01 1.941436767578125000e+00 1.545433253049850464e-01 4.903421700000762939e-01 4.385217726230621338e-01
4.200000000000000000e+02 9.161376953125000000e-02 1.938336849212646484e+00 1.528670340776443481e-01 1.268310546875000000e-01 1.938336849212646484e+00 1.528670340776443481e-01 4.902966320514678955e-01 4.384403526782989502e-01
4.300000000000000000e+02 9.124755859375000000e-02 1.934795141220092773e+00 1.514907181262969971e-01 1.263427734375000000e-01 1.934795141220092773e+00 1.514907181262969971e-01 4.908118844032287598e-01 4.393624365329742432e-01
4.400000000000000000e+02 9.057617187500000000e-02 1.931582331657409668e+00 1.499814987182617188e-01 1.253662109375000000e-01 1.931582331657409668e+00 1.499814987182617188e-01 4.907859563827514648e-01 4.393159151077270508e-01
4.500000000000000000e+02 9.002685546875000000e-02 1.928331851959228516e+00 1.484321653842926025e-01 1.246337890625000000e-01 1.928331851959228516e+00 1.484321653842926025e-01 4.911843836307525635e-01 4.400295019149780273e-01
4.600000000000000000e+02 8.929443359375000000e-02 1.925265789031982422e+00 1.467338353395462036e-01 1.236572265625000000e-01 1.925265789031982422e+00 1.467338353395462036e-01 4.910724163055419922e-01 4.398290216922760010e-01
4.700000000000000000e+02 8.850097656250000000e-02 1.921872258186340332e+00 1.455753296613693237e-01 1.224975585937500000e-01 1.921872258186340332e+00 1.455753296613693237e-01 4.916408061981201172e-01 4.408476650714874268e-01
4.800000000000000000e+02 8.776855468750000000e-02 1.918840408325195312e+00 1.438711434602737427e-01 1.214599609375000000e-01 1.918840408325195312e+00 1.438711434602737427e-01 4.914524853229522705e-01 4.405100941658020020e-01
4.900000000000000000e+02 8.685302734375000000e-02 1.915339589118957520e+00 1.428379118442535400e-01 1.202392578125000000e-01 1.915339589118957520e+00 1.428379118442535400e-01 4.923276603221893311e-01 4.420803189277648926e-01
5.000000000000000000e+02 8.612060546875000000e-02 1.912401556968688965e+00 1.410543173551559448e-01 1.192626953125000000e-01 1.912401556968688965e+00 1.410543173551559448e-01 4.923720359802246094e-01 4.421600401401519775e-01
5.000000000000000000e+02 6.738281250000000000e-02 1.912401556968688965e+00 1.410543173551559448e-01 1.192626953125000000e-01 1.912401556968688965e+00 1.410543173551559448e-01 4.923720359802246094e-01 4.421600401401519775e-01
5.100000000000000000e+02 2.763671875000000000e-01 1.955876827239990234e+00 1.266376674175262451e-01 3.530273437500000000e-01 1.955876827239990234e+00 1.266376674175262451e-01 4.466850459575653076e-01 3.639113306999206543e-01
5.200000000000000000e+02 9.545898437500000000e-02 1.896316766738891602e+00 1.522283405065536499e-01 1.545410156250000000e-01 1.896316766738891602e+00 1.522283405065536499e-01 5.068274736404418945e-01 4.685036540031433105e-01
5.300000000000000000e+02 8.306884765625000000e-02 1.883199691772460938e+00 1.800346523523330688e-01 1.212768554687500000e-01 1.883199691772460938e+00 1.800346523523330688e-01 5.326786041259765625e-01 5.175152420997619629e-01
5.400000000000000000e+02 6.750488281250000000e-02 1.902158617973327637e+00 1.472744792699813843e-01 1.180419921875000000e-01 1.902158617973327637e+00 1.472744792699813843e-01 5.057084560394287109e-01 4.664372503757476807e-01
5.500000000000000000e+02 7.073974609375000000e-02 1.910046696662902832e+00 1.327161490917205811e-01 1.232299804687500000e-01 1.910046696662902832e+00 1.327161490917205811e-01 4.937664568424224854e-01 4.446679651737213135e-01
5.600000000000000000e+02 7.019042968750000000e-02 1.905917644500732422e+00 1.312946975231170654e-01 1.238403320312500000e-01 1.905917644500732422e+00 1.312946975231170654e-01 4.964308738708496094e-01 4.494798779487609863e-01
5.700000000000000000e+02 7.031250000000000000e-02 1.900063276290893555e+00 1.313409805297851562e-01 1.242675781250000000e-01 1.900063276290893555e+00 1.313409805297851562e-01 4.972384572029113770e-01 4.509434700012207031e-01
5.800000000000000000e+02 7.037353515625000000e-02 1.895833492279052734e+00 1.311632543802261353e-01 1.238403320312500000e-01 1.895833492279052734e+00 1.311632543802261353e-01 4.977891743183135986e-01 4.519429802894592285e-01
5.900000000000000000e+02 7.012939453125000000e-02 1.892667174339294434e+00 1.296645253896713257e-01 1.239624023437500000e-01 1.892667174339294434e+00 1.296645253896713257e-01 4.988420605659484863e-01 4.538568258285522461e-01
6.000000000000000000e+02 6.970214843750000000e-02 1.889610528945922852e+00 1.285652518272399902e-01 1.232910156250000000e-01 1.889610528945922852e+00 1.285652518272399902e-01 4.988762736320495605e-01 4.539191424846649170e-01
6.100000000000000000e+02 6.909179687500000000e-02 1.886501431465148926e+00 1.276506632566452026e-01 1.222534179687500000e-01 1.886501431465148926e+00 1.276506632566452026e-01 4.995724856853485107e-01 4.551869332790374756e-01
6.200000000000000000e+02 6.860351562500000000e-02 1.883458018302917480e+00 1.265374869108200073e-01 1.213989257812500000e-01 1.883458018302917480e+00 1.265374869108200073e-01 4.997693002223968506e-01 4.555456340312957764e-01
6.300000000000000000e+02 6.799316406250000000e-02 1.880930185317993164e+00 1.250546872615814209e-01 1.203002929687500000e-01 1.880930185317993164e+00 1.250546872615814209e-01 4.997232258319854736e-01 4.554616808891296387e-01
6.400000000000000000e+02 6.726074218750000000e-02 1.878269433975219727e+00 1.238131225109100342e-01 1.188964843750000000e-01 1.878269433975219727e+00 1.238131225109100342e-01 4.995926320552825928e-01 4.552236199378967285e-01
6.500000000000000000e+02 6.646728515625000000e-02 1.875610947608947754e+00 1.224781274795532227e-01 1.176147460937500000e-01 1.875610947608947754e+00 1.224781274795532227e-01 4.995769560337066650e-01 4.551950395107269287e-01
6.600000000000000000e+02 6.573486328125000000e-02 1.873173594474792480e+00 1.210586801171302795e-01 1.162719726562500000e-01 1.873173594474792480e+00 1.210586801171302795e-01 4.995951950550079346e-01 4.552283287048339844e-01
6.700000000000000000e+02 6.481933593750000000e-02 1.870627403259277344e+00 1.198669821023941040e-01 1.145019531250000000e-01 1.870627403259277344e+00 1.198669821023941040e-01 4.993880093097686768e-01 4.548509120941162109e-01
6.800000000000000000e+02 6.390380859375000000e-02 1.868265628814697266e+00 1.184577122330665588e-01 1.129760742187500000e-01 1.868265628814697266e+00 1.184577122330665588e-01 4.996676146984100342e-01 4.553602635860443115e-01
6.900000000000000000e+02 6.298828125000000000e-02 1.866041660308837891e+00 1.169392094016075134e-01 1.114501953125000000e-01 1.866041660308837891e+00 1.169392094016075134e-01 4.995067715644836426e-01 4.550670683383941650e-01
7.000000000000000000e+02 6.188964843750000000e-02 1.863518476486206055e+00 1.160109490156173706e-01 1.093750000000000000e-01 1.863518476486206055e+00 1.160109490156173706e-01 4.997815787792205811e-01 4.555680751800537109e-01
7.100000000000000000e+02 6.085205078125000000e-02 1.861427664756774902e+00 1.145398169755935669e-01 1.076660156250000000e-01 1.861427664756774902e+00 1.145398169755935669e-01 4.998091459274291992e-01 4.556182324886322021e-01
7.200000000000000000e+02 5.966186523437500000e-02 1.859162807464599609e+00 1.134158223867416382e-01 1.055297851562500000e-01 1.859162807464599609e+00 1.134158223867416382e-01 4.997729957103729248e-01 4.555523097515106201e-01
7.300000000000000000e+02 5.865478515625000000e-02 1.857083082199096680e+00 1.119970306754112244e-01 1.037597656250000000e-01 1.857083082199096680e+00 1.119970306754112244e-01 5.002258419990539551e-01 4.563782811164855957e-01
7.400000000000000000e+02 5.761718750000000000e-02 1.854864001274108887e+00 1.108585149049758911e-01 1.018066406250000000e-01 1.854864001274108887e+00 1.108585149049758911e-01 5.007624030113220215e-01 4.573578536510467529e-01
7.500000000000000000e+02 5.624389648437500000e-02 1.853017210960388184e+00 1.095277145504951477e-01 9.930419921875000000e-02 1.853017210960388184e+00 1.095277145504951477e-01 5.003401637077331543e-01 4.565868377685546875e-01
7.500000000000000000e+02 4.623413085937500000e-02 1.853017210960388184e+00 1.095277145504951477e-01 9.930419921875000000e-02 1.853017210960388184e+00 1.095277145504951477e-01 5.003401637077331543e-01 4.565868377685546875e-01
7.600000000000000000e+02 1.519531250000000000e+00 1.874897122383117676e+00 2.117503732442855835e-01 8.857421875000000000e-01 1.874897122383117676e+00 2.117503732442855835e-01 6.015850305557250977e-01 6.600651741027832031e-01
7.700000000000000000e+02 2.353515625000000000e-01 1.883153080940246582e+00 1.243445724248886108e-01 2.539062500000000000e-01 1.883153080940246582e+00 1.243445724248886108e-01 4.875298142433166504e-01 4.335059523582458496e-01
7.800000000000000000e+02 6.896972656250000000e-02 1.820666313171386719e+00 2.479483634233474731e-01 1.450195312500000000e-01 1.820666313171386719e+00 2.479483634233474731e-01 6.010839939117431641e-01 6.589660048484802246e-01
7.900000000000000000e+02 1.081542968750000000e-01 1.883302450180053711e+00 1.142674088478088379e-01 2.088623046875000000e-01 1.883302450180053711e+00 1.142674088478088379e-01 5.021936297416687012e-01 4.599759876728057861e-01
8.000000000000000000e+02 4.067993164062500000e-02 1.848111867904663086e+00 1.613250672817230225e-01 8.569335937500000000e-02 1.848111867904663086e+00 1.613250672817230225e-01 5.502356290817260742e-01 5.521920323371887207e-01
8.100000000000000000e+02 5.145263671875000000e-02 1.864639639854431152e+00 1.289623081684112549e-01 1.008911132812500000e-01 1.864639639854431152e+00 1.289623081684112549e-01 5.230801105499267578e-01 4.990327954292297363e-01
8.200000000000000000e+02 4.132080078125000000e-02 1.858482360839843750e+00 1.334011256694793701e-01 8.898925781250000000e-02 1.858482360839843750e+00 1.334011256694793701e-01 5.285392403602600098e-01 5.095036625862121582e-01
8.300000000000000000e+02 4.357910156250000000e-02 1.865364074707031250e+00 1.196396425366401672e-01 9.344482421875000000e-02 1.865364074707031250e+00 1.196396425366401672e-01 5.156756639480590820e-01 4.850047230720520020e-01
8.400000000000000000e+02 4.302978515625000000e-02 1.862183809280395508e+00 1.195974946022033691e-01 9.216308593750000000e-02 1.862183809280395508e+00 1.195974946022033691e-01 5.171319246292114258e-01 4.877479076385498047e-01
8.500000000000000000e+02 4.257202148437500000e-02 1.860686659812927246e+00 1.182914450764656067e-01 9.155273437500000000e-02 1.860686659812927246e+00 1.182914450764656067e-01 5.165439844131469727e-01 4.866395592689514160e-01
8.600000000000000000e+02 4.293823242187500000e-02 1.860619187355041504e+00 1.152473092079162598e-01 9.246826171875000000e-02 1.860619187355041504e+00 1.152473092079162598e-01 5.146304965019226074e-01 4.830408096313476562e-01
8.700000000000000000e+02 4.315185546875000000e-02 1.858812332153320312e+00 1.144513338804244995e-01 9.295654296875000000e-02 1.858812332153320312e+00 1.144513338804244995e-01 5.149949789047241211e-01 4.837252199649810791e-01
8.800000000000000000e+02 4.339599609375000000e-02 1.857640981674194336e+00 1.132439747452735901e-01 9.344482421875000000e-02 1.857640981674194336e+00 1.132439747452735901e-01 5.147794485092163086e-01 4.833204746246337891e-01
8.900000000000000000e+02 4.379272460937500000e-02 1.856685996055603027e+00 1.119078993797302246e-01 9.436035156250000000e-02 1.856685996055603027e+00 1.119078993797302246e-01 5.142673850059509277e-01 4.823593199253082275e-01
9.000000000000000000e+02 4.400634765625000000e-02 1.855595827102661133e+00 1.110185831785202026e-01 9.478759765625000000e-02 1.855595827102661133e+00 1.110185831785202026e-01 5.140324831008911133e-01 4.819188117980957031e-01
9.100000000000000000e+02 4.421997070312500000e-02 1.854590415954589844e+00 1.102043762803077698e-01 9.521484375000000000e-02 1.854590415954589844e+00 1.102043762803077698e-01 5.138424634933471680e-01 4.815625250339508057e-01
9.200000000000000000e+02 4.437255859375000000e-02 1.853821396827697754e+00 1.092521324753761292e-01 9.552001953125000000e-02 1.853821396827697754e+00 1.092521324753761292e-01 5.133826732635498047e-01 4.807010889053344727e-01
9.300000000000000000e+02 4.446411132812500000e-02 1.852946162223815918e+00 1.085529178380966187e-01 9.576416015625000000e-02 1.852946162223815918e+00 1.085529178380966187e-01 5.132011175155639648e-01 4.803611338138580322e-01
9.400000000000000000e+02 4.455566406250000000e-02 1.852162718772888184e+00 1.078139916062355042e-01 9.594726562500000000e-02 1.852162718772888184e+00 1.078139916062355042e-01 5.129240751266479492e-01 4.798426628112792969e-01
9.500000000000000000e+02 4.458618164062500000e-02 1.851303100585937500e+00 1.072598770260810852e-01 9.600830078125000000e-02 1.851303100585937500e+00 1.072598770260810852e-01 5.127744078636169434e-01 4.795627295970916748e-01
9.600000000000000000e+02 4.455566406250000000e-02 1.850452661514282227e+00 1.067477241158485413e-01 9.594726562500000000e-02 1.850452661514282227e+00 1.067477241158485413e-01 5.127265453338623047e-01 4.794732332229614258e-01
9.700000000000000000e+02 4.452514648437500000e-02 1.849743723869323730e+00 1.060975864529609680e-01 9.588623046875000000e-02 1.849743723869323730e+00 1.060975864529609680e-01 5.124400258064270020e-01 4.789374172687530518e-01
9.800000000000000000e+02 4.443359375000000000e-02 1.848821520805358887e+00 1.057750955224037170e-01 9.564208984375000000e-02 1.848821520805358887e+00 1.057750955224037170e-01 5.124113559722900391e-01 4.788839519023895264e-01
9.900000000000000000e+02 4.431152343750000000e-02 1.848020911216735840e+00 1.052891761064529419e-01 9.545898437500000000e-02 1.848020911216735840e+00 1.052891761064529419e-01 5.123390555381774902e-01 4.787487685680389404e-01
1.000000000000000000e+03 4.421997070312500000e-02 1.847194790840148926e+00 1.048832610249519348e-01 9.521484375000000000e-02 1.847194790840148926e+00 1.048832610249519348e-01 5.122253894805908203e-01 4.785362780094146729e-01
