# step, loss_train, loss_test, metrics_test
0.000000000000000000e+00 9.340797550976276398e-03 1.741041988134384155e-01 4.939869940280914307e-01 4.516539871692657471e-01 9.340797550976276398e-03 1.741041988134384155e-01 4.939869940280914307e-01 4.516539871692657471e-01 1.126366138458251953e+00 4.381894767284393311e-01
1.000000000000000000e+01 1.370448246598243713e-02 2.543880417943000793e-02 1.335979700088500977e-01 1.171977370977401733e-01 1.370448246598243713e-02 2.543880417943000793e-02 1.335979700088500977e-01 1.171977370977401733e-01 6.231758594512939453e-01 1.341294050216674805e-01
2.000000000000000000e+01 3.223419189453125000e-03 1.262149494141340256e-02 7.441236078739166260e-02 4.822837933897972107e-02 3.223419189453125000e-03 1.262149494141340256e-02 7.441236078739166260e-02 4.822837933897972107e-02 4.023968875408172607e-01 5.592577159404754639e-02
3.000000000000000000e+01 1.030085724778473377e-03 6.226725876331329346e-03 4.871937260031700134e-02 2.813260070979595184e-02 1.030085724778473377e-03 6.226725876331329346e-03 4.871937260031700134e-02 2.813260070979595184e-02 3.289296627044677734e-01 3.736877441406250000e-02
4.000000000000000000e+01 2.303167013451457024e-03 3.078991314396262169e-03 2.915243618190288544e-02 1.917229406535625458e-02 2.303167013451457024e-03 3.078991314396262169e-03 2.915243618190288544e-02 1.917229406535625458e-02 2.809751033782958984e-01 2.726706489920616150e-02
5.000000000000000000e+01 3.859486896544694901e-03 2.915685996413230896e-03 1.576924137771129608e-02 1.180237066000699997e-02 3.859486896544694901e-03 2.915685996413230896e-03 1.576924137771129608e-02 1.180237066000699997e-02 2.287980020046234131e-01 1.808036491274833679e-02
6.000000000000000000e+01 3.930338192731142044e-03 2.131829736754298210e-03 1.024189870804548264e-02 8.281226269900798798e-03 3.930338192731142044e-03 2.131829736754298210e-03 1.024189870804548264e-02 8.281226269900798798e-03 1.980003863573074341e-01 1.354050263762474060e-02
7.000000000000000000e+01 4.147944506257772446e-03 1.683742157183587551e-03 6.807596888393163681e-03 5.938576534390449524e-03 4.147944506257772446e-03 1.683742157183587551e-03 6.807596888393163681e-03 5.938576534390449524e-03 1.732589006423950195e-01 1.036797370761632919e-02
8.000000000000000000e+01 3.912845160812139511e-03 1.273411675356328487e-03 5.022426601499319077e-03 4.667298402637243271e-03 3.912845160812139511e-03 1.273411675356328487e-03 5.022426601499319077e-03 4.667298402637243271e-03 1.579569727182388306e-01 8.617481216788291931e-03
9.000000000000000000e+01 3.646036377176642418e-03 9.643509984016418457e-04 3.744522109627723694e-03 3.872637636959552765e-03 3.646036377176642418e-03 9.643509984016418457e-04 3.744522109627723694e-03 3.872637636959552765e-03 1.456283181905746460e-01 7.324777077883481979e-03
1.000000000000000000e+02 3.167130285874009132e-03 7.899768534116446972e-04 2.831022953614592552e-03 3.310101106762886047e-03 3.167130285874009132e-03 7.899768534116446972e-04 2.831022953614592552e-03 3.310101106762886047e-03 1.356545388698577881e-01 6.355817895382642746e-03
1.100000000000000000e+02 2.704086015000939369e-03 6.585963419638574123e-04 2.221361268311738968e-03 2.828015945851802826e-03 2.704086015000939369e-03 6.585963419638574123e-04 2.221361268311738968e-03 2.828015945851802826e-03 1.270167529582977295e-01 5.572174675762653351e-03
1.200000000000000000e+02 2.310019684955477715e-03 5.547597538679838181e-04 1.789311179891228676e-03 2.416974632069468498e-03 2.310019684955477715e-03 5.547597538679838181e-04 1.789311179891228676e-03 2.416974632069468498e-03 1.192943528294563293e-01 4.915214609354734421e-03
1.300000000000000000e+02 1.990626566112041473e-03 4.848310782108455896e-04 1.446426846086978912e-03 2.067045075818896294e-03 1.990626566112041473e-03 4.848310782108455896e-04 1.446426846086978912e-03 2.067045075818896294e-03 1.118792816996574402e-01 4.323167726397514343e-03
1.400000000000000000e+02 1.738268765620887280e-03 4.282052686903625727e-04 1.158668193966150284e-03 1.768986228853464127e-03 1.738268765620887280e-03 4.282052686903625727e-04 1.158668193966150284e-03 1.768986228853464127e-03 1.047724410891532898e-01 3.791375784203410149e-03
1.500000000000000000e+02 1.530637266114354134e-03 3.751286421902477741e-04 9.266225970350205898e-04 1.513320603407919407e-03 1.530637266114354134e-03 3.751286421902477741e-04 9.266225970350205898e-04 1.513320603407919407e-03 9.809210151433944702e-02 3.323309822008013725e-03
1.600000000000000000e+02 1.352985040284693241e-03 3.265400591772049665e-04 7.443384383805096149e-04 1.294237910769879818e-03 1.352985040284693241e-03 3.265400591772049665e-04 7.443384383805096149e-04 1.294237910769879818e-03 9.185084700584411621e-02 2.913862233981490135e-03
1.700000000000000000e+02 1.199105521664023399e-03 2.846362185664474964e-04 6.047419155947864056e-04 1.107816817238926888e-03 1.199105521664023399e-03 2.846362185664474964e-04 6.047419155947864056e-04 1.107816817238926888e-03 8.615578711032867432e-02 2.563726389780640602e-03
1.800000000000000000e+02 1.066391589120030403e-03 2.489581238478422165e-04 4.989821463823318481e-04 9.541526087559759617e-04 1.066391589120030403e-03 2.489581238478422165e-04 4.989821463823318481e-04 9.541526087559759617e-04 8.107066899538040161e-02 2.270022872835397720e-03
1.900000000000000000e+02 9.558259625919163227e-04 2.197585126850754023e-04 4.197394882794469595e-04 8.284932700917124748e-04 9.558259625919163227e-04 2.197585126850754023e-04 4.197394882794469595e-04 8.284932700917124748e-04 7.662916183471679688e-02 2.028107410296797752e-03
2.000000000000000000e+02 8.632629178464412689e-04 1.958821958396583796e-04 3.599213960114866495e-04 7.282085716724395752e-04 8.632629178464412689e-04 1.958821958396583796e-04 3.599213960114866495e-04 7.282085716724395752e-04 7.278856635093688965e-02 1.829906948842108250e-03
2.100000000000000000e+02 7.870522094890475273e-04 1.764384505804628134e-04 3.144468355458229780e-04 6.487640785053372383e-04 7.870522094890475273e-04 1.764384505804628134e-04 3.144468355458229780e-04 6.487640785053372383e-04 6.957863271236419678e-02 1.672069774940609932e-03
2.200000000000000000e+02 7.222348358482122421e-04 1.606028963578864932e-04 2.786940021906048059e-04 5.862198304384946823e-04 7.222348358482122421e-04 1.606028963578864932e-04 2.786940021906048059e-04 5.862198304384946823e-04 6.693274527788162231e-02 1.547319465316832066e-03
2.300000000000000000e+02 6.682038656435906887e-04 1.475792232668027282e-04 2.500267582945525646e-04 5.360275972634553909e-04 6.682038656435906887e-04 1.475792232668027282e-04 2.500267582945525646e-04 5.360275972634553909e-04 6.472276151180267334e-02 1.446827896870672703e-03
2.400000000000000000e+02 6.215593894012272358e-04 1.367555523756891489e-04 2.264097565785050392e-04 4.946347326040267944e-04 6.215593894012272358e-04 1.367555523756891489e-04 2.264097565785050392e-04 4.946347326040267944e-04 6.286063790321350098e-02 1.364772557280957699e-03
2.500000000000000000e+02 5.813870229758322239e-04 1.277291012229397893e-04 2.066468587145209312e-04 4.590366734191775322e-04 5.813870229758322239e-04 1.277291012229397893e-04 2.066468587145209312e-04 4.590366734191775322e-04 6.124782562255859375e-02 1.295639085583388805e-03
2.500000000000000000e+02 4.685028980020433664e-04 1.277291012229397893e-04 2.066468587145209312e-04 4.590366734191775322e-04 5.813870229758322239e-04 1.277291012229397893e-04 2.066468587145209312e-04 4.590366734191775322e-04 6.124782562255859375e-02 1.295639085583388805e-03
2.600000000000000000e+02 1.241585472598671913e-03 1.553433947265148163e-03 3.212069859728217125e-03 2.795937005430459976e-03 1.688317395746707916e-03 1.553433947265148163e-03 3.212069859728217125e-03 2.795937005430459976e-03 1.009806543588638306e-01 3.521916456520557404e-03
2.700000000000000000e+02 4.563294642139226198e-04 6.371440249495208263e-04 7.648390601389110088e-04 8.432023460045456886e-04 5.795229226350784302e-04 6.371440249495208263e-04 7.648390601389110088e-04 8.432023460045456886e-04 7.121510058641433716e-02 1.751648494973778725e-03
2.800000000000000000e+02 4.012775025330483913e-04 3.412058285903185606e-04 4.601231485139578581e-04 7.234829245135188103e-04 5.292862188071012497e-04 3.412058285903185606e-04 4.601231485139578581e-04 7.234829245135188103e-04 6.693430989980697632e-02 1.547391875647008419e-03
2.900000000000000000e+02 3.566161030903458595e-04 3.402947040740400553e-04 2.031173644354566932e-04 5.258089513517916203e-04 4.844693467020988464e-04 3.402947040740400553e-04 2.031173644354566932e-04 5.258089513517916203e-04 5.867091566324234009e-02 1.188908587209880352e-03
3.000000000000000000e+02 3.319134993944317102e-04 1.413292920915409923e-04 1.394424471072852612e-04 3.772833733819425106e-04 4.500717914197593927e-04 1.413292920915409923e-04 1.394424471072852612e-04 3.772833733819425106e-04 5.530402436852455139e-02 1.056370441801846027e-03
3.100000000000000000e+02 3.165801172144711018e-04 9.574073919793590903e-05 1.219121986650861800e-04 2.825728442985564470e-04 4.309283685870468616e-04 9.574073919793590903e-05 1.219121986650861800e-04 2.825728442985564470e-04 5.251281708478927612e-02 9.524307097308337688e-04
3.200000000000000000e+02 2.996846160385757685e-04 9.458301792619749904e-05 9.396176028531044722e-05 2.532673825044184923e-04 4.081506049260497093e-04 9.458301792619749904e-05 9.396176028531044722e-05 2.532673825044184923e-04 5.118079110980033875e-02 9.047253406606614590e-04
3.300000000000000000e+02 2.863477857317775488e-04 6.268049037316814065e-05 7.824753993190824986e-05 2.435953938402235508e-04 3.900167066603899002e-04 6.268049037316814065e-05 7.824753993190824986e-05 2.435953938402235508e-04 5.032248049974441528e-02 8.746349485591053963e-04
3.400000000000000000e+02 2.738730690907686949e-04 5.778278136858716607e-05 6.828676851000636816e-05 2.250664983876049519e-04 3.727262665051966906e-04 5.778278136858716607e-05 6.828676851000636816e-05 2.250664983876049519e-04 4.952554032206535339e-02 8.471516193822026253e-04
3.500000000000000000e+02 2.628088986966758966e-04 5.665383287123404443e-05 6.064596891519613564e-05 2.049549657385796309e-04 3.577986208256334066e-04 5.665383287123404443e-05 6.064596891519613564e-05 2.049549657385796309e-04 4.873713105916976929e-02 8.203943143598735332e-04
3.600000000000000000e+02 2.519911504350602627e-04 5.011820394429378211e-05 5.321317803463898599e-05 1.932277227751910686e-04 3.430823562666773796e-04 5.011820394429378211e-05 5.321317803463898599e-05 1.932277227751910686e-04 4.815937206149101257e-02 8.010587189346551895e-04
3.700000000000000000e+02 2.421754761599004269e-04 4.787197758560068905e-05 4.735607581096701324e-05 1.781192549970000982e-04 3.297286748420447111e-04 4.787197758560068905e-05 4.735607581096701324e-05 1.781192549970000982e-04 4.741166532039642334e-02 7.763777393847703934e-04
3.800000000000000000e+02 2.329457201994955540e-04 4.367551809991709888e-05 4.181214535492472351e-05 1.669640187174081802e-04 3.172294527757912874e-04 4.367551809991709888e-05 4.181214535492472351e-05 1.669640187174081802e-04 4.679863527417182922e-02 7.564306142739951611e-04
3.900000000000000000e+02 2.243152121081948280e-04 4.143051410210318863e-05 3.746112270164303482e-05 1.547856809338554740e-04 3.053811669815331697e-04 4.143051410210318863e-05 3.746112270164303482e-05 1.547856809338554740e-04 4.618066176772117615e-02 7.365854107774794102e-04
4.000000000000000000e+02 2.159306604880839586e-04 3.848249252769164741e-05 3.313292472739703953e-05 1.451764692319557071e-04 2.939708065241575241e-04 3.848249252769164741e-05 3.313292472739703953e-05 1.451764692319557071e-04 4.567381367087364197e-02 7.205054280348122120e-04
4.100000000000000000e+02 2.080610283883288503e-04 3.608247061492875218e-05 2.962625330837909132e-05 1.355922431685030460e-04 2.833438629750162363e-04 3.608247061492875218e-05 2.962625330837909132e-05 1.355922431685030460e-04 4.514073207974433899e-02 7.037847535684704781e-04
4.200000000000000000e+02 2.008527080761268735e-04 3.394375016796402633e-05 2.640992715896572918e-05 1.268846244784072042e-04 2.735482412390410900e-04 3.394375016796402633e-05 2.640992715896572918e-05 1.268846244784072042e-04 4.465769603848457336e-02 6.888034986332058907e-04
4.300000000000000000e+02 1.941060036187991500e-04 3.175111123709939420e-05 2.348695306864101440e-05 1.191823612316511571e-04 2.643966290634125471e-04 3.175111123709939420e-05 2.348695306864101440e-05 1.191823612316511571e-04 4.419801384210586548e-02 6.746961735188961029e-04
4.400000000000000000e+02 1.879980991361662745e-04 3.005202233907766640e-05 2.111978028551675379e-05 1.114689657697454095e-04 2.559921413194388151e-04 3.005202233907766640e-05 2.111978028551675379e-05 1.114689657697454095e-04 4.371352121233940125e-02 6.599853513762354851e-04
4.500000000000000000e+02 1.818637683754786849e-04 2.833527469192631543e-05 1.915738721436355263e-05 1.045937751769088209e-04 2.476774388924241066e-04 2.833527469192631543e-05 1.915738721436355263e-05 1.045937751769088209e-04 4.330912604928016663e-02 6.478308350779116154e-04
4.600000000000000000e+02 1.761693565640598536e-04 2.676315853022970259e-05 1.704745591268874705e-05 9.859445708571001887e-05 2.399272489128634334e-04 2.676315853022970259e-05 1.704745591268874705e-05 9.859445708571001887e-05 4.293133318424224854e-02 6.365778390318155289e-04
4.700000000000000000e+02 1.705836039036512375e-04 2.541046524129342288e-05 1.535468982183374465e-05 9.280735685024410486e-05 2.323210792383179069e-04 2.541046524129342288e-05 1.535468982183374465e-05 9.280735685024410486e-05 4.257270321249961853e-02 6.259868387132883072e-04
4.800000000000000000e+02 1.656190142966806889e-04 2.407681859040167183e-05 1.375078045384725556e-05 8.746608364162966609e-05 2.256016014143824577e-04 2.407681859040167183e-05 1.375078045384725556e-05 8.746608364162966609e-05 4.220277070999145508e-02 6.151552079245448112e-04
4.900000000000000000e+02 1.609513565199449658e-04 2.279680120409466326e-05 1.249388060386991128e-05 8.243545744335278869e-05 2.192544779973104596e-04 2.279680120409466326e-05 1.249388060386991128e-05 8.243545744335278869e-05 4.186448454856872559e-02 6.053328979760408401e-04
5.000000000000000000e+02 1.565050188219174743e-04 2.168264290958177298e-05 1.134210742748109624e-05 7.772769458824768662e-05 2.131275396095588803e-04 2.168264290958177298e-05 1.134210742748109624e-05 7.772769458824768662e-05 4.152550175786018372e-02 5.955696105957031250e-04
5.000000000000000000e+02 1.236734970007091761e-04 2.168264290958177298e-05 1.134210742748109624e-05 7.772769458824768662e-05 2.131275396095588803e-04 2.168264290958177298e-05 1.134210742748109624e-05 7.772769458824768662e-05 4.152550175786018372e-02 5.955696105957031250e-04
5.100000000000000000e+02 2.535255916882306337e-04 2.110666129738092422e-03 2.489201142452657223e-04 9.161742054857313633e-04 3.910235827788710594e-04 2.110666129738092422e-03 2.489201142452657223e-04 9.161742054857313633e-04 5.792481452226638794e-02 1.158862840384244919e-03
5.200000000000000000e+02 1.329385704593732953e-04 2.085674059344455600e-04 1.186490990221500397e-04 2.336857869522646070e-04 2.275454025948420167e-04 2.085674059344455600e-04 1.186490990221500397e-04 2.336857869522646070e-04 4.711999371647834778e-02 7.668549078516662121e-04
5.300000000000000000e+02 1.402818015776574612e-04 5.799705977551639080e-04 1.698622072581201792e-04 4.122748214285820723e-04 2.237504231743514538e-04 5.799705977551639080e-04 1.698622072581201792e-04 4.122748214285820723e-04 5.045913159847259521e-02 8.793915621936321259e-04
5.400000000000000000e+02 1.171017938759177923e-04 6.871183722978457808e-05 3.499411104712635279e-05 1.054760505212470889e-04 2.016946964431554079e-04 6.871183722978457808e-05 3.499411104712635279e-05 1.054760505212470889e-04 4.168462380766868591e-02 6.001427536830306053e-04
5.500000000000000000e+02 1.114176120609045029e-04 9.514133853372186422e-05 3.330019171698950231e-05 7.771591481287032366e-05 1.880016061477363110e-04 9.514133853372186422e-05 3.330019171698950231e-05 7.771591481287032366e-05 3.911003470420837402e-02 5.282982019707560539e-04
5.600000000000000000e+02 1.050079226843081415e-04 1.577327748236712068e-05 7.818691301508806646e-06 5.226788925938308239e-05 1.805618958314880729e-04 1.577327748236712068e-05 7.818691301508806646e-06 5.226788925938308239e-05 3.927227109670639038e-02 5.326902028173208237e-04
5.700000000000000000e+02 1.020229683490470052e-04 1.569875166751444340e-05 5.449101536214584485e-06 5.203229738981463015e-05 1.757559075485914946e-04 1.569875166751444340e-05 5.449101536214584485e-06 5.203229738981463015e-05 3.907472267746925354e-02 5.273446440696716309e-04
5.800000000000000000e+02 9.967791993403807282e-05 1.727619383018463850e-05 5.405345291364938021e-06 4.429019463714212179e-05 1.719059364404529333e-04 1.727619383018463850e-05 5.405345291364938021e-06 4.429019463714212179e-05 3.839083760976791382e-02 5.090471240691840649e-04
5.900000000000000000e+02 9.784673602553084493e-05 1.245813018613262102e-05 3.582904128052177839e-06 4.404522405820898712e-05 1.687024487182497978e-04 1.245813018613262102e-05 3.582904128052177839e-06 4.404522405820898712e-05 3.840295597910881042e-02 5.093684303574264050e-04
6.000000000000000000e+02 9.547478111926466227e-05 1.229647477885009721e-05 3.624493501774850301e-06 3.925424607587046921e-05 1.646589080337435007e-04 1.229647477885009721e-05 3.624493501774850301e-06 3.925424607587046921e-05 3.807456046342849731e-02 5.006940918974578381e-04
6.100000000000000000e+02 9.350541222374886274e-05 1.120055003411835060e-05 3.142278046652791090e-06 3.719542291946709156e-05 1.612256601219996810e-04 1.120055003411835060e-05 3.142278046652791090e-06 3.719542291946709156e-05 3.789896517992019653e-02 4.960865480825304985e-04
6.200000000000000000e+02 9.133145795203745365e-05 1.040583356370916590e-05 2.808268845910788514e-06 3.540391844580881298e-05 1.574897032696753740e-04 1.040583356370916590e-05 2.808268845910788514e-06 3.540391844580881298e-05 3.770380094647407532e-02 4.909904091618955135e-04
6.300000000000000000e+02 8.928168244892731309e-05 1.011494532576762140e-05 2.633034227983443998e-06 3.293498230050317943e-05 1.539715594844892621e-04 1.011494532576762140e-05 2.633034227983443998e-06 3.293498230050317943e-05 3.746979683637619019e-02 4.849147226195782423e-04
6.400000000000000000e+02 8.732468995731323957e-05 9.473677891946863383e-06 2.368715058764792047e-06 3.108304008492268622e-05 1.506000553490594029e-04 9.473677891946863383e-06 2.368715058764792047e-06 3.108304008492268622e-05 3.725546970963478088e-02 4.793831903953105211e-04
6.500000000000000000e+02 8.541324496036395431e-05 8.873134902387391776e-06 2.162195642085862346e-06 2.940394551842473447e-05 1.473054580856114626e-04 8.873134902387391776e-06 2.162195642085862346e-06 2.940394551842473447e-05 3.709217905998229980e-02 4.751901433337479830e-04
6.600000000000000000e+02 8.346771210199221969e-05 8.495738256897311658e-06 1.933710109369712882e-06 2.760742245300207287e-05 1.439470797777175903e-04 8.495738256897311658e-06 1.933710109369712882e-06 2.760742245300207287e-05 3.687157481908798218e-02 4.695546522270888090e-04
6.700000000000000000e+02 8.143628656398504972e-05 8.072888704191427678e-06 1.766539071468287148e-06 2.606702764751389623e-05 1.404472277499735355e-04 8.072888704191427678e-06 1.766539071468287148e-06 2.606702764751389623e-05 3.669635578989982605e-02 4.651023773476481438e-04
6.800000000000000000e+02 7.964552787598222494e-05 7.719143468420952559e-06 1.604821591172367334e-06 2.453456909279339015e-05 1.373588165733963251e-04 7.719143468420952559e-06 1.604821591172367334e-06 2.453456909279339015e-05 3.648922219872474670e-02 4.598667437676340342e-04
6.900000000000000000e+02 7.785736670484766364e-05 7.296582225535530597e-06 1.481817889725789428e-06 2.319376108061987907e-05 1.342748146271333098e-04 7.296582225535530597e-06 1.481817889725789428e-06 2.319376108061987907e-05 3.633663803339004517e-02 4.560287925414741039e-04
7.000000000000000000e+02 7.624540012329816818e-05 6.975983978918520734e-06 1.322843445450416766e-06 2.186705933127086610e-05 1.314750115852802992e-04 6.975983978918520734e-06 1.322843445450416766e-06 2.186705933127086610e-05 3.612010180950164795e-02 4.506097466219216585e-04
7.100000000000000000e+02 7.452499994542449713e-05 6.622914497711462900e-06 1.202264002131414600e-06 2.073039468086790293e-05 1.285254547838121653e-04 6.622914497711462900e-06 1.202264002131414600e-06 2.073039468086790293e-05 3.599410131573677063e-02 4.474714223761111498e-04
7.200000000000000000e+02 7.302657468244433403e-05 6.320979537122184411e-06 1.112000632019771729e-06 1.957615677383728325e-05 1.259419659618288279e-04 6.320979537122184411e-06 1.112000632019771729e-06 1.957615677383728325e-05 3.582303598523139954e-02 4.432283458299934864e-04
7.300000000000000000e+02 7.138936052797362208e-05 5.991863872623071074e-06 1.040597339851956349e-06 1.858896939666010439e-05 1.231204660143703222e-04 5.991863872623071074e-06 1.040597339851956349e-06 1.858896939666010439e-05 3.567260131239891052e-02 4.395135911181569099e-04
7.400000000000000000e+02 6.992839189479127526e-05 5.690980742656392977e-06 9.399560667588957585e-07 1.760762461344711483e-05 1.206009619636461139e-04 5.690980742656392977e-06 9.399560667588957585e-07 1.760762461344711483e-05 3.548977151513099670e-02 4.350198723841458559e-04
7.500000000000000000e+02 6.840466812718659639e-05 5.438334028440294787e-06 8.561220852243422996e-07 1.675106614129617810e-05 1.179701139335520566e-04 5.438334028440294787e-06 8.561220852243422996e-07 1.675106614129617810e-05 3.537616506218910217e-02 4.322392633184790611e-04
7.500000000000000000e+02 5.652961408486589789e-05 5.438334028440294787e-06 8.561220852243422996e-07 1.675106614129617810e-05 1.179701139335520566e-04 5.438334028440294787e-06 8.561220852243422996e-07 1.675106614129617810e-05 3.537616506218910217e-02 4.322392633184790611e-04
7.600000000000000000e+02 3.767921298276633024e-04 1.638385350815951824e-03 1.644481206312775612e-03 1.370103214867413044e-03 6.756982766091823578e-04 1.638385350815951824e-03 1.644481206312775612e-03 1.370103214867413044e-03 7.489308714866638184e-02 1.937252469360828400e-03
7.700000000000000000e+02 1.368139346595853567e-04 8.211078238673508167e-04 3.937737201340496540e-04 5.460638203658163548e-04 2.811002195812761784e-04 8.211078238673508167e-04 3.937737201340496540e-04 5.460638203658163548e-04 5.023138597607612610e-02 8.714711875654757023e-04
7.800000000000000000e+02 6.636552279815077782e-05 6.955459684832021594e-05 5.450960088637657464e-05 6.310485332505777478e-05 1.318939612247049809e-04 6.955459684832021594e-05 5.450960088637657464e-05 6.310485332505777478e-05 3.553901240229606628e-02 4.362279432825744152e-04
7.900000000000000000e+02 7.211562478914856911e-05 1.097115091397427022e-04 8.460989920422434807e-05 1.191205083159729838e-04 1.504405081504955888e-04 1.097115091397427022e-04 8.460989920422434807e-05 1.191205083159729838e-04 3.852759301662445068e-02 5.126802134327590466e-04
8.000000000000000000e+02 6.077652869862504303e-05 4.182360862614586949e-05 3.605649908422492445e-05 4.086962871951982379e-05 1.234172959811985493e-04 4.182360862614586949e-05 3.605649908422492445e-05 4.086962871951982379e-05 3.405176475644111633e-02 4.004810471087694168e-04
8.100000000000000000e+02 5.656767461914569139e-05 1.568292464071419090e-05 1.244506893272046000e-05 2.786084587569348514e-05 1.179196115117520094e-04 1.568292464071419090e-05 1.244506893272046000e-05 2.786084587569348514e-05 3.427196294069290161e-02 4.056772741023451090e-04
8.200000000000000000e+02 5.357488771551288664e-05 1.094917479349533096e-05 6.661900442850310355e-06 1.735905607347376645e-05 1.112166792154312134e-04 1.094917479349533096e-05 6.661900442850310355e-06 1.735905607347376645e-05 3.369551151990890503e-02 3.921451861970126629e-04
8.300000000000000000e+02 5.239343954599462450e-05 6.129408575361594558e-06 2.963536871902761050e-06 1.635554872336797416e-05 1.092880993383005261e-04 6.129408575361594558e-06 2.963536871902761050e-06 1.635554872336797416e-05 3.386200591921806335e-02 3.960300527978688478e-04
8.400000000000000000e+02 5.139783752383664250e-05 4.865194114245241508e-06 1.705177396615908947e-06 1.350817274214932695e-05 1.071703300112858415e-04 4.865194114245241508e-06 1.705177396615908947e-06 1.350817274214932695e-05 3.375552594661712646e-02 3.935431886930018663e-04
8.500000000000000000e+02 5.071635314379818738e-05 4.957061719323974103e-06 1.193523871734214481e-06 1.266363688046112657e-05 1.058400375768542290e-04 4.957061719323974103e-06 1.193523871734214481e-06 1.266363688046112657e-05 3.365146368741989136e-02 3.911206149496138096e-04
8.600000000000000000e+02 5.029819658375345170e-05 4.393524704937590286e-06 9.591566367816994898e-07 1.233390685229096562e-05 1.049689672072418034e-04 4.393524704937590286e-06 9.591566367816994898e-07 1.233390685229096562e-05 3.369840607047080994e-02 3.922125033568590879e-04
8.700000000000000000e+02 4.986487329006195068e-05 4.179045845376094803e-06 8.406275924244255293e-07 1.202231396746356040e-05 1.040656716213561594e-04 4.179045845376094803e-06 8.406275924244255293e-07 1.202231396746356040e-05 3.365599364042282104e-02 3.912258544005453587e-04
8.800000000000000000e+02 4.935481047141365707e-05 4.044162324134958908e-06 7.141968012547295075e-07 1.167610389529727399e-05 1.029997874866239727e-04 4.044162324134958908e-06 7.141968012547295075e-07 1.167610389529727399e-05 3.359103202819824219e-02 3.897171409334987402e-04
8.900000000000000000e+02 4.887737304670736194e-05 3.931233550247270614e-06 6.560032375091395807e-07 1.130178316088858992e-05 1.019987103063613176e-04 3.931233550247270614e-06 6.560032375091395807e-07 1.130178316088858992e-05 3.354113176465034485e-02 3.885600890498608351e-04
9.000000000000000000e+02 4.836260632146149874e-05 3.836257292277878150e-06 5.999131076350749936e-07 1.097753738577011973e-05 1.009136467473581433e-04 3.836257292277878150e-06 5.999131076350749936e-07 1.097753738577011973e-05 3.354231268167495728e-02 3.885873884428292513e-04
9.100000000000000000e+02 4.796708890353329480e-05 3.722626615854096599e-06 5.718549118682858534e-07 1.064086882252013311e-05 1.001038690446875989e-04 3.722626615854096599e-06 5.718549118682858534e-07 1.064086882252013311e-05 3.345806524157524109e-02 3.866378392558544874e-04
9.200000000000000000e+02 4.748453648062422872e-05 3.626845455073635094e-06 5.310624828780419193e-07 1.035861805576132610e-05 9.909790969686582685e-05 3.626845455073635094e-06 5.310624828780419193e-07 1.035861805576132610e-05 3.341533616185188293e-02 3.856509865727275610e-04
9.300000000000000000e+02 4.710071516456082463e-05 3.533567451086128131e-06 4.787214606949419249e-07 1.012381017062580213e-05 9.829428017837926745e-05 3.533567451086128131e-06 4.787214606949419249e-07 1.012381017062580213e-05 3.337852284312248230e-02 3.848016494885087013e-04
9.400000000000000000e+02 4.668469773605465889e-05 3.431603317949338816e-06 4.669266786549997050e-07 9.858747944235801697e-06 9.742593101691454649e-05 3.431603317949338816e-06 4.669266786549997050e-07 9.858747944235801697e-06 3.332165256142616272e-02 3.834915405604988337e-04
9.500000000000000000e+02 4.623239510692656040e-05 3.339317117934115231e-06 4.516091962614154909e-07 9.588197826815303415e-06 9.647767001297324896e-05 3.339317117934115231e-06 4.516091962614154909e-07 9.588197826815303415e-06 3.327766060829162598e-02 3.824796585831791162e-04
9.600000000000000000e+02 4.581023677019402385e-05 3.251978796470211819e-06 4.133426898533798521e-07 9.356735063192900270e-06 9.560196485836058855e-05 3.251978796470211819e-06 4.133426898533798521e-07 9.356735063192900270e-06 3.322330489754676819e-02 3.812311624642461538e-04
9.700000000000000000e+02 4.542808528640307486e-05 3.167480599586269818e-06 3.980125313773896778e-07 9.133131243288516998e-06 9.480462176725268364e-05 3.167480599586269818e-06 3.980125313773896778e-07 9.133131243288516998e-06 3.317630663514137268e-02 3.801533021032810211e-04
9.800000000000000000e+02 4.492494917940348387e-05 3.090433665420277975e-06 3.770311707285145530e-07 8.919600077206268907e-06 9.375343506690114737e-05 3.090433665420277975e-06 3.770311707285145530e-07 8.919600077206268907e-06 3.313141316175460815e-02 3.791252675000578165e-04
9.900000000000000000e+02 4.454746158444322646e-05 3.018413508470985107e-06 3.682611406929936493e-07 8.669358066981658340e-06 9.296840289607644081e-05 3.018413508470985107e-06 3.682611406929936493e-07 8.669358066981658340e-06 3.307538107037544250e-02 3.778439131565392017e-04
1.000000000000000000e+03 4.407775850268080831e-05 2.951739816126064397e-06 3.309835108211700572e-07 8.489709216519258916e-06 9.198828047374263406e-05 2.951739816126064397e-06 3.309835108211700572e-07 8.489709216519258916e-06 3.303852304816246033e-02 3.770022012759000063e-04
