# step, loss_train, loss_test, metrics_test
0.000000000000000000e+00 7.757812500000000000e+00 5.419806480407714844e+00 4.594939041137695312e+01 7.757812500000000000e+00 5.419806480407714844e+00 4.594939041137695312e+01 9.745423197746276855e-01 1.440926074981689453e+01
1.000000000000000000e+01 5.800781250000000000e+00 5.486370563507080078e+00 3.870836639404296875e+01 5.800781250000000000e+00 5.486370563507080078e+00 3.870836639404296875e+01 8.917011022567749023e-01 1.206365394592285156e+01
2.000000000000000000e+01 5.710937500000000000e+00 5.718623638153076172e+00 3.310858535766601562e+01 5.710937500000000000e+00 5.718623638153076172e+00 3.310858535766601562e+01 8.252475261688232422e-01 1.033257961273193359e+01
3.000000000000000000e+01 4.957031250000000000e+00 5.816984653472900391e+00 2.920136260986328125e+01 4.957031250000000000e+00 5.816984653472900391e+00 2.920136260986328125e+01 7.801623344421386719e-01 9.234434127807617188e+00
4.000000000000000000e+01 4.843750000000000000e+00 6.173226356506347656e+00 2.454737663269042969e+01 4.843750000000000000e+00 6.173226356506347656e+00 2.454737663269042969e+01 7.261343598365783691e-01 7.999709606170654297e+00
5.000000000000000000e+01 3.845703125000000000e+00 6.272038936614990234e+00 2.050479888916015625e+01 3.845703125000000000e+00 6.272038936614990234e+00 2.050479888916015625e+01 6.691591739654541016e-01 6.793587207794189453e+00
6.000000000000000000e+01 2.843750000000000000e+00 6.380445480346679688e+00 1.595343780517578125e+01 2.843750000000000000e+00 6.380445480346679688e+00 1.595343780517578125e+01 5.948635339736938477e-01 5.368772029876708984e+00
7.000000000000000000e+01 1.888671875000000000e+00 6.473420143127441406e+00 1.206565666198730469e+01 1.888671875000000000e+00 6.473420143127441406e+00 1.206565666198730469e+01 5.242774486541748047e-01 4.170254707336425781e+00
8.000000000000000000e+01 1.263671875000000000e+00 6.533378601074218750e+00 9.506978988647460938e+00 1.263671875000000000e+00 6.533378601074218750e+00 9.506978988647460938e+00 4.664558172225952148e-01 3.301120519638061523e+00
9.000000000000000000e+01 9.257812500000000000e-01 6.473425865173339844e+00 7.984379768371582031e+00 9.257812500000000000e-01 6.473425865173339844e+00 7.984379768371582031e+00 4.301619231700897217e-01 2.807399272918701172e+00
1.000000000000000000e+02 7.094726562500000000e-01 6.346135616302490234e+00 6.896589756011962891e+00 7.094726562500000000e-01 6.346135616302490234e+00 6.896589756011962891e+00 4.073386192321777344e-01 2.517395734786987305e+00
1.100000000000000000e+02 5.463867187500000000e-01 6.207541942596435547e+00 6.051732063293457031e+00 5.463867187500000000e-01 6.207541942596435547e+00 6.051732063293457031e+00 3.906996548175811768e-01 2.315934658050537109e+00
1.200000000000000000e+02 4.311523437500000000e-01 6.077809333801269531e+00 5.375981807708740234e+00 4.311523437500000000e-01 6.077809333801269531e+00 5.375981807708740234e+00 3.795483410358428955e-01 2.185619592666625977e+00
1.300000000000000000e+02 3.559570312500000000e-01 5.984389305114746094e+00 4.798081874847412109e+00 3.559570312500000000e-01 5.984389305114746094e+00 4.798081874847412109e+00 3.701007664203643799e-01 2.078166007995605469e+00
1.400000000000000000e+02 3.156738281250000000e-01 5.909173011779785156e+00 4.299725532531738281e+00 3.156738281250000000e-01 5.909173011779785156e+00 4.299725532531738281e+00 3.617649674415588379e-01 1.985607147216796875e+00
1.500000000000000000e+02 2.758789062500000000e-01 5.852046489715576172e+00 3.874326705932617188e+00 2.758789062500000000e-01 5.852046489715576172e+00 3.874326705932617188e+00 3.545371294021606445e-01 1.907057285308837891e+00
1.600000000000000000e+02 2.475585937500000000e-01 5.811058998107910156e+00 3.511568307876586914e+00 2.475585937500000000e-01 5.811058998107910156e+00 3.511568307876586914e+00 3.485890924930572510e-01 1.843605279922485352e+00
1.700000000000000000e+02 2.193603515625000000e-01 5.774771690368652344e+00 3.197516918182373047e+00 2.193603515625000000e-01 5.774771690368652344e+00 3.197516918182373047e+00 3.433256149291992188e-01 1.788350701332092285e+00
1.800000000000000000e+02 1.982421875000000000e-01 5.745400428771972656e+00 2.923876762390136719e+00 1.982421875000000000e-01 5.745400428771972656e+00 2.923876762390136719e+00 3.386172354221343994e-01 1.739636182785034180e+00
1.900000000000000000e+02 1.811523437500000000e-01 5.720223903656005859e+00 2.684038162231445312e+00 1.811523437500000000e-01 5.720223903656005859e+00 2.684038162231445312e+00 3.344604074954986572e-01 1.697187066078186035e+00
2.000000000000000000e+02 1.661376953125000000e-01 5.697734832763671875e+00 2.472490549087524414e+00 1.661376953125000000e-01 5.697734832763671875e+00 2.472490549087524414e+00 3.308201432228088379e-01 1.660443902015686035e+00
2.100000000000000000e+02 1.850585937500000000e-01 5.681364059448242188e+00 2.286052465438842773e+00 1.850585937500000000e-01 5.681364059448242188e+00 2.286052465438842773e+00 3.277193605899810791e-01 1.629462718963623047e+00
2.200000000000000000e+02 1.722412109375000000e-01 5.665109157562255859e+00 2.119819402694702148e+00 1.722412109375000000e-01 5.665109157562255859e+00 2.119819402694702148e+00 3.248558342456817627e-01 1.601111650466918945e+00
2.300000000000000000e+02 1.486816406250000000e-01 5.650323390960693359e+00 1.965605020523071289e+00 1.486816406250000000e-01 5.650323390960693359e+00 1.965605020523071289e+00 3.215590417385101318e-01 1.568778872489929199e+00
2.400000000000000000e+02 1.341552734375000000e-01 5.640255451202392578e+00 1.827141642570495605e+00 1.341552734375000000e-01 5.640255451202392578e+00 1.827141642570495605e+00 3.186997771263122559e-01 1.541004180908203125e+00
2.500000000000000000e+02 1.311035156250000000e-01 5.630024909973144531e+00 1.702629685401916504e+00 1.311035156250000000e-01 5.630024909973144531e+00 1.702629685401916504e+00 3.159840703010559082e-01 1.514853596687316895e+00
2.600000000000000000e+02 1.273193359375000000e-01 5.620575904846191406e+00 1.590165495872497559e+00 1.273193359375000000e-01 5.620575904846191406e+00 1.590165495872497559e+00 3.135139048099517822e-01 1.491261959075927734e+00
2.700000000000000000e+02 1.240234375000000000e-01 5.611640453338623047e+00 1.488475441932678223e+00 1.240234375000000000e-01 5.611640453338623047e+00 1.488475441932678223e+00 3.113170266151428223e-01 1.470435500144958496e+00
2.800000000000000000e+02 1.230468750000000000e-01 5.603906631469726562e+00 1.396648168563842773e+00 1.230468750000000000e-01 5.603906631469726562e+00 1.396648168563842773e+00 3.092607259750366211e-01 1.451074719429016113e+00
2.900000000000000000e+02 1.204223632812500000e-01 5.593647480010986328e+00 1.318144679069519043e+00 1.204223632812500000e-01 5.593647480010986328e+00 1.318144679069519043e+00 3.081594705581665039e-01 1.440758943557739258e+00
3.000000000000000000e+02 1.302490234375000000e-01 5.589454650878906250e+00 1.242916226387023926e+00 1.302490234375000000e-01 5.589454650878906250e+00 1.242916226387023926e+00 3.062183558940887451e-01 1.422665119171142578e+00
3.100000000000000000e+02 1.154785156250000000e-01 5.585050106048583984e+00 1.170999765396118164e+00 1.154785156250000000e-01 5.585050106048583984e+00 1.170999765396118164e+00 3.042678534984588623e-01 1.404599070549011230e+00
3.200000000000000000e+02 1.109619140625000000e-01 5.579015254974365234e+00 1.107253193855285645e+00 1.109619140625000000e-01 5.579015254974365234e+00 1.107253193855285645e+00 3.026347458362579346e-01 1.389562129974365234e+00
3.300000000000000000e+02 1.061401367187500000e-01 5.573859214782714844e+00 1.048020482063293457e+00 1.061401367187500000e-01 5.573859214782714844e+00 1.048020482063293457e+00 3.011129200458526611e-01 1.375621795654296875e+00
3.400000000000000000e+02 1.030883789062500000e-01 5.568209648132324219e+00 9.942116737365722656e-01 1.030883789062500000e-01 5.568209648132324219e+00 9.942116737365722656e-01 2.998397052288055420e-01 1.364013552665710449e+00
3.500000000000000000e+02 1.027221679687500000e-01 5.562775611877441406e+00 9.446883201599121094e-01 1.027221679687500000e-01 5.562775611877441406e+00 9.446883201599121094e-01 2.986570894718170166e-01 1.353274703025817871e+00
3.600000000000000000e+02 2.102050781250000000e-01 5.555014610290527344e+00 9.187309741973876953e-01 2.102050781250000000e-01 5.555014610290527344e+00 9.187309741973876953e-01 2.996527552604675293e-01 1.362312793731689453e+00
3.700000000000000000e+02 1.234741210937500000e-01 5.553700923919677734e+00 8.674161434173583984e-01 1.234741210937500000e-01 5.553700923919677734e+00 8.674161434173583984e-01 2.975949048995971680e-01 1.343665838241577148e+00
3.800000000000000000e+02 9.442138671875000000e-02 5.549917697906494141e+00 8.224651813507080078e-01 9.442138671875000000e-02 5.549917697906494141e+00 8.224651813507080078e-01 2.963567972183227539e-01 1.332508563995361328e+00
3.900000000000000000e+02 9.143066406250000000e-02 5.546443462371826172e+00 7.833698987960815430e-01 9.143066406250000000e-02 5.546443462371826172e+00 7.833698987960815430e-01 2.949289083480834961e-01 1.319699168205261230e+00
4.000000000000000000e+02 9.155273437500000000e-02 5.541852951049804688e+00 7.484304904937744141e-01 9.155273437500000000e-02 5.541852951049804688e+00 7.484304904937744141e-01 2.943141162395477295e-01 1.314202904701232910e+00
4.100000000000000000e+02 8.801269531250000000e-02 5.537223339080810547e+00 7.159362435340881348e-01 8.801269531250000000e-02 5.537223339080810547e+00 7.159362435340881348e-01 2.936197817325592041e-01 1.308009624481201172e+00
4.200000000000000000e+02 8.697509765625000000e-02 5.532848834991455078e+00 6.851987242698669434e-01 8.697509765625000000e-02 5.532848834991455078e+00 6.851987242698669434e-01 2.929661571979522705e-01 1.302192687988281250e+00
4.300000000000000000e+02 8.526611328125000000e-02 5.528427600860595703e+00 6.564278602600097656e-01 8.526611328125000000e-02 5.528427600860595703e+00 6.564278602600097656e-01 2.924121022224426270e-01 1.297271609306335449e+00
4.400000000000000000e+02 8.618164062500000000e-02 5.523910522460937500e+00 6.295672655105590820e-01 8.618164062500000000e-02 5.523910522460937500e+00 6.295672655105590820e-01 2.919504046440124512e-01 1.293178558349609375e+00
4.500000000000000000e+02 8.862304687500000000e-02 5.518759250640869141e+00 6.094779968261718750e-01 8.862304687500000000e-02 5.518759250640869141e+00 6.094779968261718750e-01 2.921691238880157471e-01 1.295116543769836426e+00
4.600000000000000000e+02 1.018066406250000000e-01 5.516664505004882812e+00 5.874905586242675781e-01 1.018066406250000000e-01 5.516664505004882812e+00 5.874905586242675781e-01 2.914496362209320068e-01 1.288745999336242676e+00
4.700000000000000000e+02 8.142089843750000000e-02 5.513718605041503906e+00 5.617917180061340332e-01 8.142089843750000000e-02 5.513718605041503906e+00 5.617917180061340332e-01 2.906834781169891357e-01 1.281979322433471680e+00
4.800000000000000000e+02 7.861328125000000000e-02 5.510568141937255859e+00 5.385628938674926758e-01 7.861328125000000000e-02 5.510568141937255859e+00 5.385628938674926758e-01 2.899935245513916016e-01 1.275900602340698242e+00
4.900000000000000000e+02 7.867431640625000000e-02 5.507315635681152344e+00 5.173454880714416504e-01 7.867431640625000000e-02 5.507315635681152344e+00 5.173454880714416504e-01 2.896054685115814209e-01 1.272488236427307129e+00
5.000000000000000000e+02 7.739257812500000000e-02 5.503254890441894531e+00 4.984869360923767090e-01 7.739257812500000000e-02 5.503254890441894531e+00 4.984869360923767090e-01 2.893392741680145264e-01 1.270150184631347656e+00
5.100000000000000000e+02 8.459472656250000000e-02 5.499924182891845703e+00 4.809581935405731201e-01 8.459472656250000000e-02 5.499924182891845703e+00 4.809581935405731201e-01 2.889868915081024170e-01 1.267058134078979492e+00
5.200000000000000000e+02 1.280517578125000000e-01 5.495377540588378906e+00 4.713231921195983887e-01 1.280517578125000000e-01 5.495377540588378906e+00 4.713231921195983887e-01 2.898049950599670410e-01 1.274242281913757324e+00
5.300000000000000000e+02 9.283447265625000000e-02 5.492656230926513672e+00 4.548087120056152344e-01 9.283447265625000000e-02 5.492656230926513672e+00 4.548087120056152344e-01 2.891219556331634521e-01 1.268243193626403809e+00
5.400000000000000000e+02 7.507324218750000000e-02 5.491581439971923828e+00 4.335526823997497559e-01 7.507324218750000000e-02 5.491581439971923828e+00 4.335526823997497559e-01 2.881008088588714600e-01 1.259300112724304199e+00
5.500000000000000000e+02 7.592773437500000000e-02 5.488395214080810547e+00 4.186497330665588379e-01 7.592773437500000000e-02 5.488395214080810547e+00 4.186497330665588379e-01 2.878780663013458252e-01 1.257353663444519043e+00
5.600000000000000000e+02 7.220458984375000000e-02 5.485345840454101562e+00 4.041152894496917725e-01 7.220458984375000000e-02 5.485345840454101562e+00 4.041152894496917725e-01 2.875623703002929688e-01 1.254597425460815430e+00
5.700000000000000000e+02 7.995605468750000000e-02 5.481920242309570312e+00 3.918050527572631836e-01 7.995605468750000000e-02 5.481920242309570312e+00 3.918050527572631836e-01 2.875223159790039062e-01 1.254247784614562988e+00
5.800000000000000000e+02 7.226562500000000000e-02 5.478418350219726562e+00 3.811334967613220215e-01 7.226562500000000000e-02 5.478418350219726562e+00 3.811334967613220215e-01 2.877200245857238770e-01 1.255973458290100098e+00
5.900000000000000000e+02 9.332275390625000000e-02 5.476029396057128906e+00 3.722013533115386963e-01 9.332275390625000000e-02 5.476029396057128906e+00 3.722013533115386963e-01 2.875879406929016113e-01 1.254820704460144043e+00
6.000000000000000000e+02 7.098388671875000000e-02 5.474379539489746094e+00 3.569055497646331787e-01 7.098388671875000000e-02 5.474379539489746094e+00 3.569055497646331787e-01 2.867055833339691162e-01 1.247132301330566406e+00
6.100000000000000000e+02 7.537841796875000000e-02 5.472074031829833984e+00 3.462337851524353027e-01 7.537841796875000000e-02 5.472074031829833984e+00 3.462337851524353027e-01 2.865931093692779541e-01 1.246154069900512695e+00
6.200000000000000000e+02 6.811523437500000000e-02 5.469111442565917969e+00 3.354738056659698486e-01 6.811523437500000000e-02 5.469111442565917969e+00 3.354738056659698486e-01 2.864584326744079590e-01 1.244983077049255371e+00
6.300000000000000000e+02 8.648681640625000000e-02 5.466129779815673828e+00 3.276439011096954346e-01 8.648681640625000000e-02 5.466129779815673828e+00 3.276439011096954346e-01 2.865583598613739014e-01 1.245851993560791016e+00
6.400000000000000000e+02 1.320800781250000000e-01 5.463165283203125000e+00 3.282487690448760986e-01 1.320800781250000000e-01 5.463165283203125000e+00 3.282487690448760986e-01 2.877176105976104736e-01 1.255952477455139160e+00
6.500000000000000000e+02 9.570312500000000000e-02 5.462641716003417969e+00 3.165787458419799805e-01 9.570312500000000000e-02 5.462641716003417969e+00 3.165787458419799805e-01 2.866064906120300293e-01 1.246270537376403809e+00
6.600000000000000000e+02 6.604003906250000000e-02 5.462184906005859375e+00 3.022365272045135498e-01 6.604003906250000000e-02 5.462184906005859375e+00 3.022365272045135498e-01 2.855287194252014160e-01 1.236914992332458496e+00
6.700000000000000000e+02 6.799316406250000000e-02 5.459841728210449219e+00 2.939612567424774170e-01 6.799316406250000000e-02 5.459841728210449219e+00 2.939612567424774170e-01 2.854602038860321045e-01 1.236321568489074707e+00
6.800000000000000000e+02 6.549072265625000000e-02 5.457652091979980469e+00 2.858813703060150146e-01 6.549072265625000000e-02 5.457652091979980469e+00 2.858813703060150146e-01 2.853072583675384521e-01 1.234997272491455078e+00
6.900000000000000000e+02 6.420898437500000000e-02 5.454849243164062500e+00 2.782446444034576416e-01 6.420898437500000000e-02 5.454849243164062500e+00 2.782446444034576416e-01 2.853012979030609131e-01 1.234945416450500488e+00
7.000000000000000000e+02 6.378173828125000000e-02 5.452239036560058594e+00 2.716072499752044678e-01 6.378173828125000000e-02 5.452239036560058594e+00 2.716072499752044678e-01 2.853593826293945312e-01 1.235448479652404785e+00
7.100000000000000000e+02 6.433105468750000000e-02 5.449774265289306641e+00 2.650458514690399170e-01 6.433105468750000000e-02 5.449774265289306641e+00 2.650458514690399170e-01 2.853836715221405029e-01 1.235658526420593262e+00
7.200000000000000000e+02 2.563476562500000000e-01 5.447471618652343750e+00 2.881605625152587891e-01 2.563476562500000000e-01 5.447471618652343750e+00 2.881605625152587891e-01 2.872999906539916992e-01 1.252308964729309082e+00
7.300000000000000000e+02 6.976318359375000000e-02 5.445893287658691406e+00 2.605179250240325928e-01 6.976318359375000000e-02 5.445893287658691406e+00 2.605179250240325928e-01 2.862076461315155029e-01 1.242804408073425293e+00
7.400000000000000000e+02 7.794189453125000000e-02 5.446032524108886719e+00 2.525479197502136230e-01 7.794189453125000000e-02 5.446032524108886719e+00 2.525479197502136230e-01 2.851204872131347656e-01 1.233380675315856934e+00
7.500000000000000000e+02 6.149291992187500000e-02 5.443859100341796875e+00 2.445502877235412598e-01 6.149291992187500000e-02 5.443859100341796875e+00 2.445502877235412598e-01 2.848464548587799072e-01 1.231011033058166504e+00
7.600000000000000000e+02 6.359863281250000000e-02 5.442409515380859375e+00 2.380782514810562134e-01 6.359863281250000000e-02 5.442409515380859375e+00 2.380782514810562134e-01 2.849006652832031250e-01 1.231479525566101074e+00
7.700000000000000000e+02 6.103515625000000000e-02 5.440299034118652344e+00 2.328863441944122314e-01 6.103515625000000000e-02 5.440299034118652344e+00 2.328863441944122314e-01 2.847876548767089844e-01 1.230502963066101074e+00
7.800000000000000000e+02 5.984497070312500000e-02 5.438140869140625000e+00 2.278313487768173218e-01 5.984497070312500000e-02 5.438140869140625000e+00 2.278313487768173218e-01 2.848184406757354736e-01 1.230768918991088867e+00
7.900000000000000000e+02 5.941772460937500000e-02 5.436213493347167969e+00 2.229806929826736450e-01 5.941772460937500000e-02 5.436213493347167969e+00 2.229806929826736450e-01 2.848325967788696289e-01 1.230891227722167969e+00
8.000000000000000000e+02 6.262207031250000000e-02 5.434469699859619141e+00 2.189402133226394653e-01 6.262207031250000000e-02 5.434469699859619141e+00 2.189402133226394653e-01 2.848106920719146729e-01 1.230702042579650879e+00
8.100000000000000000e+02 1.068115234375000000e-01 5.432245254516601562e+00 2.222304493188858032e-01 1.068115234375000000e-01 5.432245254516601562e+00 2.222304493188858032e-01 2.853897809982299805e-01 1.235711574554443359e+00
8.200000000000000000e+02 8.612060546875000000e-02 5.431463718414306641e+00 2.154056727886199951e-01 8.612060546875000000e-02 5.431463718414306641e+00 2.154056727886199951e-01 2.850906252861022949e-01 1.233122348785400391e+00
8.300000000000000000e+02 6.353759765625000000e-02 5.430363655090332031e+00 2.084952741861343384e-01 6.353759765625000000e-02 5.430363655090332031e+00 2.084952741861343384e-01 2.846259176731109619e-01 1.229105591773986816e+00
8.400000000000000000e+02 5.816650390625000000e-02 5.428857326507568359e+00 2.029514610767364502e-01 5.816650390625000000e-02 5.428857326507568359e+00 2.029514610767364502e-01 2.846851646900177002e-01 1.229617357254028320e+00
8.500000000000000000e+02 5.685424804687500000e-02 5.427111625671386719e+00 1.990528255701065063e-01 5.685424804687500000e-02 5.427111625671386719e+00 1.990528255701065063e-01 2.847343385219573975e-01 1.230042219161987305e+00
8.600000000000000000e+02 5.731201171875000000e-02 5.425287246704101562e+00 1.954656243324279785e-01 5.731201171875000000e-02 5.425287246704101562e+00 1.954656243324279785e-01 2.848028838634490967e-01 1.230634450912475586e+00
8.700000000000000000e+02 5.764770507812500000e-02 5.423645973205566406e+00 1.919440329074859619e-01 5.764770507812500000e-02 5.423645973205566406e+00 1.919440329074859619e-01 2.848736345767974854e-01 1.231246113777160645e+00
8.800000000000000000e+02 2.641601562500000000e-01 5.422955036163330078e+00 2.183720469474792480e-01 2.641601562500000000e-01 5.422955036163330078e+00 2.183720469474792480e-01 2.873780429363250732e-01 1.252989530563354492e+00
8.900000000000000000e+02 8.111572265625000000e-02 5.421116828918457031e+00 1.959350854158401489e-01 8.111572265625000000e-02 5.421116828918457031e+00 1.959350854158401489e-01 2.859177291393280029e-01 1.240287661552429199e+00
9.000000000000000000e+02 5.432128906250000000e-02 5.421653747558593750e+00 1.870335638523101807e-01 5.432128906250000000e-02 5.421653747558593750e+00 1.870335638523101807e-01 2.845896184444427490e-01 1.228791952133178711e+00
9.100000000000000000e+02 6.146240234375000000e-02 5.420531272888183594e+00 1.837505549192428589e-01 6.146240234375000000e-02 5.420531272888183594e+00 1.837505549192428589e-01 2.843592166900634766e-01 1.226803302764892578e+00
9.200000000000000000e+02 5.517578125000000000e-02 5.419884681701660156e+00 1.778428405523300171e-01 5.517578125000000000e-02 5.419884681701660156e+00 1.778428405523300171e-01 2.842946350574493408e-01 1.226246118545532227e+00
9.300000000000000000e+02 5.395507812500000000e-02 5.417943000793457031e+00 1.749459505081176758e-01 5.395507812500000000e-02 5.417943000793457031e+00 1.749459505081176758e-01 2.843261659145355225e-01 1.226518034934997559e+00
9.400000000000000000e+02 5.331420898437500000e-02 5.416140556335449219e+00 1.722770035266876221e-01 5.331420898437500000e-02 5.416140556335449219e+00 1.722770035266876221e-01 2.845598459243774414e-01 1.228535175323486328e+00
9.500000000000000000e+02 5.328369140625000000e-02 5.414655685424804688e+00 1.694196462631225586e-01 5.328369140625000000e-02 5.414655685424804688e+00 1.694196462631225586e-01 2.846434116363525391e-01 1.229256749153137207e+00
9.600000000000000000e+02 5.307006835937500000e-02 5.413247108459472656e+00 1.667919009923934937e-01 5.307006835937500000e-02 5.413247108459472656e+00 1.667919009923934937e-01 2.846952974796295166e-01 1.229704856872558594e+00
9.700000000000000000e+02 5.303955078125000000e-02 5.411863327026367188e+00 1.641981452703475952e-01 5.303955078125000000e-02 5.411863327026367188e+00 1.641981452703475952e-01 2.847804427146911621e-01 1.230440497398376465e+00
9.800000000000000000e+02 5.361938476562500000e-02 5.410368919372558594e+00 1.619926393032073975e-01 5.361938476562500000e-02 5.410368919372558594e+00 1.619926393032073975e-01 2.849180698394775391e-01 1.231629967689514160e+00
9.900000000000000000e+02 2.001953125000000000e-01 5.408851623535156250e+00 1.794159263372421265e-01 2.001953125000000000e-01 5.408851623535156250e+00 1.794159263372421265e-01 2.863663136959075928e-01 1.244182586669921875e+00
1.000000000000000000e+03 9.045410156250000000e-02 5.407434463500976562e+00 1.652602851390838623e-01 9.045410156250000000e-02 5.407434463500976562e+00 1.652602851390838623e-01 2.857998013496398926e-01 1.239264965057373047e+00
1.010000000000000000e+03 7.073974609375000000e-02 5.409001350402832031e+00 1.584174484014511108e-01 7.073974609375000000e-02 5.409001350402832031e+00 1.584174484014511108e-01 2.849332988262176514e-01 1.231761574745178223e+00
1.020000000000000000e+03 5.300903320312500000e-02 5.407313346862792969e+00 1.549742966890335083e-01 5.300903320312500000e-02 5.407313346862792969e+00 1.549742966890335083e-01 2.845655679702758789e-01 1.228584408760070801e+00
1.030000000000000000e+03 5.215454101562500000e-02 5.406463623046875000e+00 1.520041674375534058e-01 5.215454101562500000e-02 5.406463623046875000e+00 1.520041674375534058e-01 2.846389710903167725e-01 1.229218363761901855e+00
1.040000000000000000e+03 5.227661132812500000e-02 5.405321121215820312e+00 1.496774852275848389e-01 5.227661132812500000e-02 5.405321121215820312e+00 1.496774852275848389e-01 2.846998870372772217e-01 1.229744434356689453e+00
1.050000000000000000e+03 5.032348632812500000e-02 5.403903484344482422e+00 1.476317197084426880e-01 5.032348632812500000e-02 5.403903484344482422e+00 1.476317197084426880e-01 2.848044037818908691e-01 1.230647325515747070e+00
1.060000000000000000e+03 5.017089843750000000e-02 5.402778625488281250e+00 1.454938203096389771e-01 5.017089843750000000e-02 5.402778625488281250e+00 1.454938203096389771e-01 2.848762571811676025e-01 1.231268525123596191e+00
1.070000000000000000e+03 5.126953125000000000e-02 5.401770114898681641e+00 1.436420828104019165e-01 5.126953125000000000e-02 5.401770114898681641e+00 1.436420828104019165e-01 2.848739624023437500e-01 1.231248855590820312e+00
1.080000000000000000e+03 7.476806640625000000e-02 5.400716304779052734e+00 1.447903811931610107e-01 7.476806640625000000e-02 5.400716304779052734e+00 1.447903811931610107e-01 2.850550711154937744e-01 1.232814788818359375e+00
1.090000000000000000e+03 7.550048828125000000e-02 5.398951530456542969e+00 1.441991627216339111e-01 7.550048828125000000e-02 5.398951530456542969e+00 1.441991627216339111e-01 2.857812643051147461e-01 1.239104032516479492e+00
1.100000000000000000e+03 5.108642578125000000e-02 5.399147987365722656e+00 1.398490220308303833e-01 5.108642578125000000e-02 5.399147987365722656e+00 1.398490220308303833e-01 2.850336730480194092e-01 1.232629776000976562e+00
1.110000000000000000e+03 5.419921875000000000e-02 5.398576736450195312e+00 1.377724856138229370e-01 5.419921875000000000e-02 5.398576736450195312e+00 1.377724856138229370e-01 2.847776114940643311e-01 1.230416059494018555e+00
1.120000000000000000e+03 5.255126953125000000e-02 5.397570610046386719e+00 1.353176832199096680e-01 5.255126953125000000e-02 5.397570610046386719e+00 1.353176832199096680e-01 2.848616540431976318e-01 1.231142401695251465e+00
1.130000000000000000e+03 5.004882812500000000e-02 5.396588802337646484e+00 1.334999650716781616e-01 5.004882812500000000e-02 5.396588802337646484e+00 1.334999650716781616e-01 2.848691344261169434e-01 1.231207132339477539e+00
1.140000000000000000e+03 5.252075195312500000e-02 5.395650386810302734e+00 1.321074068546295166e-01 5.252075195312500000e-02 5.395650386810302734e+00 1.321074068546295166e-01 2.849746346473693848e-01 1.232118964195251465e+00
1.150000000000000000e+03 1.173095703125000000e-01 5.394564628601074219e+00 1.388452500104904175e-01 1.173095703125000000e-01 5.394564628601074219e+00 1.388452500104904175e-01 2.856240570545196533e-01 1.237741112709045410e+00
1.160000000000000000e+03 4.840087890625000000e-02 5.393871784210205078e+00 1.301785111427307129e-01 4.840087890625000000e-02 5.393871784210205078e+00 1.301785111427307129e-01 2.853250801563262939e-01 1.235151171684265137e+00
1.170000000000000000e+03 5.426025390625000000e-02 5.393733978271484375e+00 1.282090246677398682e-01 5.426025390625000000e-02 5.393733978271484375e+00 1.282090246677398682e-01 2.849247157573699951e-01 1.231687307357788086e+00
1.180000000000000000e+03 5.072021484375000000e-02 5.392973423004150391e+00 1.262319386005401611e-01 5.072021484375000000e-02 5.392973423004150391e+00 1.262319386005401611e-01 2.847451567649841309e-01 1.230135679244995117e+00
1.190000000000000000e+03 4.812622070312500000e-02 5.391960144042968750e+00 1.241194456815719604e-01 4.812622070312500000e-02 5.391960144042968750e+00 1.241194456815719604e-01 2.848280370235443115e-01 1.230851769447326660e+00
1.200000000000000000e+03 7.757568359375000000e-02 5.390701770782470703e+00 1.258783489465713501e-01 7.757568359375000000e-02 5.390701770782470703e+00 1.258783489465713501e-01 2.852577865123748779e-01 1.234568715095520020e+00
1.210000000000000000e+03 5.319213867187500000e-02 5.389980792999267578e+00 1.233893558382987976e-01 5.319213867187500000e-02 5.389980792999267578e+00 1.233893558382987976e-01 2.852568030357360840e-01 1.234560370445251465e+00
1.220000000000000000e+03 5.444335937500000000e-02 5.389791011810302734e+00 1.209826096892356873e-01 5.444335937500000000e-02 5.389791011810302734e+00 1.209826096892356873e-01 2.849296331405639648e-01 1.231729984283447266e+00
1.230000000000000000e+03 4.660034179687500000e-02 5.389143466949462891e+00 1.185802146792411804e-01 4.660034179687500000e-02 5.389143466949462891e+00 1.185802146792411804e-01 2.846886515617370605e-01 1.229647278785705566e+00
1.240000000000000000e+03 5.587768554687500000e-02 5.388432502746582031e+00 1.182134747505187988e-01 5.587768554687500000e-02 5.388432502746582031e+00 1.182134747505187988e-01 2.847723960876464844e-01 1.230370879173278809e+00
1.250000000000000000e+03 6.671142578125000000e-02 5.387419700622558594e+00 1.186507418751716614e-01 6.671142578125000000e-02 5.387419700622558594e+00 1.186507418751716614e-01 2.850923240184783936e-01 1.233136892318725586e+00
1.260000000000000000e+03 4.489135742187500000e-02 5.386821269989013672e+00 1.148529872298240662e-01 4.489135742187500000e-02 5.386821269989013672e+00 1.148529872298240662e-01 2.849038541316986084e-01 1.231507301330566406e+00
1.270000000000000000e+03 6.597900390625000000e-02 5.386019229888916016e+00 1.151625365018844604e-01 6.597900390625000000e-02 5.386019229888916016e+00 1.151625365018844604e-01 2.849589586257934570e-01 1.231983542442321777e+00
1.280000000000000000e+03 4.638671875000000000e-02 5.385188579559326172e+00 1.131527051329612732e-01 4.638671875000000000e-02 5.385188579559326172e+00 1.131527051329612732e-01 2.851888239383697510e-01 1.233972191810607910e+00
1.290000000000000000e+03 5.294799804687500000e-02 5.385319232940673828e+00 1.116536408662796021e-01 5.294799804687500000e-02 5.385319232940673828e+00 1.116536408662796021e-01 2.846995294094085693e-01 1.229741334915161133e+00
1.300000000000000000e+03 4.553222656250000000e-02 5.384454727172851562e+00 1.095637381076812744e-01 4.553222656250000000e-02 5.384454727172851562e+00 1.095637381076812744e-01 2.846935391426086426e-01 1.229689598083496094e+00
1.310000000000000000e+03 5.761718750000000000e-02 5.383602142333984375e+00 1.092238798737525940e-01 5.761718750000000000e-02 5.383602142333984375e+00 1.092238798737525940e-01 2.847615182399749756e-01 1.230276942253112793e+00
1.320000000000000000e+03 4.525756835937500000e-02 5.381985187530517578e+00 1.104497238993644714e-01 4.525756835937500000e-02 5.381985187530517578e+00 1.104497238993644714e-01 2.857161462306976318e-01 1.238539576530456543e+00
1.330000000000000000e+03 5.328369140625000000e-02 5.382425308227539062e+00 1.091992780566215515e-01 5.328369140625000000e-02 5.382425308227539062e+00 1.091992780566215515e-01 2.850898206233978271e-01 1.233115315437316895e+00
1.340000000000000000e+03 4.827880859375000000e-02 5.382717609405517578e+00 1.058426052331924438e-01 4.827880859375000000e-02 5.382717609405517578e+00 1.058426052331924438e-01 2.842295169830322266e-01 1.225684523582458496e+00
1.350000000000000000e+03 4.669189453125000000e-02 5.382274627685546875e+00 1.038081645965576172e-01 4.669189453125000000e-02 5.382274627685546875e+00 1.038081645965576172e-01 2.840326428413391113e-01 1.223986983299255371e+00
1.360000000000000000e+03 4.431152343750000000e-02 5.381433486938476562e+00 1.022392138838768005e-01 4.431152343750000000e-02 5.381433486938476562e+00 1.022392138838768005e-01 2.840966284275054932e-01 1.224538564682006836e+00
1.370000000000000000e+03 4.248046875000000000e-02 5.380640983581542969e+00 1.008436158299446106e-01 4.248046875000000000e-02 5.380640983581542969e+00 1.008436158299446106e-01 2.842353284358978271e-01 1.225734591484069824e+00
1.380000000000000000e+03 4.537963867187500000e-02 5.379994869232177734e+00 9.981347620487213135e-02 4.537963867187500000e-02 5.379994869232177734e+00 9.981347620487213135e-02 2.842521667480468750e-01 1.225879669189453125e+00
1.390000000000000000e+03 1.872558593750000000e-01 5.380290508270263672e+00 1.098880842328071594e-01 1.872558593750000000e-01 5.380290508270263672e+00 1.098880842328071594e-01 2.853167653083801270e-01 1.235079407691955566e+00
1.400000000000000000e+03 5.966186523437500000e-02 5.378967285156250000e+00 1.014621779322624207e-01 5.966186523437500000e-02 5.378967285156250000e+00 1.014621779322624207e-01 2.846401035785675049e-01 1.229228138923645020e+00
1.410000000000000000e+03 4.510498046875000000e-02 5.379076480865478516e+00 9.841042757034301758e-02 4.510498046875000000e-02 5.379076480865478516e+00 9.841042757034301758e-02 2.839060127735137939e-01 1.222895741462707520e+00
1.420000000000000000e+03 4.254150390625000000e-02 5.378658771514892578e+00 9.651027619838714600e-02 4.254150390625000000e-02 5.378658771514892578e+00 9.651027619838714600e-02 2.837452888488769531e-01 1.221511602401733398e+00
1.430000000000000000e+03 4.544067382812500000e-02 5.377914905548095703e+00 9.557360410690307617e-02 4.544067382812500000e-02 5.377914905548095703e+00 9.557360410690307617e-02 2.837975919246673584e-01 1.221962094306945801e+00
1.440000000000000000e+03 4.055786132812500000e-02 5.377251625061035156e+00 9.368439018726348877e-02 4.055786132812500000e-02 5.377251625061035156e+00 9.368439018726348877e-02 2.838481068611145020e-01 1.222397208213806152e+00
1.450000000000000000e+03 4.125976562500000000e-02 5.376530170440673828e+00 9.251484274864196777e-02 4.125976562500000000e-02 5.376530170440673828e+00 9.251484274864196777e-02 2.838987708091735840e-01 1.222833395004272461e+00
1.460000000000000000e+03 4.092407226562500000e-02 5.375999450683593750e+00 9.126979112625122070e-02 4.092407226562500000e-02 5.375999450683593750e+00 9.126979112625122070e-02 2.838832736015319824e-01 1.222699761390686035e+00
1.470000000000000000e+03 5.761718750000000000e-02 5.375495910644531250e+00 9.179103374481201172e-02 5.761718750000000000e-02 5.375495910644531250e+00 9.179103374481201172e-02 2.839705348014831543e-01 1.223451972007751465e+00
1.480000000000000000e+03 4.321289062500000000e-02 5.374392509460449219e+00 9.103477001190185547e-02 4.321289062500000000e-02 5.374392509460449219e+00 9.103477001190185547e-02 2.844332754611968994e-01 1.227442264556884766e+00
1.490000000000000000e+03 3.924560546875000000e-02 5.374418258666992188e+00 8.932480216026306152e-02 3.924560546875000000e-02 5.374418258666992188e+00 8.932480216026306152e-02 2.839707136154174805e-01 1.223453283309936523e+00
1.500000000000000000e+03 3.921508789062500000e-02 5.374226570129394531e+00 8.770048618316650391e-02 3.921508789062500000e-02 5.374226570129394531e+00 8.770048618316650391e-02 2.836259603500366211e-01 1.220484495162963867e+00
1.510000000000000000e+03 4.299926757812500000e-02 5.373571872711181641e+00 8.697146922349929810e-02 4.299926757812500000e-02 5.373571872711181641e+00 8.697146922349929810e-02 2.836187481880187988e-01 1.220422506332397461e+00
1.520000000000000000e+03 4.168701171875000000e-02 5.373301506042480469e+00 8.555696904659271240e-02 4.168701171875000000e-02 5.373301506042480469e+00 8.555696904659271240e-02 2.835011482238769531e-01 1.219410538673400879e+00
1.530000000000000000e+03 1.131591796875000000e-01 5.372593402862548828e+00 9.065719693899154663e-02 1.131591796875000000e-01 5.372593402862548828e+00 9.065719693899154663e-02 2.841076552867889404e-01 1.224633574485778809e+00
1.540000000000000000e+03 6.268310546875000000e-02 5.372059822082519531e+00 8.663126081228256226e-02 6.268310546875000000e-02 5.372059822082519531e+00 8.663126081228256226e-02 2.838948667049407959e-01 1.222799897193908691e+00
1.550000000000000000e+03 4.135131835937500000e-02 5.372563362121582031e+00 8.315271139144897461e-02 4.135131835937500000e-02 5.372563362121582031e+00 8.315271139144897461e-02 2.830742895603179932e-01 1.215741157531738281e+00
1.560000000000000000e+03 4.214477539062500000e-02 5.371878623962402344e+00 8.221349865198135376e-02 4.214477539062500000e-02 5.371878623962402344e+00 8.221349865198135376e-02 2.832633554935455322e-01 1.217365622520446777e+00
1.570000000000000000e+03 4.049682617187500000e-02 5.371493816375732422e+00 8.078005164861679077e-02 4.049682617187500000e-02 5.371493816375732422e+00 8.078005164861679077e-02 2.830197513103485107e-01 1.215272903442382812e+00
1.580000000000000000e+03 4.293823242187500000e-02 5.370892047882080078e+00 8.023683726787567139e-02 4.293823242187500000e-02 5.370892047882080078e+00 8.023683726787567139e-02 2.831474244594573975e-01 1.216369509696960449e+00
1.590000000000000000e+03 1.179199218750000000e-01 5.370191097259521484e+00 8.613128215074539185e-02 1.179199218750000000e-01 5.370191097259521484e+00 8.613128215074539185e-02 2.838731408119201660e-01 1.222612738609313965e+00
1.600000000000000000e+03 5.477905273437500000e-02 5.369827747344970703e+00 8.066470175981521606e-02 5.477905273437500000e-02 5.369827747344970703e+00 8.066470175981521606e-02 2.834665179252624512e-01 1.219112396240234375e+00
1.610000000000000000e+03 4.193115234375000000e-02 5.370397090911865234e+00 7.779716700315475464e-02 4.193115234375000000e-02 5.370397090911865234e+00 7.779716700315475464e-02 2.826019227504730225e-01 1.211687088012695312e+00
1.620000000000000000e+03 3.945922851562500000e-02 5.369622230529785156e+00 7.682398706674575806e-02 3.945922851562500000e-02 5.369622230529785156e+00 7.682398706674575806e-02 2.828338146209716797e-01 1.213676571846008301e+00
1.630000000000000000e+03 3.802490234375000000e-02 5.369169235229492188e+00 7.546138018369674683e-02 3.802490234375000000e-02 5.369169235229492188e+00 7.546138018369674683e-02 2.826336920261383057e-01 1.211959838867187500e+00
1.640000000000000000e+03 8.673095703125000000e-02 5.368676662445068359e+00 7.903122156858444214e-02 8.673095703125000000e-02 5.368676662445068359e+00 7.903122156858444214e-02 2.831460237503051758e-01 1.216357588768005371e+00
1.650000000000000000e+03 5.474853515625000000e-02 5.367922782897949219e+00 7.697535306215286255e-02 5.474853515625000000e-02 5.367922782897949219e+00 7.697535306215286255e-02 2.830086946487426758e-01 1.215177774429321289e+00
1.660000000000000000e+03 4.598999023437500000e-02 5.368474483489990234e+00 7.416805624961853027e-02 4.598999023437500000e-02 5.368474483489990234e+00 7.416805624961853027e-02 2.823561429977416992e-01 1.209580540657043457e+00
1.670000000000000000e+03 4.104614257812500000e-02 5.367741584777832031e+00 7.295454293489456177e-02 4.104614257812500000e-02 5.367741584777832031e+00 7.295454293489456177e-02 2.823792099952697754e-01 1.209778189659118652e+00
1.680000000000000000e+03 3.536987304687500000e-02 5.367398738861083984e+00 7.140629738569259644e-02 3.536987304687500000e-02 5.367398738861083984e+00 7.140629738569259644e-02 2.823063135147094727e-01 1.209153652191162109e+00
1.690000000000000000e+03 5.059814453125000000e-02 5.367076396942138672e+00 7.165547460317611694e-02 5.059814453125000000e-02 5.367076396942138672e+00 7.165547460317611694e-02 2.823578417301177979e-01 1.209595084190368652e+00
1.700000000000000000e+03 5.044555664062500000e-02 5.366258621215820312e+00 7.217861711978912354e-02 5.044555664062500000e-02 5.366258621215820312e+00 7.217861711978912354e-02 2.829753458499908447e-01 1.214891314506530762e+00
1.710000000000000000e+03 4.379272460937500000e-02 5.366103172302246094e+00 7.046263664960861206e-02 4.379272460937500000e-02 5.366103172302246094e+00 7.046263664960861206e-02 2.824437618255615234e-01 1.210331439971923828e+00
1.720000000000000000e+03 4.110717773437500000e-02 5.366273880004882812e+00 6.899743527173995972e-02 4.110717773437500000e-02 5.366273880004882812e+00 6.899743527173995972e-02 2.821153402328491211e-01 1.207518219947814941e+00
1.730000000000000000e+03 4.437255859375000000e-02 5.366185665130615234e+00 6.783396005630493164e-02 4.437255859375000000e-02 5.366185665130615234e+00 6.783396005630493164e-02 2.818865776062011719e-01 1.205560803413391113e+00
1.740000000000000000e+03 8.502197265625000000e-02 5.365470409393310547e+00 7.185707986354827881e-02 8.502197265625000000e-02 5.365470409393310547e+00 7.185707986354827881e-02 2.826244235038757324e-01 1.211880087852478027e+00
1.750000000000000000e+03 5.218505859375000000e-02 5.365151882171630859e+00 6.884217262268066406e-02 5.218505859375000000e-02 5.365151882171630859e+00 6.884217262268066406e-02 2.821601331233978271e-01 1.207901954650878906e+00
1.760000000000000000e+03 4.129028320312500000e-02 5.365285396575927734e+00 6.667810678482055664e-02 4.129028320312500000e-02 5.365285396575927734e+00 6.667810678482055664e-02 2.819152474403381348e-01 1.205805897712707520e+00
1.770000000000000000e+03 3.610229492187500000e-02 5.364612102508544922e+00 6.503537297248840332e-02 3.610229492187500000e-02 5.364612102508544922e+00 6.503537297248840332e-02 2.817327976226806641e-01 1.204245805740356445e+00
1.780000000000000000e+03 5.111694335937500000e-02 5.363937854766845703e+00 6.547720730304718018e-02 5.111694335937500000e-02 5.363937854766845703e+00 6.547720730304718018e-02 2.819544970989227295e-01 1.206141591072082520e+00
1.790000000000000000e+03 3.628540039062500000e-02 5.363318443298339844e+00 6.505651026964187622e-02 3.628540039062500000e-02 5.363318443298339844e+00 6.505651026964187622e-02 2.824347615242004395e-01 1.210254073143005371e+00
1.800000000000000000e+03 3.744506835937500000e-02 5.363716125488281250e+00 6.395975500345230103e-02 3.744506835937500000e-02 5.363716125488281250e+00 6.395975500345230103e-02 2.817245721817016602e-01 1.204175472259521484e+00
1.810000000000000000e+03 3.955078125000000000e-02 5.363860130310058594e+00 6.270544230937957764e-02 3.955078125000000000e-02 5.363860130310058594e+00 6.270544230937957764e-02 2.812864780426025391e-01 1.200433015823364258e+00
1.820000000000000000e+03 3.457641601562500000e-02 5.363224983215332031e+00 6.166677922010421753e-02 3.457641601562500000e-02 5.363224983215332031e+00 6.166677922010421753e-02 2.814483642578125000e-01 1.201815366744995117e+00
1.830000000000000000e+03 3.497314453125000000e-02 5.362942218780517578e+00 6.076080352067947388e-02 3.497314453125000000e-02 5.362942218780517578e+00 6.076080352067947388e-02 2.813542783260345459e-01 1.201011896133422852e+00
1.840000000000000000e+03 5.279541015625000000e-02 5.363730907440185547e+00 6.160652264952659607e-02 5.279541015625000000e-02 5.363730907440185547e+00 6.160652264952659607e-02 2.813445925712585449e-01 1.200929403305053711e+00
1.850000000000000000e+03 7.952880859375000000e-02 5.362490177154541016e+00 6.372839212417602539e-02 7.952880859375000000e-02 5.362490177154541016e+00 6.372839212417602539e-02 2.827560901641845703e-01 1.213009715080261230e+00
1.860000000000000000e+03 3.848266601562500000e-02 5.362660408020019531e+00 6.050793454051017761e-02 3.848266601562500000e-02 5.362660408020019531e+00 6.050793454051017761e-02 2.813353836536407471e-01 1.200850605964660645e+00
1.870000000000000000e+03 3.387451171875000000e-02 5.362273216247558594e+00 5.873992294073104858e-02 3.387451171875000000e-02 5.362273216247558594e+00 5.873992294073104858e-02 2.809138000011444092e-01 1.197254538536071777e+00
1.880000000000000000e+03 3.567504882812500000e-02 5.361983299255371094e+00 5.762159451842308044e-02 3.567504882812500000e-02 5.361983299255371094e+00 5.762159451842308044e-02 2.808931171894073486e-01 1.197077989578247070e+00
1.890000000000000000e+03 7.800292968750000000e-02 5.361674785614013672e+00 6.096528843045234680e-02 7.800292968750000000e-02 5.361674785614013672e+00 6.096528843045234680e-02 2.814413905143737793e-01 1.201755762100219727e+00
1.900000000000000000e+03 3.994750976562500000e-02 5.361026287078857422e+00 5.781029909849166870e-02 3.994750976562500000e-02 5.361026287078857422e+00 5.781029909849166870e-02 2.812135815620422363e-01 1.199811100959777832e+00
1.910000000000000000e+03 3.286743164062500000e-02 5.361275672912597656e+00 5.608341470360755920e-02 3.286743164062500000e-02 5.361275672912597656e+00 5.608341470360755920e-02 2.807722389698028564e-01 1.196047782897949219e+00
1.920000000000000000e+03 3.056335449218750000e-02 5.360894680023193359e+00 5.509896948933601379e-02 3.056335449218750000e-02 5.360894680023193359e+00 5.509896948933601379e-02 2.807676792144775391e-01 1.196009159088134766e+00
1.930000000000000000e+03 4.187011718750000000e-02 5.360391616821289062e+00 5.554656311869621277e-02 4.187011718750000000e-02 5.360391616821289062e+00 5.554656311869621277e-02 2.809108197689056396e-01 1.197228789329528809e+00
1.940000000000000000e+03 5.960083007812500000e-02 5.359852790832519531e+00 5.724003911018371582e-02 5.960083007812500000e-02 5.359852790832519531e+00 5.724003911018371582e-02 2.814012765884399414e-01 1.201413393020629883e+00
1.950000000000000000e+03 4.376220703125000000e-02 5.360335350036621094e+00 5.475110560655593872e-02 4.376220703125000000e-02 5.360335350036621094e+00 5.475110560655593872e-02 2.807402014732360840e-01 1.195775032043457031e+00
1.960000000000000000e+03 3.497314453125000000e-02 5.359894752502441406e+00 5.341471731662750244e-02 3.497314453125000000e-02 5.359894752502441406e+00 5.341471731662750244e-02 2.805524170398712158e-01 1.194175958633422852e+00
1.970000000000000000e+03 4.025268554687500000e-02 5.359535217285156250e+00 5.321954935789108276e-02 4.025268554687500000e-02 5.359535217285156250e+00 5.321954935789108276e-02 2.807079255580902100e-01 1.195500135421752930e+00
1.980000000000000000e+03 4.937744140625000000e-02 5.359188079833984375e+00 5.385803058743476868e-02 4.937744140625000000e-02 5.359188079833984375e+00 5.385803058743476868e-02 2.808496057987213135e-01 1.196707248687744141e+00
1.990000000000000000e+03 4.095458984375000000e-02 5.359047889709472656e+00 5.265337973833084106e-02 4.095458984375000000e-02 5.359047889709472656e+00 5.265337973833084106e-02 2.807818055152893066e-01 1.196129560470581055e+00
2.000000000000000000e+03 2.943420410156250000e-02 5.359219074249267578e+00 5.065212026238441467e-02 2.943420410156250000e-02 5.359219074249267578e+00 5.065212026238441467e-02 2.802869081497192383e-01 1.191916823387145996e+00
2.010000000000000000e+03 3.433227539062500000e-02 5.358946800231933594e+00 5.036272108554840088e-02 3.433227539062500000e-02 5.358946800231933594e+00 5.036272108554840088e-02 2.803176045417785645e-01 1.192177891731262207e+00
2.020000000000000000e+03 1.376953125000000000e-01 5.358928680419921875e+00 5.875674262642860413e-02 1.376953125000000000e-01 5.358928680419921875e+00 5.875674262642860413e-02 2.813844382762908936e-01 1.201269626617431641e+00
2.030000000000000000e+03 3.808593750000000000e-02 5.358404636383056641e+00 5.126078054308891296e-02 3.808593750000000000e-02 5.358404636383056641e+00 5.126078054308891296e-02 2.806701362133026123e-01 1.195178389549255371e+00
2.040000000000000000e+03 3.781127929687500000e-02 5.358709812164306641e+00 5.039544031023979187e-02 3.781127929687500000e-02 5.358709812164306641e+00 5.039544031023979187e-02 2.799585759639739990e-01 1.189125776290893555e+00
2.050000000000000000e+03 3.286743164062500000e-02 5.358517169952392578e+00 4.887412860989570618e-02 3.286743164062500000e-02 5.358517169952392578e+00 4.887412860989570618e-02 2.799581289291381836e-01 1.189122080802917480e+00
2.060000000000000000e+03 3.114318847656250000e-02 5.358028888702392578e+00 4.812581464648246765e-02 3.114318847656250000e-02 5.358028888702392578e+00 4.812581464648246765e-02 2.800279557704925537e-01 1.189715147018432617e+00
2.070000000000000000e+03 3.094482421875000000e-02 5.357946872711181641e+00 4.710509628057479858e-02 3.094482421875000000e-02 5.357946872711181641e+00 4.710509628057479858e-02 2.798744440078735352e-01 1.188411355018615723e+00
2.080000000000000000e+03 4.125976562500000000e-02 5.357893943786621094e+00 4.715912789106369019e-02 4.125976562500000000e-02 5.357893943786621094e+00 4.715912789106369019e-02 2.798504233360290527e-01 1.188207507133483887e+00
2.090000000000000000e+03 4.824829101562500000e-02 5.357958793640136719e+00 4.858925938606262207e-02 4.824829101562500000e-02 5.357958793640136719e+00 4.858925938606262207e-02 2.803380191326141357e-01 1.192351460456848145e+00
2.100000000000000000e+03 3.025817871093750000e-02 5.357369899749755859e+00 4.651029780507087708e-02 3.025817871093750000e-02 5.357369899749755859e+00 4.651029780507087708e-02 2.800939977169036865e-01 1.190276622772216797e+00
2.110000000000000000e+03 3.192138671875000000e-02 5.357187271118164062e+00 4.569050669670104980e-02 3.192138671875000000e-02 5.357187271118164062e+00 4.569050669670104980e-02 2.797230780124664307e-01 1.187126278877258301e+00
2.120000000000000000e+03 8.355712890625000000e-02 5.357293605804443359e+00 5.069656670093536377e-02 8.355712890625000000e-02 5.357293605804443359e+00 5.069656670093536377e-02 2.803025543689727783e-01 1.192049860954284668e+00
2.130000000000000000e+03 4.147338867187500000e-02 5.357487201690673828e+00 4.669881984591484070e-02 4.147338867187500000e-02 5.357487201690673828e+00 4.669881984591484070e-02 2.798476517200469971e-01 1.188183784484863281e+00
2.140000000000000000e+03 2.922058105468750000e-02 5.356885433197021484e+00 4.438098147511482239e-02 2.922058105468750000e-02 5.356885433197021484e+00 4.438098147511482239e-02 2.793656289577484131e-01 1.184094071388244629e+00
2.150000000000000000e+03 2.740478515625000000e-02 5.356506347656250000e+00 4.369948059320449829e-02 2.740478515625000000e-02 5.356506347656250000e+00 4.369948059320449829e-02 2.795599400997161865e-01 1.185742020606994629e+00
2.160000000000000000e+03 3.759765625000000000e-02 5.356433391571044922e+00 4.369689151644706726e-02 3.759765625000000000e-02 5.356433391571044922e+00 4.369689151644706726e-02 2.795295715332031250e-01 1.185484290122985840e+00
2.170000000000000000e+03 6.567382812500000000e-02 5.356271743774414062e+00 4.817748814821243286e-02 6.567382812500000000e-02 5.356271743774414062e+00 4.817748814821243286e-02 2.805600166320800781e-01 1.194240689277648926e+00
2.180000000000000000e+03 3.019714355468750000e-02 5.356362819671630859e+00 4.340086504817008972e-02 3.019714355468750000e-02 5.356362819671630859e+00 4.340086504817008972e-02 2.794006168842315674e-01 1.184390783309936523e+00
2.190000000000000000e+03 3.582763671875000000e-02 5.356280326843261719e+00 4.350781813263893127e-02 3.582763671875000000e-02 5.356280326843261719e+00 4.350781813263893127e-02 2.791013121604919434e-01 1.181854605674743652e+00
2.200000000000000000e+03 2.780151367187500000e-02 5.355900764465332031e+00 4.191961511969566345e-02 2.780151367187500000e-02 5.355900764465332031e+00 4.191961511969566345e-02 2.791862487792968750e-01 1.182574152946472168e+00
2.210000000000000000e+03 2.885437011718750000e-02 5.355589389801025391e+00 4.148204252123832703e-02 2.885437011718750000e-02 5.355589389801025391e+00 4.148204252123832703e-02 2.793104648590087891e-01 1.183626174926757812e+00
2.220000000000000000e+03 2.838134765625000000e-02 5.355545520782470703e+00 4.066396877169609070e-02 2.838134765625000000e-02 5.355545520782470703e+00 4.066396877169609070e-02 2.791563570499420166e-01 1.182320833206176758e+00
2.230000000000000000e+03 3.038024902343750000e-02 5.355504035949707031e+00 4.065781459212303162e-02 3.038024902343750000e-02 5.355504035949707031e+00 4.065781459212303162e-02 2.794021666049957275e-01 1.184403896331787109e+00
2.240000000000000000e+03 1.155395507812500000e-01 5.357375144958496094e+00 5.002237856388092041e-02 1.155395507812500000e-01 5.357375144958496094e+00 5.002237856388092041e-02 2.808268070220947266e-01 1.196512818336486816e+00
2.250000000000000000e+03 4.455566406250000000e-02 5.356205940246582031e+00 4.205707460641860962e-02 4.455566406250000000e-02 5.356205940246582031e+00 4.205707460641860962e-02 2.797195315361022949e-01 1.187096238136291504e+00
2.260000000000000000e+03 2.925109863281250000e-02 5.355545043945312500e+00 4.003054648637771606e-02 2.925109863281250000e-02 5.355545043945312500e+00 4.003054648637771606e-02 2.786764502525329590e-01 1.178259134292602539e+00
2.270000000000000000e+03 2.687072753906250000e-02 5.355081081390380859e+00 3.929622471332550049e-02 2.687072753906250000e-02 5.355081081390380859e+00 3.929622471332550049e-02 2.787786424160003662e-01 1.179123401641845703e+00
2.280000000000000000e+03 2.546691894531250000e-02 5.354952335357666016e+00 3.873115405440330505e-02 2.546691894531250000e-02 5.354952335357666016e+00 3.873115405440330505e-02 2.787686884403228760e-01 1.179039359092712402e+00
2.290000000000000000e+03 2.606201171875000000e-02 5.354628086090087891e+00 3.818117454648017883e-02 2.606201171875000000e-02 5.354628086090087891e+00 3.818117454648017883e-02 2.788236141204833984e-01 1.179503798484802246e+00
2.300000000000000000e+03 2.529907226562500000e-02 5.354310989379882812e+00 3.755755722522735596e-02 2.529907226562500000e-02 5.354310989379882812e+00 3.755755722522735596e-02 2.789110839366912842e-01 1.180244088172912598e+00
2.310000000000000000e+03 3.417968750000000000e-02 5.354136466979980469e+00 3.795006126165390015e-02 3.417968750000000000e-02 5.354136466979980469e+00 3.795006126165390015e-02 2.789731919765472412e-01 1.180769681930541992e+00
2.320000000000000000e+03 5.529785156250000000e-02 5.354460716247558594e+00 4.376545920968055725e-02 5.529785156250000000e-02 5.354460716247558594e+00 4.376545920968055725e-02 2.809630334377288818e-01 1.197674036026000977e+00
2.330000000000000000e+03 3.469848632812500000e-02 5.355857849121093750e+00 4.157153144478797913e-02 3.469848632812500000e-02 5.355857849121093750e+00 4.157153144478797913e-02 2.792820930480957031e-01 1.183386325836181641e+00
2.340000000000000000e+03 2.651977539062500000e-02 5.355586528778076172e+00 3.846112638711929321e-02 2.651977539062500000e-02 5.355586528778076172e+00 3.846112638711929321e-02 2.777578830718994141e-01 1.170504570007324219e+00
2.350000000000000000e+03 2.801513671875000000e-02 5.354706287384033203e+00 3.746218979358673096e-02 2.801513671875000000e-02 5.354706287384033203e+00 3.746218979358673096e-02 2.779959440231323242e-01 1.172511696815490723e+00
2.360000000000000000e+03 2.464294433593750000e-02 5.354316234588623047e+00 3.654828667640686035e-02 2.464294433593750000e-02 5.354316234588623047e+00 3.654828667640686035e-02 2.781592905521392822e-01 1.173889875411987305e+00
2.370000000000000000e+03 2.439880371093750000e-02 5.353960037231445312e+00 3.595989197492599487e-02 2.439880371093750000e-02 5.353960037231445312e+00 3.595989197492599487e-02 2.782373428344726562e-01 1.174548864364624023e+00
2.380000000000000000e+03 2.441406250000000000e-02 5.353629589080810547e+00 3.542492166161537170e-02 2.441406250000000000e-02 5.353629589080810547e+00 3.542492166161537170e-02 2.783612906932830811e-01 1.175595521926879883e+00
2.390000000000000000e+03 2.377319335937500000e-02 5.353460788726806641e+00 3.491974249482154846e-02 2.377319335937500000e-02 5.353460788726806641e+00 3.491974249482154846e-02 2.783916592597961426e-01 1.175852060317993164e+00
2.400000000000000000e+03 2.375793457031250000e-02 5.353245258331298828e+00 3.448105230927467346e-02 2.375793457031250000e-02 5.353245258331298828e+00 3.448105230927467346e-02 2.784120440483093262e-01 1.176024436950683594e+00
2.410000000000000000e+03 2.371215820312500000e-02 5.353134632110595703e+00 3.398469090461730957e-02 2.371215820312500000e-02 5.353134632110595703e+00 3.398469090461730957e-02 2.783237099647521973e-01 1.175278306007385254e+00
2.420000000000000000e+03 2.371215820312500000e-02 5.352941036224365234e+00 3.362568840384483337e-02 2.371215820312500000e-02 5.352941036224365234e+00 3.362568840384483337e-02 2.783494889736175537e-01 1.175496101379394531e+00
2.430000000000000000e+03 2.360534667968750000e-02 5.352813720703125000e+00 3.322308510541915894e-02 2.360534667968750000e-02 5.352813720703125000e+00 3.322308510541915894e-02 2.783293724060058594e-01 1.175325989723205566e+00
2.440000000000000000e+03 4.080200195312500000e-02 5.352816104888916016e+00 3.440693765878677368e-02 4.080200195312500000e-02 5.352816104888916016e+00 3.440693765878677368e-02 2.783907353878021240e-01 1.175844311714172363e+00
2.450000000000000000e+03 2.693176269531250000e-02 5.352535247802734375e+00 3.620107844471931458e-02 2.693176269531250000e-02 5.352535247802734375e+00 3.620107844471931458e-02 2.795270979404449463e-01 1.185463309288024902e+00
2.460000000000000000e+03 4.492187500000000000e-02 5.353919982910156250e+00 3.716227412223815918e-02 4.492187500000000000e-02 5.353919982910156250e+00 3.716227412223815918e-02 2.783045172691345215e-01 1.175116300582885742e+00
2.470000000000000000e+03 3.411865234375000000e-02 5.353176593780517578e+00 3.390612080693244934e-02 3.411865234375000000e-02 5.353176593780517578e+00 3.390612080693244934e-02 2.775170803070068359e-01 1.168475985527038574e+00
2.480000000000000000e+03 2.317810058593750000e-02 5.352690219879150391e+00 3.265471011400222778e-02 2.317810058593750000e-02 5.352690219879150391e+00 3.265471011400222778e-02 2.777648568153381348e-01 1.170563340187072754e+00
2.490000000000000000e+03 2.487182617187500000e-02 5.352380275726318359e+00 3.234818950295448303e-02 2.487182617187500000e-02 5.352380275726318359e+00 3.234818950295448303e-02 2.779495418071746826e-01 1.172120332717895508e+00
2.500000000000000000e+03 2.302551269531250000e-02 5.352300167083740234e+00 3.163193166255950928e-02 2.302551269531250000e-02 5.352300167083740234e+00 3.163193166255950928e-02 2.778716385364532471e-01 1.171463251113891602e+00
2.510000000000000000e+03 2.345275878906250000e-02 5.352058410644531250e+00 3.132978826761245728e-02 2.345275878906250000e-02 5.352058410644531250e+00 3.132978826761245728e-02 2.780219316482543945e-01 1.172730922698974609e+00
2.520000000000000000e+03 2.238464355468750000e-02 5.352041721343994141e+00 3.084484860301017761e-02 2.238464355468750000e-02 5.352041721343994141e+00 3.084484860301017761e-02 2.779060304164886475e-01 1.171753406524658203e+00
2.530000000000000000e+03 2.259826660156250000e-02 5.351815700531005859e+00 3.052338398993015289e-02 2.259826660156250000e-02 5.351815700531005859e+00 3.052338398993015289e-02 2.779652476310729980e-01 1.172252893447875977e+00
2.540000000000000000e+03 9.326171875000000000e-02 5.353165149688720703e+00 3.715301305055618286e-02 9.326171875000000000e-02 5.353165149688720703e+00 3.715301305055618286e-02 2.786194682121276855e-01 1.177777409553527832e+00
2.550000000000000000e+03 7.537841796875000000e-02 5.353083610534667969e+00 3.921511769294738770e-02 7.537841796875000000e-02 5.353083610534667969e+00 3.921511769294738770e-02 2.786330282688140869e-01 1.177892088890075684e+00
2.560000000000000000e+03 2.960205078125000000e-02 5.352246761322021484e+00 3.099557943642139435e-02 2.960205078125000000e-02 5.352246761322021484e+00 3.099557943642139435e-02 2.772792875766754150e-01 1.166474103927612305e+00
2.570000000000000000e+03 2.342224121093750000e-02 5.352244377136230469e+00 3.091179206967353821e-02 2.342224121093750000e-02 5.352244377136230469e+00 3.091179206967353821e-02 2.775616049766540527e-01 1.168850660324096680e+00
2.580000000000000000e+03 2.377319335937500000e-02 5.351704597473144531e+00 3.020371310412883759e-02 2.377319335937500000e-02 5.351704597473144531e+00 3.020371310412883759e-02 2.776376605033874512e-01 1.169491410255432129e+00
2.590000000000000000e+03 2.250671386718750000e-02 5.351530075073242188e+00 2.956929057836532593e-02 2.250671386718750000e-02 5.351530075073242188e+00 2.956929057836532593e-02 2.775109410285949707e-01 1.168424010276794434e+00
2.600000000000000000e+03 2.160644531250000000e-02 5.351334095001220703e+00 2.904870174825191498e-02 2.160644531250000000e-02 5.351334095001220703e+00 2.904870174825191498e-02 2.775762081146240234e-01 1.168973803520202637e+00
2.610000000000000000e+03 2.333068847656250000e-02 5.351398944854736328e+00 2.856196835637092590e-02 2.333068847656250000e-02 5.351398944854736328e+00 2.856196835637092590e-02 2.774131298065185547e-01 1.167600512504577637e+00
2.620000000000000000e+03 4.342651367187500000e-02 5.353071212768554688e+00 2.981135249137878418e-02 4.342651367187500000e-02 5.353071212768554688e+00 2.981135249137878418e-02 2.772741317749023438e-01 1.166430830955505371e+00
2.630000000000000000e+03 3.277587890625000000e-02 5.355332374572753906e+00 3.352935239672660828e-02 3.277587890625000000e-02 5.355332374572753906e+00 3.352935239672660828e-02 2.786304056644439697e-01 1.177869915962219238e+00
2.640000000000000000e+03 2.372741699218750000e-02 5.352472305297851562e+00 2.912383340299129486e-02 2.372741699218750000e-02 5.352472305297851562e+00 2.912383340299129486e-02 2.771840393543243408e-01 1.165673017501831055e+00
2.650000000000000000e+03 2.629089355468750000e-02 5.350786209106445312e+00 2.835221588611602783e-02 2.629089355468750000e-02 5.350786209106445312e+00 2.835221588611602783e-02 2.774742841720581055e-01 1.168115496635437012e+00
2.660000000000000000e+03 4.602050781250000000e-02 5.351022243499755859e+00 3.007708676159381866e-02 4.602050781250000000e-02 5.351022243499755859e+00 3.007708676159381866e-02 2.776504158973693848e-01 1.169598937034606934e+00
2.670000000000000000e+03 2.629089355468750000e-02 5.351518630981445312e+00 2.905087172985076904e-02 2.629089355468750000e-02 5.351518630981445312e+00 2.905087172985076904e-02 2.775932550430297852e-01 1.169117450714111328e+00
2.680000000000000000e+03 2.250671386718750000e-02 5.351146221160888672e+00 2.808693237602710724e-02 2.250671386718750000e-02 5.351146221160888672e+00 2.808693237602710724e-02 2.773172855377197266e-01 1.166793942451477051e+00
2.690000000000000000e+03 2.304077148437500000e-02 5.350756168365478516e+00 2.723469771444797516e-02 2.304077148437500000e-02 5.350756168365478516e+00 2.723469771444797516e-02 2.771553397178649902e-01 1.165431737899780273e+00
2.700000000000000000e+03 2.040100097656250000e-02 5.350368022918701172e+00 2.661947719752788544e-02 2.040100097656250000e-02 5.350368022918701172e+00 2.661947719752788544e-02 2.772461473941802979e-01 1.166195392608642578e+00
2.710000000000000000e+03 5.868530273437500000e-02 5.350780487060546875e+00 2.973735146224498749e-02 5.868530273437500000e-02 5.350780487060546875e+00 2.973735146224498749e-02 2.774545252323150635e-01 1.167949080467224121e+00
2.720000000000000000e+03 2.445983886718750000e-02 5.350225925445556641e+00 2.771469578146934509e-02 2.445983886718750000e-02 5.350225925445556641e+00 2.771469578146934509e-02 2.776788473129272461e-01 1.169838309288024902e+00
2.730000000000000000e+03 3.729248046875000000e-02 5.351329326629638672e+00 2.891943790018558502e-02 3.729248046875000000e-02 5.351329326629638672e+00 2.891943790018558502e-02 2.769392132759094238e-01 1.163614630699157715e+00
2.740000000000000000e+03 2.133178710937500000e-02 5.350787162780761719e+00 2.650298736989498138e-02 2.133178710937500000e-02 5.350787162780761719e+00 2.650298736989498138e-02 2.767619788646697998e-01 1.162126064300537109e+00
2.750000000000000000e+03 2.122497558593750000e-02 5.350069046020507812e+00 2.606749907135963440e-02 2.122497558593750000e-02 5.350069046020507812e+00 2.606749907135963440e-02 2.770718336105346680e-01 1.164729356765747070e+00
2.760000000000000000e+03 2.052307128906250000e-02 5.350013256072998047e+00 2.543627656996250153e-02 2.052307128906250000e-02 5.350013256072998047e+00 2.543627656996250153e-02 2.769244015216827393e-01 1.163490056991577148e+00
2.770000000000000000e+03 1.989746093750000000e-02 5.349864959716796875e+00 2.512948587536811829e-02 1.989746093750000000e-02 5.349864959716796875e+00 2.512948587536811829e-02 2.769487500190734863e-01 1.163694977760314941e+00
2.780000000000000000e+03 1.988220214843750000e-02 5.349792957305908203e+00 2.497968636453151703e-02 1.988220214843750000e-02 5.349792957305908203e+00 2.497968636453151703e-02 2.771156728267669678e-01 1.165097951889038086e+00
2.790000000000000000e+03 3.204345703125000000e-02 5.350106239318847656e+00 2.594850212335586548e-02 3.204345703125000000e-02 5.350106239318847656e+00 2.594850212335586548e-02 2.772078514099121094e-01 1.165873169898986816e+00
2.800000000000000000e+03 4.336547851562500000e-02 5.350020408630371094e+00 3.058302588760852814e-02 4.336547851562500000e-02 5.350020408630371094e+00 3.058302588760852814e-02 2.784186303615570068e-01 1.176080107688903809e+00
2.810000000000000000e+03 4.403686523437500000e-02 5.350665569305419922e+00 2.828339114785194397e-02 4.403686523437500000e-02 5.350665569305419922e+00 2.828339114785194397e-02 2.767923772335052490e-01 1.162380933761596680e+00
2.820000000000000000e+03 2.796936035156250000e-02 5.350311279296875000e+00 2.529712021350860596e-02 2.796936035156250000e-02 5.350311279296875000e+00 2.529712021350860596e-02 2.758778929710388184e-01 1.154713034629821777e+00
2.830000000000000000e+03 1.992797851562500000e-02 5.349906444549560547e+00 2.457591332495212555e-02 1.992797851562500000e-02 5.349906444549560547e+00 2.457591332495212555e-02 2.762789130210876465e-01 1.158072710037231445e+00
2.840000000000000000e+03 1.950073242187500000e-02 5.349633693695068359e+00 2.430725097656250000e-02 1.950073242187500000e-02 5.349633693695068359e+00 2.430725097656250000e-02 2.765756249427795410e-01 1.160561203956604004e+00
2.850000000000000000e+03 1.881408691406250000e-02 5.349437713623046875e+00 2.375884167850017548e-02 1.881408691406250000e-02 5.349437713623046875e+00 2.375884167850017548e-02 2.764892876148223877e-01 1.159836649894714355e+00
2.860000000000000000e+03 1.890563964843750000e-02 5.349328517913818359e+00 2.344469353556632996e-02 1.890563964843750000e-02 5.349328517913818359e+00 2.344469353556632996e-02 2.764959633350372314e-01 1.159893035888671875e+00
2.870000000000000000e+03 1.911926269531250000e-02 5.349186897277832031e+00 2.312877774238586426e-02 1.911926269531250000e-02 5.349186897277832031e+00 2.312877774238586426e-02 2.765202820301055908e-01 1.160097122192382812e+00
2.880000000000000000e+03 2.169799804687500000e-02 5.349446296691894531e+00 2.356706559658050537e-02 2.169799804687500000e-02 5.349446296691894531e+00 2.356706559658050537e-02 2.767347097396850586e-01 1.161896944046020508e+00
2.890000000000000000e+03 8.215332031250000000e-02 5.354420185089111328e+00 3.334547206759452820e-02 8.215332031250000000e-02 5.354420185089111328e+00 3.334547206759452820e-02 2.779761850833892822e-01 1.172344803810119629e+00
2.900000000000000000e+03 3.912353515625000000e-02 5.352293968200683594e+00 2.781109139323234558e-02 3.912353515625000000e-02 5.352293968200683594e+00 2.781109139323234558e-02 2.766820788383483887e-01 1.161455035209655762e+00
2.910000000000000000e+03 2.601623535156250000e-02 5.349385738372802734e+00 2.356962300837039948e-02 2.601623535156250000e-02 5.349385738372802734e+00 2.356962300837039948e-02 2.761737406253814697e-01 1.157190918922424316e+00
2.920000000000000000e+03 1.962280273437500000e-02 5.349438190460205078e+00 2.323179505765438080e-02 1.962280273437500000e-02 5.349438190460205078e+00 2.323179505765438080e-02 2.766693532466888428e-01 1.161347985267639160e+00
2.930000000000000000e+03 1.896667480468750000e-02 5.349552631378173828e+00 2.242592535912990570e-02 1.896667480468750000e-02 5.349552631378173828e+00 2.242592535912990570e-02 2.761803567409515381e-01 1.157246232032775879e+00
2.940000000000000000e+03 1.858520507812500000e-02 5.348864078521728516e+00 2.219706401228904724e-02 1.858520507812500000e-02 5.348864078521728516e+00 2.219706401228904724e-02 2.764925360679626465e-01 1.159864187240600586e+00
2.950000000000000000e+03 2.012634277343750000e-02 5.348669528961181641e+00 2.185227163136005402e-02 2.012634277343750000e-02 5.348669528961181641e+00 2.185227163136005402e-02 2.763486504554748535e-01 1.158656954765319824e+00
2.960000000000000000e+03 1.242675781250000000e-01 5.348342895507812500e+00 2.994610369205474854e-02 1.242675781250000000e-01 5.348342895507812500e+00 2.994610369205474854e-02 2.776611149311065674e-01 1.169689178466796875e+00
2.970000000000000000e+03 4.522705078125000000e-02 5.349806308746337891e+00 2.568772621452808380e-02 4.522705078125000000e-02 5.349806308746337891e+00 2.568772621452808380e-02 2.764319777488708496e-01 1.159355998039245605e+00
2.980000000000000000e+03 1.966857910156250000e-02 5.352212429046630859e+00 2.360794879496097565e-02 1.966857910156250000e-02 5.352212429046630859e+00 2.360794879496097565e-02 2.755207717418670654e-01 1.151725530624389648e+00
2.990000000000000000e+03 1.959228515625000000e-02 5.349812507629394531e+00 2.217315137386322021e-02 1.959228515625000000e-02 5.349812507629394531e+00 2.217315137386322021e-02 2.759437263011932373e-01 1.155264377593994141e+00
3.000000000000000000e+03 1.791381835937500000e-02 5.348643302917480469e+00 2.126692980527877808e-02 1.791381835937500000e-02 5.348643302917480469e+00 2.126692980527877808e-02 2.760331928730010986e-01 1.156013607978820801e+00
3.010000000000000000e+03 1.765441894531250000e-02 5.348375320434570312e+00 2.104466222226619720e-02 1.765441894531250000e-02 5.348375320434570312e+00 2.104466222226619720e-02 2.761520445346832275e-01 1.157009124755859375e+00
3.020000000000000000e+03 1.765441894531250000e-02 5.348227024078369141e+00 2.069620043039321899e-02 1.765441894531250000e-02 5.348227024078369141e+00 2.069620043039321899e-02 2.761299014091491699e-01 1.156823515892028809e+00
3.030000000000000000e+03 2.322387695312500000e-02 5.348528385162353516e+00 2.109419368207454681e-02 2.322387695312500000e-02 5.348528385162353516e+00 2.109419368207454681e-02 2.761148512363433838e-01 1.156697511672973633e+00
3.040000000000000000e+03 1.461181640625000000e-01 5.356991291046142578e+00 3.811147063970565796e-02 1.461181640625000000e-01 5.356991291046142578e+00 3.811147063970565796e-02 2.782514095306396484e-01 1.174667835235595703e+00
3.050000000000000000e+03 2.400207519531250000e-02 5.349188327789306641e+00 2.245409972965717316e-02 2.400207519531250000e-02 5.349188327789306641e+00 2.245409972965717316e-02 2.759991288185119629e-01 1.155728220939636230e+00
3.060000000000000000e+03 1.950073242187500000e-02 5.348519802093505859e+00 2.096597477793693542e-02 1.950073242187500000e-02 5.348519802093505859e+00 2.096597477793693542e-02 2.754031419754028320e-01 1.150742411613464355e+00
3.070000000000000000e+03 2.416992187500000000e-02 5.348301887512207031e+00 2.105344459414482117e-02 2.416992187500000000e-02 5.348301887512207031e+00 2.105344459414482117e-02 2.757527828216552734e-01 1.153665900230407715e+00
3.080000000000000000e+03 1.718139648437500000e-02 5.348212718963623047e+00 2.037627808749675751e-02 1.718139648437500000e-02 5.348212718963623047e+00 2.037627808749675751e-02 2.759164273738861084e-01 1.155035734176635742e+00
3.090000000000000000e+03 1.728820800781250000e-02 5.347947120666503906e+00 1.997387595474720001e-02 1.728820800781250000e-02 5.347947120666503906e+00 1.997387595474720001e-02 2.759036421775817871e-01 1.154928803443908691e+00
3.100000000000000000e+03 1.701354980468750000e-02 5.347903728485107422e+00 1.956764981150627136e-02 1.701354980468750000e-02 5.347903728485107422e+00 1.956764981150627136e-02 2.757571637630462646e-01 1.153702616691589355e+00
3.110000000000000000e+03 1.692199707031250000e-02 5.347744464874267578e+00 1.936279237270355225e-02 1.692199707031250000e-02 5.347744464874267578e+00 1.936279237270355225e-02 2.758438587188720703e-01 1.154428124427795410e+00
3.120000000000000000e+03 1.730346679687500000e-02 5.347656250000000000e+00 1.918312162160873413e-02 1.730346679687500000e-02 5.347656250000000000e+00 1.918312162160873413e-02 2.758926451206207275e-01 1.154836773872375488e+00
3.130000000000000000e+03 2.496337890625000000e-02 5.347638607025146484e+00 1.958132907748222351e-02 2.496337890625000000e-02 5.347638607025146484e+00 1.958132907748222351e-02 2.759293615818023682e-01 1.155143976211547852e+00
3.140000000000000000e+03 1.012573242187500000e-01 5.348683357238769531e+00 2.709564007818698883e-02 1.012573242187500000e-01 5.348683357238769531e+00 2.709564007818698883e-02 2.769629061222076416e-01 1.163813710212707520e+00
3.150000000000000000e+03 2.749633789062500000e-02 5.349976539611816406e+00 2.249038033187389374e-02 2.749633789062500000e-02 5.349976539611816406e+00 2.249038033187389374e-02 2.761686146259307861e-01 1.157148241996765137e+00
3.160000000000000000e+03 1.693725585937500000e-02 5.348279476165771484e+00 1.947876811027526855e-02 1.693725585937500000e-02 5.348279476165771484e+00 1.947876811027526855e-02 2.752239406108856201e-01 1.149245262145996094e+00
3.170000000000000000e+03 1.628112792968750000e-02 5.347695827484130859e+00 1.880138367414474487e-02 1.628112792968750000e-02 5.347695827484130859e+00 1.880138367414474487e-02 2.754287719726562500e-01 1.150956273078918457e+00
3.180000000000000000e+03 1.806640625000000000e-02 5.347437858581542969e+00 1.866943389177322388e-02 1.806640625000000000e-02 5.347437858581542969e+00 1.866943389177322388e-02 2.756530344486236572e-01 1.152831673622131348e+00
3.190000000000000000e+03 1.693725585937500000e-02 5.347372531890869141e+00 1.826708577573299408e-02 1.693725585937500000e-02 5.347372531890869141e+00 1.826708577573299408e-02 2.755155861377716064e-01 1.151682138442993164e+00
3.200000000000000000e+03 3.332519531250000000e-02 5.347571372985839844e+00 1.974153891205787659e-02 3.332519531250000000e-02 5.347571372985839844e+00 1.974153891205787659e-02 2.757215499877929688e-01 1.153404831886291504e+00
3.210000000000000000e+03 4.235839843750000000e-02 5.348685741424560547e+00 2.227367460727691650e-02 4.235839843750000000e-02 5.348685741424560547e+00 2.227367460727691650e-02 2.762553095817565918e-01 1.157874703407287598e+00
3.220000000000000000e+03 2.236938476562500000e-02 5.348322868347167969e+00 1.928364485502243042e-02 2.236938476562500000e-02 5.348322868347167969e+00 1.928364485502243042e-02 2.753608822822570801e-01 1.150389075279235840e+00
3.230000000000000000e+03 1.962280273437500000e-02 5.347648620605468750e+00 1.865793950855731964e-02 1.962280273437500000e-02 5.347648620605468750e+00 1.865793950855731964e-02 2.755177021026611328e-01 1.151699781417846680e+00
3.240000000000000000e+03 1.771545410156250000e-02 5.347329616546630859e+00 1.797319389879703522e-02 1.771545410156250000e-02 5.347329616546630859e+00 1.797319389879703522e-02 2.753946781158447266e-01 1.150671482086181641e+00
3.250000000000000000e+03 1.686096191406250000e-02 5.347033023834228516e+00 1.756189018487930298e-02 1.686096191406250000e-02 5.347033023834228516e+00 1.756189018487930298e-02 2.754631042480468750e-01 1.151243567466735840e+00
3.260000000000000000e+03 2.882385253906250000e-02 5.347254753112792969e+00 1.831536740064620972e-02 2.882385253906250000e-02 5.347254753112792969e+00 1.831536740064620972e-02 2.754642069339752197e-01 1.151252627372741699e+00
3.270000000000000000e+03 5.065917968750000000e-02 5.351887702941894531e+00 2.579976245760917664e-02 5.065917968750000000e-02 5.351887702941894531e+00 2.579976245760917664e-02 2.772524058818817139e-01 1.166248083114624023e+00
3.280000000000000000e+03 3.372192382812500000e-02 5.348739624023437500e+00 2.072007767856121063e-02 3.372192382812500000e-02 5.348739624023437500e+00 2.072007767856121063e-02 2.752336263656616211e-01 1.149325966835021973e+00
3.290000000000000000e+03 2.001953125000000000e-02 5.347456455230712891e+00 1.811501011252403259e-02 2.001953125000000000e-02 5.347456455230712891e+00 1.811501011252403259e-02 2.746266126632690430e-01 1.144262194633483887e+00
3.300000000000000000e+03 1.792907714843750000e-02 5.347142696380615234e+00 1.758774742484092712e-02 1.792907714843750000e-02 5.347142696380615234e+00 1.758774742484092712e-02 2.749868631362915039e-01 1.147266149520874023e+00
3.310000000000000000e+03 1.661682128906250000e-02 5.347056865692138672e+00 1.724503561854362488e-02 1.661682128906250000e-02 5.347056865692138672e+00 1.724503561854362488e-02 2.749637067317962646e-01 1.147072792053222656e+00
3.320000000000000000e+03 1.579284667968750000e-02 5.346976757049560547e+00 1.690533012151718140e-02 1.579284667968750000e-02 5.346976757049560547e+00 1.690533012151718140e-02 2.749924957752227783e-01 1.147313117980957031e+00
3.330000000000000000e+03 1.554870605468750000e-02 5.346758365631103516e+00 1.661571860313415527e-02 1.554870605468750000e-02 5.346758365631103516e+00 1.661571860313415527e-02 2.750855088233947754e-01 1.148089408874511719e+00
3.340000000000000000e+03 1.527404785156250000e-02 5.346699714660644531e+00 1.638225093483924866e-02 1.527404785156250000e-02 5.346699714660644531e+00 1.638225093483924866e-02 2.750988900661468506e-01 1.148200988769531250e+00
3.350000000000000000e+03 1.600646972656250000e-02 5.346605777740478516e+00 1.628397591412067413e-02 1.600646972656250000e-02 5.346605777740478516e+00 1.628397591412067413e-02 2.751367092132568359e-01 1.148517012596130371e+00
3.360000000000000000e+03 2.066040039062500000e-02 5.346828460693359375e+00 1.672724820673465729e-02 2.066040039062500000e-02 5.346828460693359375e+00 1.672724820673465729e-02 2.751246392726898193e-01 1.148416161537170410e+00
3.370000000000000000e+03 1.666259765625000000e-01 5.351296901702880859e+00 3.143944591283798218e-02 1.666259765625000000e-01 5.351296901702880859e+00 3.143944591283798218e-02 2.767218649387359619e-01 1.161788940429687500e+00
3.380000000000000000e+03 2.154541015625000000e-02 5.348265647888183594e+00 1.897057332098484039e-02 2.154541015625000000e-02 5.348265647888183594e+00 1.897057332098484039e-02 2.754600048065185547e-01 1.151217579841613770e+00
3.390000000000000000e+03 2.911376953125000000e-02 5.347118854522705078e+00 1.781730353832244873e-02 2.911376953125000000e-02 5.347118854522705078e+00 1.781730353832244873e-02 2.743867039680480957e-01 1.142263889312744141e+00
3.400000000000000000e+03 1.954650878906250000e-02 5.347136497497558594e+00 1.668509468436241150e-02 1.954650878906250000e-02 5.347136497497558594e+00 1.668509468436241150e-02 2.745566070079803467e-01 1.143678903579711914e+00
3.410000000000000000e+03 1.465606689453125000e-02 5.346553802490234375e+00 1.616561785340309143e-02 1.465606689453125000e-02 5.346553802490234375e+00 1.616561785340309143e-02 2.749142050743103027e-01 1.146659970283508301e+00
3.420000000000000000e+03 1.496124267578125000e-02 5.346460342407226562e+00 1.589724794030189514e-02 1.496124267578125000e-02 5.346460342407226562e+00 1.589724794030189514e-02 2.748935520648956299e-01 1.146487593650817871e+00
3.430000000000000000e+03 1.479339599609375000e-02 5.346456050872802734e+00 1.555538736283779144e-02 1.479339599609375000e-02 5.346456050872802734e+00 1.555538736283779144e-02 2.747255861759185791e-01 1.145086884498596191e+00
3.440000000000000000e+03 1.500701904296875000e-02 5.346365451812744141e+00 1.552292052656412125e-02 1.500701904296875000e-02 5.346365451812744141e+00 1.552292052656412125e-02 2.749488055706024170e-01 1.146948575973510742e+00
3.450000000000000000e+03 1.911926269531250000e-02 5.346912860870361328e+00 1.621597260236740112e-02 1.911926269531250000e-02 5.346912860870361328e+00 1.621597260236740112e-02 2.750912010669708252e-01 1.148136973381042480e+00
3.460000000000000000e+03 3.173828125000000000e-02 5.348777294158935547e+00 1.874019764363765717e-02 3.173828125000000000e-02 5.348777294158935547e+00 1.874019764363765717e-02 2.755434811115264893e-01 1.151915192604064941e+00
3.470000000000000000e+03 1.730346679687500000e-02 5.346276760101318359e+00 1.523548550903797150e-02 1.730346679687500000e-02 5.346276760101318359e+00 1.523548550903797150e-02 2.747236788272857666e-01 1.145071029663085938e+00
3.480000000000000000e+03 1.782226562500000000e-02 5.346435546875000000e+00 1.532645616680383682e-02 1.782226562500000000e-02 5.346435546875000000e+00 1.532645616680383682e-02 2.747016251087188721e-01 1.144887447357177734e+00
3.490000000000000000e+03 1.737976074218750000e-02 5.346267700195312500e+00 1.521192677319049835e-02 1.737976074218750000e-02 5.346267700195312500e+00 1.521192677319049835e-02 2.750039994716644287e-01 1.147409081459045410e+00
3.500000000000000000e+03 7.031250000000000000e-02 5.346954822540283203e+00 1.963478513062000275e-02 7.031250000000000000e-02 5.346954822540283203e+00 1.963478513062000275e-02 2.752696275711059570e-01 1.149626731872558594e+00
3.510000000000000000e+03 3.335571289062500000e-02 5.346423625946044922e+00 1.679794304072856903e-02 3.335571289062500000e-02 5.346423625946044922e+00 1.679794304072856903e-02 2.746332883834838867e-01 1.144317984580993652e+00
3.520000000000000000e+03 2.597045898437500000e-02 5.347861289978027344e+00 1.760448515415191650e-02 2.597045898437500000e-02 5.347861289978027344e+00 1.760448515415191650e-02 2.744258344173431396e-01 1.142589569091796875e+00
3.530000000000000000e+03 1.525115966796875000e-02 5.346120357513427734e+00 1.507086586207151413e-02 1.525115966796875000e-02 5.346120357513427734e+00 1.507086586207151413e-02 2.746270298957824707e-01 1.144265651702880859e+00
3.540000000000000000e+03 1.625061035156250000e-02 5.346052169799804688e+00 1.485997810959815979e-02 1.625061035156250000e-02 5.346052169799804688e+00 1.485997810959815979e-02 2.745754420757293701e-01 1.143835902214050293e+00
3.550000000000000000e+03 1.535797119140625000e-02 5.345920085906982422e+00 1.456825621426105499e-02 1.535797119140625000e-02 5.345920085906982422e+00 1.456825621426105499e-02 2.746247053146362305e-01 1.144246220588684082e+00
3.560000000000000000e+03 1.409149169921875000e-02 5.345878124237060547e+00 1.427611336112022400e-02 1.409149169921875000e-02 5.345878124237060547e+00 1.427611336112022400e-02 2.745929360389709473e-01 1.143981695175170898e+00
3.570000000000000000e+03 1.426696777343750000e-02 5.345927715301513672e+00 1.405281107872724533e-02 1.426696777343750000e-02 5.345927715301513672e+00 1.405281107872724533e-02 2.745076119899749756e-01 1.143270611763000488e+00
3.580000000000000000e+03 1.425170898437500000e-02 5.345792293548583984e+00 1.390216592699289322e-02 1.425170898437500000e-02 5.345792293548583984e+00 1.390216592699289322e-02 2.745180726051330566e-01 1.143357872962951660e+00
3.590000000000000000e+03 3.976440429687500000e-02 5.345768928527832031e+00 1.555518526583909988e-02 3.976440429687500000e-02 5.345768928527832031e+00 1.555518526583909988e-02 2.745141386985778809e-01 1.143325090408325195e+00
3.600000000000000000e+03 1.905822753906250000e-02 5.353042602539062500e+00 2.258248068392276764e-02 1.905822753906250000e-02 5.353042602539062500e+00 2.258248068392276764e-02 2.766790688037872314e-01 1.161429762840270996e+00
3.610000000000000000e+03 2.459716796875000000e-02 5.346767425537109375e+00 1.600499451160430908e-02 2.459716796875000000e-02 5.346767425537109375e+00 1.600499451160430908e-02 2.740151286125183105e-01 1.139172315597534180e+00
3.620000000000000000e+03 1.567077636718750000e-02 5.346859455108642578e+00 1.471188198775053024e-02 1.567077636718750000e-02 5.346859455108642578e+00 1.471188198775053024e-02 2.738302946090698242e-01 1.137635827064514160e+00
3.630000000000000000e+03 1.399993896484375000e-02 5.347072124481201172e+00 1.479668170213699341e-02 1.399993896484375000e-02 5.347072124481201172e+00 1.479668170213699341e-02 2.740988433361053467e-01 1.139868378639221191e+00
3.640000000000000000e+03 1.414489746093750000e-02 5.346087932586669922e+00 1.399974711239337921e-02 1.414489746093750000e-02 5.346087932586669922e+00 1.399974711239337921e-02 2.741978168487548828e-01 1.140691518783569336e+00
3.650000000000000000e+03 1.335906982421875000e-02 5.345800876617431641e+00 1.358762662857770920e-02 1.335906982421875000e-02 5.345800876617431641e+00 1.358762662857770920e-02 2.742162346839904785e-01 1.140844821929931641e+00
3.660000000000000000e+03 1.329803466796875000e-02 5.345551013946533203e+00 1.337401010096073151e-02 1.329803466796875000e-02 5.345551013946533203e+00 1.337401010096073151e-02 2.743791639804840088e-01 1.142201185226440430e+00
3.670000000000000000e+03 1.353454589843750000e-02 5.345474243164062500e+00 1.323906332254409790e-02 1.353454589843750000e-02 5.345474243164062500e+00 1.323906332254409790e-02 2.744098305702209473e-01 1.142456293106079102e+00
3.680000000000000000e+03 4.379272460937500000e-02 5.347983837127685547e+00 1.690145395696163177e-02 4.379272460937500000e-02 5.347983837127685547e+00 1.690145395696163177e-02 2.746005356311798096e-01 1.144044756889343262e+00
3.690000000000000000e+03 1.933288574218750000e-02 5.345736503601074219e+00 1.485042925924062729e-02 1.933288574218750000e-02 5.345736503601074219e+00 1.485042925924062729e-02 2.749870419502258301e-01 1.147267460823059082e+00
3.700000000000000000e+03 2.360534667968750000e-02 5.346641540527343750e+00 1.529791206121444702e-02 2.360534667968750000e-02 5.346641540527343750e+00 1.529791206121444702e-02 2.740107178688049316e-01 1.139135479927062988e+00
3.710000000000000000e+03 2.334594726562500000e-02 5.346199035644531250e+00 1.445265207439661026e-02 2.334594726562500000e-02 5.346199035644531250e+00 1.445265207439661026e-02 2.740430533885955811e-01 1.139404177665710449e+00
3.720000000000000000e+03 1.345062255859375000e-02 5.345725059509277344e+00 1.331379264593124390e-02 1.345062255859375000e-02 5.345725059509277344e+00 1.331379264593124390e-02 2.740404009819030762e-01 1.139382362365722656e+00
3.730000000000000000e+03 1.389312744140625000e-02 5.345419883728027344e+00 1.307724416255950928e-02 1.389312744140625000e-02 5.345419883728027344e+00 1.307724416255950928e-02 2.740830481052398682e-01 1.139737010002136230e+00
3.740000000000000000e+03 1.291656494140625000e-02 5.345384597778320312e+00 1.284837257117033005e-02 1.291656494140625000e-02 5.345384597778320312e+00 1.284837257117033005e-02 2.741499245166778564e-01 1.140293240547180176e+00
3.750000000000000000e+03 1.294708251953125000e-02 5.345289230346679688e+00 1.262793224304914474e-02 1.294708251953125000e-02 5.345289230346679688e+00 1.262793224304914474e-02 2.741340696811676025e-01 1.140161395072937012e+00
3.760000000000000000e+03 1.285552978515625000e-02 5.345243930816650391e+00 1.248372066766023636e-02 1.285552978515625000e-02 5.345243930816650391e+00 1.248372066766023636e-02 2.741160690784454346e-01 1.140011548995971680e+00
3.770000000000000000e+03 1.304626464843750000e-02 5.345189571380615234e+00 1.238373573869466782e-02 1.304626464843750000e-02 5.345189571380615234e+00 1.238373573869466782e-02 2.741463780403137207e-01 1.140263795852661133e+00
3.780000000000000000e+03 1.363372802734375000e-02 5.345151424407958984e+00 1.228249166160821915e-02 1.363372802734375000e-02 5.345151424407958984e+00 1.228249166160821915e-02 2.741451561450958252e-01 1.140253543853759766e+00
3.790000000000000000e+03 2.679443359375000000e-02 5.345332622528076172e+00 1.317984331399202347e-02 2.679443359375000000e-02 5.345332622528076172e+00 1.317984331399202347e-02 2.741212248802185059e-01 1.140054345130920410e+00
3.800000000000000000e+03 1.422119140625000000e-01 5.350479125976562500e+00 2.905015647411346436e-02 1.422119140625000000e-01 5.350479125976562500e+00 2.905015647411346436e-02 2.761512398719787598e-01 1.157002568244934082e+00
3.810000000000000000e+03 3.921508789062500000e-02 5.346158981323242188e+00 1.586269401013851166e-02 3.921508789062500000e-02 5.346158981323242188e+00 1.586269401013851166e-02 2.736807465553283691e-01 1.136393785476684570e+00
3.820000000000000000e+03 1.676940917968750000e-02 5.346032142639160156e+00 1.365018729120492935e-02 1.676940917968750000e-02 5.346032142639160156e+00 1.365018729120492935e-02 2.732191085815429688e-01 1.132563352584838867e+00
3.830000000000000000e+03 1.353454589843750000e-02 5.346117496490478516e+00 1.329184230417013168e-02 1.353454589843750000e-02 5.346117496490478516e+00 1.329184230417013168e-02 2.737300395965576172e-01 1.136802792549133301e+00
3.840000000000000000e+03 1.406860351562500000e-02 5.345295429229736328e+00 1.246711518615484238e-02 1.406860351562500000e-02 5.345295429229736328e+00 1.246711518615484238e-02 2.737703621387481689e-01 1.137137770652770996e+00
3.850000000000000000e+03 1.274871826171875000e-02 5.345149517059326172e+00 1.215638965368270874e-02 1.274871826171875000e-02 5.345149517059326172e+00 1.215638965368270874e-02 2.738486528396606445e-01 1.137788534164428711e+00
3.860000000000000000e+03 1.255035400390625000e-02 5.345010280609130859e+00 1.194915175437927246e-02 1.255035400390625000e-02 5.345010280609130859e+00 1.194915175437927246e-02 2.738887667655944824e-01 1.138121843338012695e+00
3.870000000000000000e+03 1.274871826171875000e-02 5.344974040985107422e+00 1.175166387110948563e-02 1.274871826171875000e-02 5.344974040985107422e+00 1.175166387110948563e-02 2.738593220710754395e-01 1.137877106666564941e+00
3.880000000000000000e+03 1.239776611328125000e-02 5.344923019409179688e+00 1.163610257208347321e-02 1.239776611328125000e-02 5.344923019409179688e+00 1.163610257208347321e-02 2.738682627677917480e-01 1.137951374053955078e+00
3.890000000000000000e+03 1.229095458984375000e-02 5.344879150390625000e+00 1.150337513536214828e-02 1.229095458984375000e-02 5.344879150390625000e+00 1.150337513536214828e-02 2.738682329654693604e-01 1.137951135635375977e+00
3.900000000000000000e+03 1.301574707031250000e-02 5.344849109649658203e+00 1.142578851431608200e-02 1.301574707031250000e-02 5.344849109649658203e+00 1.142578851431608200e-02 2.738504707813262939e-01 1.137803435325622559e+00
3.910000000000000000e+03 2.005004882812500000e-02 5.344997406005859375e+00 1.197937689721584320e-02 2.005004882812500000e-02 5.344997406005859375e+00 1.197937689721584320e-02 2.739199995994567871e-01 1.138381361961364746e+00
3.920000000000000000e+03 1.423339843750000000e-01 5.351054191589355469e+00 2.798993326723575592e-02 1.423339843750000000e-01 5.351054191589355469e+00 2.798993326723575592e-02 2.757489383220672607e-01 1.153633952140808105e+00
3.930000000000000000e+03 1.486206054687500000e-02 5.346608161926269531e+00 1.280159223824739456e-02 1.486206054687500000e-02 5.346608161926269531e+00 1.280159223824739456e-02 2.735896706581115723e-01 1.135637402534484863e+00
3.940000000000000000e+03 2.223205566406250000e-02 5.345787048339843750e+00 1.333567500114440918e-02 2.223205566406250000e-02 5.345787048339843750e+00 1.333567500114440918e-02 2.733793556690216064e-01 1.133891940116882324e+00
3.950000000000000000e+03 1.380157470703125000e-02 5.345010757446289062e+00 1.178906485438346863e-02 1.380157470703125000e-02 5.345010757446289062e+00 1.178906485438346863e-02 2.737057209014892578e-01 1.136600852012634277e+00
3.960000000000000000e+03 1.290130615234375000e-02 5.344916343688964844e+00 1.152026001363992691e-02 1.290130615234375000e-02 5.344916343688964844e+00 1.152026001363992691e-02 2.736170291900634766e-01 1.135864615440368652e+00
3.970000000000000000e+03 1.213836669921875000e-02 5.344821453094482422e+00 1.124282740056514740e-02 1.213836669921875000e-02 5.344821453094482422e+00 1.124282740056514740e-02 2.736400365829467773e-01 1.136055588722229004e+00
3.980000000000000000e+03 1.291656494140625000e-02 5.344717979431152344e+00 1.116959564387798309e-02 1.291656494140625000e-02 5.344717979431152344e+00 1.116959564387798309e-02 2.737037539482116699e-01 1.136584639549255371e+00
3.990000000000000000e+03 1.228332519531250000e-02 5.344747066497802734e+00 1.094696391373872757e-02 1.228332519531250000e-02 5.344747066497802734e+00 1.094696391373872757e-02 2.736383080482482910e-01 1.136041045188903809e+00
4.000000000000000000e+03 1.188659667968750000e-02 5.344603061676025391e+00 1.083130296319723129e-02 1.188659667968750000e-02 5.344603061676025391e+00 1.083130296319723129e-02 2.737398445606231689e-01 1.136884331703186035e+00
