# step, loss_train, loss_test, metrics_test
0.000000000000000000e+00 1.252186059951782227e+00 2.606993913650512695e+00 1.252186059951782227e+00 2.606993913650512695e+00 1.013216733932495117e+00 2.604396104812622070e+00
1.000000000000000000e+01 7.853276133537292480e-01 6.997602581977844238e-01 7.853276133537292480e-01 6.997602581977844238e-01 5.237911939620971680e-01 6.960151195526123047e-01
2.000000000000000000e+01 2.826840877532958984e-01 3.180990517139434814e-01 2.826840877532958984e-01 3.180990517139434814e-01 3.529467880725860596e-01 3.160245418548583984e-01
3.000000000000000000e+01 8.546600490808486938e-02 4.781952872872352600e-02 8.546600490808486938e-02 4.781952872872352600e-02 1.373428404331207275e-01 4.785357788205146790e-02
4.000000000000000000e+01 2.001420408487319946e-02 1.674464158713817596e-02 2.001420408487319946e-02 1.674464158713817596e-02 8.091463148593902588e-02 1.660949736833572388e-02
5.000000000000000000e+01 9.539446793496608734e-03 1.162580773234367371e-02 9.539446793496608734e-03 1.162580773234367371e-02 6.733939051628112793e-02 1.150378677994012833e-02
6.000000000000000000e+01 7.348851766437292099e-03 6.339272018522024155e-03 7.348851766437292099e-03 6.339272018522024155e-03 4.949766024947166443e-02 6.215437781065702438e-03
7.000000000000000000e+01 5.087633151561021805e-03 6.347022484987974167e-03 5.087633151561021805e-03 6.347022484987974167e-03 4.951151460409164429e-02 6.218917667865753174e-03
8.000000000000000000e+01 4.069000948220491409e-03 5.711704492568969727e-03 4.069000948220491409e-03 5.711704492568969727e-03 4.690629243850708008e-02 5.581675097346305847e-03
9.000000000000000000e+01 3.561075776815414429e-03 5.327207501977682114e-03 3.561075776815414429e-03 5.327207501977682114e-03 4.534834623336791992e-02 5.217053927481174469e-03
1.000000000000000000e+02 3.281971439719200134e-03 4.990445449948310852e-03 3.281971439719200134e-03 4.990445449948310852e-03 4.389055818319320679e-02 4.887025337666273117e-03
1.100000000000000000e+02 3.117379033938050270e-03 4.639159422367811203e-03 3.117379033938050270e-03 4.639159422367811203e-03 4.231039062142372131e-02 4.541468806564807892e-03
1.200000000000000000e+02 2.949400339275598526e-03 4.374624229967594147e-03 2.949400339275598526e-03 4.374624229967594147e-03 4.109707102179527283e-02 4.284737166017293930e-03
1.300000000000000000e+02 2.782986266538500786e-03 4.157779738306999207e-03 2.782986266538500786e-03 4.157779738306999207e-03 4.006529971957206726e-02 4.072294104844331741e-03
1.400000000000000000e+02 2.656202530488371849e-03 3.938697744160890579e-03 2.656202530488371849e-03 3.938697744160890579e-03 3.899451717734336853e-02 3.857531584799289703e-03
1.500000000000000000e+02 2.544647315517067909e-03 3.733576973900198936e-03 2.544647315517067909e-03 3.733576973900198936e-03 3.796358034014701843e-02 3.656256245449185371e-03
1.600000000000000000e+02 2.439745701849460602e-03 3.545789048075675964e-03 2.439745701849460602e-03 3.545789048075675964e-03 3.699351847171783447e-02 3.471791278570890427e-03
1.700000000000000000e+02 2.346339169889688492e-03 3.367117140442132950e-03 2.346339169889688492e-03 3.367117140442132950e-03 3.604822978377342224e-02 3.296630457043647766e-03
1.800000000000000000e+02 2.259477972984313965e-03 3.199672559276223183e-03 2.259477972984313965e-03 3.199672559276223183e-03 3.513913974165916443e-02 3.132453188300132751e-03
1.900000000000000000e+02 2.176671754568815231e-03 3.043677425011992455e-03 2.176671754568815231e-03 3.043677425011992455e-03 3.427111729979515076e-02 2.979606622830033302e-03
2.000000000000000000e+02 2.099359640851616859e-03 2.895807847380638123e-03 2.099359640851616859e-03 2.895807847380638123e-03 3.342772647738456726e-02 2.834758022800087929e-03
2.100000000000000000e+02 2.026602393016219139e-03 2.755447989329695702e-03 2.026602393016219139e-03 2.755447989329695702e-03 3.260696679353713989e-02 2.697262447327375412e-03
2.200000000000000000e+02 1.958057051524519920e-03 2.621635561808943748e-03 1.958057051524519920e-03 2.621635561808943748e-03 3.180510923266410828e-02 2.566233277320861816e-03
2.300000000000000000e+02 1.893103704787790775e-03 2.493900479748845100e-03 1.893103704787790775e-03 2.493900479748845100e-03 3.102061897516250610e-02 2.441199729219079018e-03
2.400000000000000000e+02 1.831200905144214630e-03 2.371872542425990105e-03 1.831200905144214630e-03 2.371872542425990105e-03 3.025238774716854095e-02 2.321783686056733131e-03
2.500000000000000000e+02 1.772259362041950226e-03 2.254876075312495232e-03 1.772259362041950226e-03 2.254876075312495232e-03 2.949723973870277405e-02 2.207318786531686783e-03
2.600000000000000000e+02 1.715809339657425880e-03 2.142740879207849503e-03 1.715809339657425880e-03 2.142740879207849503e-03 2.875500917434692383e-02 2.097632270306348801e-03
2.700000000000000000e+02 1.661596354097127914e-03 2.035194076597690582e-03 1.661596354097127914e-03 2.035194076597690582e-03 2.802478894591331482e-02 1.992448233067989349e-03
2.800000000000000000e+02 1.609416562132537365e-03 1.931996899656951427e-03 1.609416562132537365e-03 1.931996899656951427e-03 2.730583399534225464e-02 1.891530002467334270e-03
2.900000000000000000e+02 1.559058320708572865e-03 1.832998357713222504e-03 1.559058320708572865e-03 1.832998357713222504e-03 2.659790776669979095e-02 1.794722862541675568e-03
3.000000000000000000e+02 1.510356785729527473e-03 1.738064805977046490e-03 1.510356785729527473e-03 1.738064805977046490e-03 2.590087987482547760e-02 1.701889676041901112e-03
3.100000000000000000e+02 1.463180175051093102e-03 1.647078199312090874e-03 1.463180175051093102e-03 1.647078199312090874e-03 2.521471306681632996e-02 1.612911117263138294e-03
3.200000000000000000e+02 1.417412422597408295e-03 1.559950411319732666e-03 1.417412422597408295e-03 1.559950411319732666e-03 2.453958615660667419e-02 1.527695450931787491e-03
3.300000000000000000e+02 1.372956437990069389e-03 1.476607634685933590e-03 1.372956437990069389e-03 1.476607634685933590e-03 2.387581020593643188e-02 1.446167356334626675e-03
3.400000000000000000e+02 1.329739112406969070e-03 1.396974432282149792e-03 1.329739112406969070e-03 1.396974432282149792e-03 2.322371676564216614e-02 1.368251163512468338e-03
3.500000000000000000e+02 1.287700491957366467e-03 1.320983748883008957e-03 1.287700491957366467e-03 1.320983748883008957e-03 2.258371748030185699e-02 1.293877721764147282e-03
3.600000000000000000e+02 1.246781903319060802e-03 1.248577376827597618e-03 1.246781903319060802e-03 1.248577376827597618e-03 2.195635437965393066e-02 1.222989754751324654e-03
3.700000000000000000e+02 1.206945045851171017e-03 1.179684652015566826e-03 1.206945045851171017e-03 1.179684652015566826e-03 2.134210243821144104e-02 1.155518111772835255e-03
3.800000000000000000e+02 1.168157206848263741e-03 1.114231650717556477e-03 1.168157206848263741e-03 1.114231650717556477e-03 2.074144035577774048e-02 1.091390498913824558e-03
3.900000000000000000e+02 1.130390679463744164e-03 1.052141073159873486e-03 1.130390679463744164e-03 1.052141073159873486e-03 2.015485614538192749e-02 1.030532759614288807e-03
4.000000000000000000e+02 1.093621016480028629e-03 9.933302644640207291e-04 1.093621016480028629e-03 9.933302644640207291e-04 1.958282478153705597e-02 9.728660807013511658e-04
4.100000000000000000e+02 1.057832152582705021e-03 9.377080132253468037e-04 1.057832152582705021e-03 9.377080132253468037e-04 1.902575045824050903e-02 9.183030342683196068e-04
4.200000000000000000e+02 1.023007906042039394e-03 8.851761813275516033e-04 1.023007906042039394e-03 8.851761813275516033e-04 1.848399266600608826e-02 8.667502552270889282e-04
4.300000000000000000e+02 9.891389636322855949e-04 8.356301696039736271e-04 9.891389636322855949e-04 8.356301696039736271e-04 1.795784942805767059e-02 8.181086159311234951e-04
4.400000000000000000e+02 9.562103077769279480e-04 7.889688131399452686e-04 9.562103077769279480e-04 7.889688131399452686e-04 1.744764670729637146e-02 7.722823647782206535e-04
4.500000000000000000e+02 9.242207161150872707e-04 7.450737175531685352e-04 9.242207161150872707e-04 7.450737175531685352e-04 1.695350743830204010e-02 7.291577639989554882e-04
4.600000000000000000e+02 8.931632619351148605e-04 7.038325420580804348e-04 8.931632619351148605e-04 7.038325420580804348e-04 1.647559739649295807e-02 6.886280607432126999e-04
4.700000000000000000e+02 8.630332304164767265e-04 6.651329458691179752e-04 8.630332304164767265e-04 6.651329458691179752e-04 1.601404696702957153e-02 6.505856290459632874e-04
4.800000000000000000e+02 8.338288753293454647e-04 6.288549629971385002e-04 8.338288753293454647e-04 6.288549629971385002e-04 1.556885428726673126e-02 6.149158580228686333e-04
4.900000000000000000e+02 8.055446669459342957e-04 5.948873586021363735e-04 8.055446669459342957e-04 5.948873586021363735e-04 1.514007616788148880e-02 5.815117619931697845e-04
5.000000000000000000e+02 7.781815947964787483e-04 5.631123785860836506e-04 7.781815947964787483e-04 5.631123785860836506e-04 1.472761854529380798e-02 5.502593703567981720e-04
5.100000000000000000e+02 7.517341291531920433e-04 5.334193701855838299e-04 7.517341291531920433e-04 5.334193701855838299e-04 1.433143112808465958e-02 5.210525123402476311e-04
5.200000000000000000e+02 7.262013386934995651e-04 5.056956433691084385e-04 7.262013386934995651e-04 5.056956433691084385e-04 1.395134627819061279e-02 4.937812336720526218e-04
5.300000000000000000e+02 7.015747250989079475e-04 4.798370064236223698e-04 7.015747250989079475e-04 4.798370064236223698e-04 1.358725316822528839e-02 4.683448350988328457e-04
5.400000000000000000e+02 6.778516108170151711e-04 4.557339998427778482e-04 6.778516108170151711e-04 4.557339998427778482e-04 1.323888543993234634e-02 4.446365928743034601e-04
5.500000000000000000e+02 6.550188991241157055e-04 4.332888929639011621e-04 6.550188991241157055e-04 4.332888929639011621e-04 1.290606148540973663e-02 4.225613956805318594e-04
5.600000000000000000e+02 6.330691976472735405e-04 4.124000843148678541e-04 6.330691976472735405e-04 4.124000843148678541e-04 1.258845627307891846e-02 4.020197084173560143e-04
5.700000000000000000e+02 6.119891186244785786e-04 3.929723170585930347e-04 6.119891186244785786e-04 3.929723170585930347e-04 1.228575594723224640e-02 3.829182824119925499e-04
5.800000000000000000e+02 5.917617236264050007e-04 3.749152529053390026e-04 5.917617236264050007e-04 3.749152529053390026e-04 1.199763268232345581e-02 3.651687002275139093e-04
5.900000000000000000e+02 5.723736830987036228e-04 3.581369819585233927e-04 5.723736830987036228e-04 3.581369819585233927e-04 1.172364596277475357e-02 3.486806235741823912e-04
6.000000000000000000e+02 5.538034602068364620e-04 3.425535105634480715e-04 5.538034602068364620e-04 3.425535105634480715e-04 1.146339718252420425e-02 3.333719505462795496e-04
6.100000000000000000e+02 5.360305076465010643e-04 3.280842502135783434e-04 5.360305076465010643e-04 3.280842502135783434e-04 1.121643930673599243e-02 3.191628784406930208e-04
6.200000000000000000e+02 5.190318915992975235e-04 3.146502422168850899e-04 5.190318915992975235e-04 3.146502422168850899e-04 1.098227873444557190e-02 3.059759328607469797e-04
6.300000000000000000e+02 5.027856095694005489e-04 3.021763404831290245e-04 5.027856095694005489e-04 3.021763404831290245e-04 1.076039765030145645e-02 2.937372191809117794e-04
6.400000000000000000e+02 4.872655554208904505e-04 2.905938308686017990e-04 4.872655554208904505e-04 2.905938308686017990e-04 1.055029500275850296e-02 2.823784889187663794e-04
6.500000000000000000e+02 4.724458558484911919e-04 2.798343484755605459e-04 4.724458558484911919e-04 2.798343484755605459e-04 1.035141572356224060e-02 2.718328323680907488e-04
6.600000000000000000e+02 4.582993278745561838e-04 2.698370954021811485e-04 4.582993278745561838e-04 2.698370954021811485e-04 1.016324665397405624e-02 2.620398299768567085e-04
6.700000000000000000e+02 4.447986138984560966e-04 2.605419140309095383e-04 4.447986138984560966e-04 2.605419140309095383e-04 9.985228069126605988e-03 2.529404882807284594e-04
6.800000000000000000e+02 4.319178988225758076e-04 2.518929832149296999e-04 4.319178988225758076e-04 2.518929832149296999e-04 9.816797450184822083e-03 2.444792189635336399e-04
6.900000000000000000e+02 4.196283989585936069e-04 2.438399969832971692e-04 4.196283989585936069e-04 2.438399969832971692e-04 9.657442569732666016e-03 2.366065164096653461e-04
7.000000000000000000e+02 4.079054924659430981e-04 2.363326493650674820e-04 4.079054924659430981e-04 2.363326493650674820e-04 9.506595320999622345e-03 2.292727294843643904e-04
7.100000000000000000e+02 3.967199590988457203e-04 2.293284487677738070e-04 3.967199590988457203e-04 2.293284487677738070e-04 9.363776072859764099e-03 2.224356285296380520e-04
7.200000000000000000e+02 3.860472352243959904e-04 2.227850491181015968e-04 3.860472352243959904e-04 2.227850491181015968e-04 9.228460490703582764e-03 2.160532894777134061e-04
7.300000000000000000e+02 3.758608945645391941e-04 2.166649355785921216e-04 3.758608945645391941e-04 2.166649355785921216e-04 9.100182913243770599e-03 2.100886631524190307e-04
7.400000000000000000e+02 3.661363734863698483e-04 2.109329216182231903e-04 3.661363734863698483e-04 2.109329216182231903e-04 8.978480473160743713e-03 2.045069268206134439e-04
7.500000000000000000e+02 3.568514366634190083e-04 2.055551740340888500e-04 3.568514366634190083e-04 2.055551740340888500e-04 8.862875401973724365e-03 1.992744946619495749e-04
7.600000000000000000e+02 3.479809383861720562e-04 2.005043206736445427e-04 3.479809383861720562e-04 2.005043206736445427e-04 8.753004483878612518e-03 1.943643874255940318e-04
7.700000000000000000e+02 3.395041858311742544e-04 1.957517524715512991e-04 3.395041858311742544e-04 1.957517524715512991e-04 8.648438379168510437e-03 1.897482143249362707e-04
7.800000000000000000e+02 3.313988563604652882e-04 1.912738225655630231e-04 3.313988563604652882e-04 1.912738225655630231e-04 8.548825047910213470e-03 1.854023576015606523e-04
7.900000000000000000e+02 3.236459742765873671e-04 1.870470441645011306e-04 3.236459742765873671e-04 1.870470441645011306e-04 8.453808724880218506e-03 1.813039125408977270e-04
8.000000000000000000e+02 3.162252542097121477e-04 1.830515684559941292e-04 3.162252542097121477e-04 1.830515684559941292e-04 8.363079279661178589e-03 1.774331758497282863e-04
8.100000000000000000e+02 3.091201069764792919e-04 1.792675029719248414e-04 3.091201069764792919e-04 1.792675029719248414e-04 8.276303298771381378e-03 1.737701531965285540e-04
8.200000000000000000e+02 3.023118188139051199e-04 1.756787678459659219e-04 3.023118188139051199e-04 1.756787678459659219e-04 8.193227462470531464e-03 1.702991285128518939e-04
8.300000000000000000e+02 2.957849937956780195e-04 1.722694141790270805e-04 2.957849937956780195e-04 1.722694141790270805e-04 8.113584481179714203e-03 1.670043857302516699e-04
8.400000000000000000e+02 2.895236830227077007e-04 1.690256030997261405e-04 2.895236830227077007e-04 1.690256030997261405e-04 8.037135004997253418e-03 1.638720568735152483e-04
8.500000000000000000e+02 2.835136838257312775e-04 1.659336994634941220e-04 2.835136838257312775e-04 1.659336994634941220e-04 7.963641546666622162e-03 1.608887978363782167e-04
8.600000000000000000e+02 2.777407062239944935e-04 1.629831240279600024e-04 2.777407062239944935e-04 1.629831240279600024e-04 7.892925292253494263e-03 1.580441021360456944e-04
8.700000000000000000e+02 2.721929922699928284e-04 1.601616095285862684e-04 2.721929922699928284e-04 1.601616095285862684e-04 7.824755273759365082e-03 1.553258916828781366e-04
8.800000000000000000e+02 2.668574452400207520e-04 1.574615598656237125e-04 2.668574452400207520e-04 1.574615598656237125e-04 7.759004831314086914e-03 1.527265121694654226e-04
8.900000000000000000e+02 2.617226273287087679e-04 1.548728905618190765e-04 2.617226273287087679e-04 1.548728905618190765e-04 7.695486303418874741e-03 1.502361701568588614e-04
9.000000000000000000e+02 2.567784977145493031e-04 1.523876271676272154e-04 2.567784977145493031e-04 1.523876271676272154e-04 7.634049281477928162e-03 1.478469202993437648e-04
9.100000000000000000e+02 2.520145208109170198e-04 1.499981590313836932e-04 2.520145208109170198e-04 1.499981590313836932e-04 7.574552204459905624e-03 1.455513556720688939e-04
9.200000000000000000e+02 2.474210050422698259e-04 1.476989418733865023e-04 2.474210050422698259e-04 1.476989418733865023e-04 7.516892161220312119e-03 1.433438301319256425e-04
9.300000000000000000e+02 2.429896121611818671e-04 1.454832672607153654e-04 2.429896121611818671e-04 1.454832672607153654e-04 7.460938766598701477e-03 1.412177516613155603e-04
9.400000000000000000e+02 2.387119020568206906e-04 1.433449797332286835e-04 2.387119020568206906e-04 1.433449797332286835e-04 7.406573276966810226e-03 1.391672558384016156e-04
9.500000000000000000e+02 2.345795219298452139e-04 1.412800047546625137e-04 2.345795219298452139e-04 1.412800047546625137e-04 7.353719789534807205e-03 1.371881226077675819e-04
9.600000000000000000e+02 2.305856760358437896e-04 1.392833510180935264e-04 2.305856760358437896e-04 1.392833510180935264e-04 7.302278652787208557e-03 1.352755061816424131e-04
9.700000000000000000e+02 2.267235977342352271e-04 1.373505074298009276e-04 2.267235977342352271e-04 1.373505074298009276e-04 7.252154871821403503e-03 1.334247790509834886e-04
9.800000000000000000e+02 2.229863748652860522e-04 1.354779815301299095e-04 2.229863748652860522e-04 1.354779815301299095e-04 7.203292101621627808e-03 1.316328998655080795e-04
9.900000000000000000e+02 2.193682739743962884e-04 1.336614950560033321e-04 2.193682739743962884e-04 1.336614950560033321e-04 7.155593484640121460e-03 1.298953720834106207e-04
1.000000000000000000e+03 2.158634160878136754e-04 1.318983413511887193e-04 2.158634160878136754e-04 1.318983413511887193e-04 7.109007798135280609e-03 1.282095472561195493e-04
1.010000000000000000e+03 2.124660386471077800e-04 1.301858428632840514e-04 2.124660386471077800e-04 1.301858428632840514e-04 7.063488941639661789e-03 1.265729661099612713e-04
1.020000000000000000e+03 2.091714850394055247e-04 1.285210310015827417e-04 2.091714850394055247e-04 1.285210310015827417e-04 7.018969394266605377e-03 1.249824854312464595e-04
1.030000000000000000e+03 2.059751568594947457e-04 1.269005151698365808e-04 2.059751568594947457e-04 1.269005151698365808e-04 6.975376512855291367e-03 1.234348164871335030e-04
1.040000000000000000e+03 2.028722228715196252e-04 1.253229711437597871e-04 2.028722228715196252e-04 1.253229711437597871e-04 6.932694464921951294e-03 1.219288533320650458e-04
1.050000000000000000e+03 1.998586230911314487e-04 1.237855467479676008e-04 1.998586230911314487e-04 1.237855467479676008e-04 6.890857592225074768e-03 1.204616637551225722e-04
1.060000000000000000e+03 1.969304430531337857e-04 1.222869177581742406e-04 1.969304430531337857e-04 1.222869177581742406e-04 6.849840283393859863e-03 1.190318653243593872e-04
1.070000000000000000e+03 1.940840884344652295e-04 1.208242247230373323e-04 1.940840884344652295e-04 1.208242247230373323e-04 6.809580605477094650e-03 1.176367804873734713e-04
1.080000000000000000e+03 1.913155720103532076e-04 1.193965363199822605e-04 1.913155720103532076e-04 1.193965363199822605e-04 6.770064588636159897e-03 1.162754488177597523e-04
1.090000000000000000e+03 1.886215322883799672e-04 1.180021208710968494e-04 1.886215322883799672e-04 1.180021208710968494e-04 6.731254979968070984e-03 1.149461677414365113e-04
1.100000000000000000e+03 1.859994663391262293e-04 1.166390793514437973e-04 1.859994663391262293e-04 1.166390793514437973e-04 6.693108007311820984e-03 1.136470236815512180e-04
1.110000000000000000e+03 1.834459108067676425e-04 1.153065240941941738e-04 1.834459108067676425e-04 1.153065240941941738e-04 6.655610166490077972e-03 1.123771799029782414e-04
1.120000000000000000e+03 1.809580717235803604e-04 1.140028980444185436e-04 1.809580717235803604e-04 1.140028980444185436e-04 6.618732120841741562e-03 1.111352830776013434e-04
1.130000000000000000e+03 1.785334316082298756e-04 1.127266805269755423e-04 1.785334316082298756e-04 1.127266805269755423e-04 6.582428701221942902e-03 1.099194851121865213e-04
1.140000000000000000e+03 1.761690218700096011e-04 1.114773331210017204e-04 1.761690218700096011e-04 1.114773331210017204e-04 6.546705029904842377e-03 1.087296186597086489e-04
1.150000000000000000e+03 1.738628634484484792e-04 1.102535607060417533e-04 1.738628634484484792e-04 1.102535607060417533e-04 6.511527579277753830e-03 1.075642867363058031e-04
1.160000000000000000e+03 1.716127153486013412e-04 1.090538062271662056e-04 1.716127153486013412e-04 1.090538062271662056e-04 6.476857699453830719e-03 1.064219177351333201e-04
1.170000000000000000e+03 1.694164238870143890e-04 1.078782952390611172e-04 1.694164238870143890e-04 1.078782952390611172e-04 6.442709825932979584e-03 1.053027008310891688e-04
1.180000000000000000e+03 1.672718353802338243e-04 1.067248958861455321e-04 1.672718353802338243e-04 1.067248958861455321e-04 6.409030407667160034e-03 1.042046351358294487e-04
1.190000000000000000e+03 1.651766651775687933e-04 1.055937318596988916e-04 1.651766651775687933e-04 1.055937318596988916e-04 6.375832017511129379e-03 1.031278952723369002e-04
1.200000000000000000e+03 1.631296909181401134e-04 1.044835516950115561e-04 1.631296909181401134e-04 1.044835516950115561e-04 6.343076936900615692e-03 1.020709896693006158e-04
1.210000000000000000e+03 1.611284678801894188e-04 1.033935477607883513e-04 1.611284678801894188e-04 1.033935477607883513e-04 6.310758646577596664e-03 1.010335254250094295e-04
1.220000000000000000e+03 1.591719483258202672e-04 1.023232034640386701e-04 1.591719483258202672e-04 1.023232034640386701e-04 6.278860382735729218e-03 1.000147240119986236e-04
1.230000000000000000e+03 1.572582987137138844e-04 1.012717548292130232e-04 1.572582987137138844e-04 1.012717548292130232e-04 6.247370038181543350e-03 9.901404700940474868e-05
1.240000000000000000e+03 1.553858310217037797e-04 1.002387580228969455e-04 1.553858310217037797e-04 1.002387580228969455e-04 6.216275040060281754e-03 9.803084685700014234e-05
1.250000000000000000e+03 1.535532355774194002e-04 9.922350000124424696e-05 1.535532355774194002e-04 9.922350000124424696e-05 6.185559555888175964e-03 9.706448327051475644e-05
1.260000000000000000e+03 1.517590717412531376e-04 9.822570427786558867e-05 1.517590717412531376e-04 9.822570427786558867e-05 6.155222654342651367e-03 9.611471614334732294e-05
1.270000000000000000e+03 1.500018552178516984e-04 9.724444680614396930e-05 1.500018552178516984e-04 9.724444680614396930e-05 6.125243380665779114e-03 9.518075239611789584e-05
1.280000000000000000e+03 1.482807128923013806e-04 9.627942199585959315e-05 1.482807128923013806e-04 9.627942199585959315e-05 6.095614284276962280e-03 9.426214091945439577e-05
1.290000000000000000e+03 1.465942041249945760e-04 9.533008415019139647e-05 1.465942041249945760e-04 9.533008415019139647e-05 6.066324189305305481e-03 9.335843787994235754e-05
1.300000000000000000e+03 1.449410192435607314e-04 9.439593850402161479e-05 1.449410192435607314e-04 9.439593850402161479e-05 6.037359125912189484e-03 9.246903937309980392e-05
1.310000000000000000e+03 1.433205907233059406e-04 9.347675950266420841e-05 1.433205907233059406e-04 9.347675950266420841e-05 6.008720025420188904e-03 9.159384353552013636e-05
1.320000000000000000e+03 1.417314197169616818e-04 9.257151396013796329e-05 1.417314197169616818e-04 9.257151396013796329e-05 5.980384070426225662e-03 9.073200635612010956e-05
1.330000000000000000e+03 1.401725457981228828e-04 9.168055112240836024e-05 1.401725457981228828e-04 9.168055112240836024e-05 5.952356848865747452e-03 8.988354966277256608e-05
1.340000000000000000e+03 1.386432413710281253e-04 9.080323070520535111e-05 1.386432413710281253e-04 9.080323070520535111e-05 5.924622528254985809e-03 8.904790593078359962e-05
1.350000000000000000e+03 1.371424586977809668e-04 8.993865048978477716e-05 1.371424586977809668e-04 8.993865048978477716e-05 5.897167138755321503e-03 8.822450763545930386e-05
1.360000000000000000e+03 1.356689754175022244e-04 8.908769814297556877e-05 1.356689754175022244e-04 8.908769814297556877e-05 5.870010703802108765e-03 8.741382771404460073e-05
1.370000000000000000e+03 1.342224277323111892e-04 8.824895485304296017e-05 1.342224277323111892e-04 8.824895485304296017e-05 5.843121092766523361e-03 8.661480387672781944e-05
1.380000000000000000e+03 1.328014623140916228e-04 8.742257341509684920e-05 1.328014623140916228e-04 8.742257341509684920e-05 5.816498771309852600e-03 8.582734881201758981e-05
1.390000000000000000e+03 1.314059627475216985e-04 8.660790626890957355e-05 1.314059627475216985e-04 8.660790626890957355e-05 5.790131632238626480e-03 8.505096047883853316e-05
1.400000000000000000e+03 1.300348521908745170e-04 8.580488793086260557e-05 1.300348521908745170e-04 8.580488793086260557e-05 5.764019209891557693e-03 8.428556611761450768e-05
1.410000000000000000e+03 1.286873302888125181e-04 8.501343836542218924e-05 1.286873302888125181e-04 8.501343836542218924e-05 5.738160572946071625e-03 8.353100565727800131e-05
1.420000000000000000e+03 1.273627422051504254e-04 8.423287363257259130e-05 1.273627422051504254e-04 8.423287363257259130e-05 5.712543148547410965e-03 8.278684254037216306e-05
1.430000000000000000e+03 1.260606513824313879e-04 8.346300455741584301e-05 1.260606513824313879e-04 8.346300455741584301e-05 5.687156226485967636e-03 8.205265476135537028e-05
1.440000000000000000e+03 1.247800828423351049e-04 8.270381658803671598e-05 1.247800828423351049e-04 8.270381658803671598e-05 5.662008654326200485e-03 8.132861694321036339e-05
1.450000000000000000e+03 1.235207018908113241e-04 8.195492409868165851e-05 1.235207018908113241e-04 8.195492409868165851e-05 5.637084133923053741e-03 8.061417611315846443e-05
1.460000000000000000e+03 1.222818100359290838e-04 8.121613063849508762e-05 1.222818100359290838e-04 8.121613063849508762e-05 5.612384993582963943e-03 7.990928861545398831e-05
1.470000000000000000e+03 1.210630871355533600e-04 8.048697054618969560e-05 1.210630871355533600e-04 8.048697054618969560e-05 5.587895400822162628e-03 7.921343785710632801e-05
1.480000000000000000e+03 1.198633472085930407e-04 7.976790220709517598e-05 1.198633472085930407e-04 7.976790220709517598e-05 5.563633050769567490e-03 7.852706039557233453e-05
1.490000000000000000e+03 1.186827939818613231e-04 7.905783422756940126e-05 1.186827939818613231e-04 7.905783422756940126e-05 5.539570003747940063e-03 7.784926128806546330e-05
1.500000000000000000e+03 1.175208162749186158e-04 7.835710130166262388e-05 1.175208162749186158e-04 7.835710130166262388e-05 5.515709985047578812e-03 7.718007691437378526e-05
1.510000000000000000e+03 1.163766137324273586e-04 7.766530325170606375e-05 1.163766137324273586e-04 7.766530325170606375e-05 5.492049735039472580e-03 7.651934720342978835e-05
1.520000000000000000e+03 1.152496988652274013e-04 7.698241824982687831e-05 1.152496988652274013e-04 7.698241824982687831e-05 5.468588322401046753e-03 7.586698484374210238e-05
1.530000000000000000e+03 1.141400498454459012e-04 7.630792970303446054e-05 1.141400498454459012e-04 7.630792970303446054e-05 5.445311777293682098e-03 7.522252417402341962e-05
1.540000000000000000e+03 1.130467862822115421e-04 7.564226689282804728e-05 1.130467862822115421e-04 7.564226689282804728e-05 5.422236397862434387e-03 7.458632171619683504e-05
1.550000000000000000e+03 1.119698354159481823e-04 7.498481863876804709e-05 1.119698354159481823e-04 7.498481863876804709e-05 5.399345420300960541e-03 7.395790453301742673e-05
1.560000000000000000e+03 1.109085569623857737e-04 7.433513383148238063e-05 1.109085569623857737e-04 7.433513383148238063e-05 5.376623012125492096e-03 7.333672692766413093e-05
1.570000000000000000e+03 1.098625289159826934e-04 7.369389641098678112e-05 1.098625289159826934e-04 7.369389641098678112e-05 5.354096181690692902e-03 7.272348739206790924e-05
1.580000000000000000e+03 1.088319768314249814e-04 7.306007319130003452e-05 1.088319768314249814e-04 7.306007319130003452e-05 5.331729538738727570e-03 7.211716001620516181e-05
1.590000000000000000e+03 1.078158311429433525e-04 7.243404252221807837e-05 1.078158311429433525e-04 7.243404252221807837e-05 5.309542175382375717e-03 7.151819590944796801e-05
1.600000000000000000e+03 1.068140772986225784e-04 7.181540422607213259e-05 1.068140772986225784e-04 7.181540422607213259e-05 5.287520587444305420e-03 7.092618034221231937e-05
1.610000000000000000e+03 1.058262059814296663e-04 7.120404188754037023e-05 1.058262059814296663e-04 7.120404188754037023e-05 5.265661980956792831e-03 7.034096779534593225e-05
1.620000000000000000e+03 1.048520862241275609e-04 7.059987547108903527e-05 1.048520862241275609e-04 7.059987547108903527e-05 5.243970546871423721e-03 6.976263830438256264e-05
1.630000000000000000e+03 1.038914269884116948e-04 7.000272307777777314e-05 1.038914269884116948e-04 7.000272307777777314e-05 5.222429521381855011e-03 6.919066072441637516e-05
1.640000000000000000e+03 1.029438935802318156e-04 6.941265746718272567e-05 1.029438935802318156e-04 6.941265746718272567e-05 5.201051943004131317e-03 6.862537702545523643e-05
1.650000000000000000e+03 1.020089912344701588e-04 6.882946036057546735e-05 1.020089912344701588e-04 6.882946036057546735e-05 5.179835949093103409e-03 6.806663441238924861e-05
1.660000000000000000e+03 1.010864580166526139e-04 6.825320451753214002e-05 1.010864580166526139e-04 6.825320451753214002e-05 5.158774554729461670e-03 6.751425826223567128e-05
1.670000000000000000e+03 1.001762793748639524e-04 6.768295133952051401e-05 1.001762793748639524e-04 6.768295133952051401e-05 5.137850996106863022e-03 6.696770287817344069e-05
1.680000000000000000e+03 9.927828796207904816e-05 6.711939204251393676e-05 9.927828796207904816e-05 6.711939204251393676e-05 5.117076449096202850e-03 6.642723019467666745e-05
1.690000000000000000e+03 9.839187987381592393e-05 6.656192272203043103e-05 9.839187987381592393e-05 6.656192272203043103e-05 5.096443928778171539e-03 6.589262920897454023e-05
1.700000000000000000e+03 9.751693141879513860e-05 6.601090717595070601e-05 9.751693141879513860e-05 6.601090717595070601e-05 5.075959023088216782e-03 6.536400178447365761e-05
1.710000000000000000e+03 9.665330435382202268e-05 6.546590884681791067e-05 9.665330435382202268e-05 6.546590884681791067e-05 5.055611953139305115e-03 6.484102050308138132e-05
1.720000000000000000e+03 9.580061305314302444e-05 6.492700049420818686e-05 9.580061305314302444e-05 6.492700049420818686e-05 5.035408772528171539e-03 6.432381633203476667e-05
1.730000000000000000e+03 9.495859558228403330e-05 6.439400749513879418e-05 9.495859558228403330e-05 6.439400749513879418e-05 5.015335977077484131e-03 6.381201092153787613e-05
1.740000000000000000e+03 9.412719373358413577e-05 6.386690074577927589e-05 9.412719373358413577e-05 6.386690074577927589e-05 4.995405208319425583e-03 6.330584437819197774e-05
1.750000000000000000e+03 9.330623288406059146e-05 6.334515637718141079e-05 9.330623288406059146e-05 6.334515637718141079e-05 4.975594114512205124e-03 6.280471279751509428e-05
1.760000000000000000e+03 9.249550203094258904e-05 6.282908725552260876e-05 9.249550203094258904e-05 6.282908725552260876e-05 4.955913871526718140e-03 6.230885628610849380e-05
1.770000000000000000e+03 9.169465920422226191e-05 6.231872248463332653e-05 9.169465920422226191e-05 6.231872248463332653e-05 4.936370532959699631e-03 6.181840581120923162e-05
1.780000000000000000e+03 9.090355160878971219e-05 6.181357457535341382e-05 9.090355160878971219e-05 6.181357457535341382e-05 4.916943609714508057e-03 6.133280112408101559e-05
1.790000000000000000e+03 9.012229565996676683e-05 6.131360714789479971e-05 9.012229565996676683e-05 6.131360714789479971e-05 4.897635430097579956e-03 6.085207132855430245e-05
1.800000000000000000e+03 8.935031655710190535e-05 6.081921310396865010e-05 8.935031655710190535e-05 6.081921310396865010e-05 4.878461826592683792e-03 6.037653656676411629e-05
1.810000000000000000e+03 8.858765795594081283e-05 6.032952660461887717e-05 8.858765795594081283e-05 6.032952660461887717e-05 4.859393462538719177e-03 5.990546924294903874e-05
1.820000000000000000e+03 8.783380326349288225e-05 5.984550807625055313e-05 8.783380326349288225e-05 5.984550807625055313e-05 4.840466193854808807e-03 5.943971700617112219e-05
1.830000000000000000e+03 8.708897803444415331e-05 5.936614252277649939e-05 8.708897803444415331e-05 5.936614252277649939e-05 4.821645095944404602e-03 5.897837763768620789e-05
1.840000000000000000e+03 8.635306585347279906e-05 5.889157910132780671e-05 8.635306585347279906e-05 5.889157910132780671e-05 4.802932962775230408e-03 5.852148751728236675e-05
1.850000000000000000e+03 8.562555740354582667e-05 5.842220343765802681e-05 8.562555740354582667e-05 5.842220343765802681e-05 4.784343298524618149e-03 5.806935951113700867e-05
1.860000000000000000e+03 8.490641630487516522e-05 5.795729157398454845e-05 8.490641630487516522e-05 5.795729157398454845e-05 4.765861202031373978e-03 5.762157161370851099e-05
1.870000000000000000e+03 8.419597725151106715e-05 5.749698902945965528e-05 8.419597725151106715e-05 5.749698902945965528e-05 4.747483879327774048e-03 5.717805106542073190e-05
1.880000000000000000e+03 8.349330164492130280e-05 5.704143040929920971e-05 8.349330164492130280e-05 5.704143040929920971e-05 4.729221109300851822e-03 5.673898340319283307e-05
1.890000000000000000e+03 8.279871690319851041e-05 5.659060116158798337e-05 8.279871690319851041e-05 5.659060116158798337e-05 4.711072426289319992e-03 5.630434679915197194e-05
1.900000000000000000e+03 8.211204840335994959e-05 5.614383189822547138e-05 8.211204840335994959e-05 5.614383189822547138e-05 4.693016875535249710e-03 5.587358828051947057e-05
1.910000000000000000e+03 8.143321610987186432e-05 5.570159919443540275e-05 8.143321610987186432e-05 5.570159919443540275e-05 4.675069823861122131e-03 5.544706073123961687e-05
1.920000000000000000e+03 8.076188532868400216e-05 5.526388122234493494e-05 8.076188532868400216e-05 5.526388122234493494e-05 4.657233133912086487e-03 5.502478597918525338e-05
1.930000000000000000e+03 8.009803423192352057e-05 5.483039058162830770e-05 8.009803423192352057e-05 5.483039058162830770e-05 4.639495629817247391e-03 5.460644388222135603e-05
1.940000000000000000e+03 7.944169919937849045e-05 5.440095264930278063e-05 7.944169919937849045e-05 5.440095264930278063e-05 4.621853120625019073e-03 5.419193257694132626e-05
1.950000000000000000e+03 7.879270560806617141e-05 5.397550194174982607e-05 7.879270560806617141e-05 5.397550194174982607e-05 4.604301881045103073e-03 5.378113201004453003e-05
1.960000000000000000e+03 7.815082790330052376e-05 5.355427128961309791e-05 7.815082790330052376e-05 5.355427128961309791e-05 4.586854949593544006e-03 5.337432594387792051e-05
1.970000000000000000e+03 7.751570956315845251e-05 5.313718793331645429e-05 7.751570956315845251e-05 5.313718793331645429e-05 4.569511860609054565e-03 5.297147072269581258e-05
1.980000000000000000e+03 7.688759069424122572e-05 5.272427370073273778e-05 7.688759069424122572e-05 5.272427370073273778e-05 4.552265629172325134e-03 5.257236989564262331e-05
1.990000000000000000e+03 7.626617298228666186e-05 5.231500836089253426e-05 7.626617298228666186e-05 5.231500836089253426e-05 4.535108804702758789e-03 5.217684883973561227e-05
2.000000000000000000e+03 7.565130363218486309e-05 5.190995943848975003e-05 7.565130363218486309e-05 5.190995943848975003e-05 4.518059082329273224e-03 5.178526043891906738e-05
2.010000000000000000e+03 7.504326640628278255e-05 5.150828656041994691e-05 7.504326640628278255e-05 5.150828656041994691e-05 4.501085728406906128e-03 5.139690256328321993e-05
2.020000000000000000e+03 7.444163929903879762e-05 5.111067366669885814e-05 7.444163929903879762e-05 5.111067366669885814e-05 4.484212491661310196e-03 5.101227725390344858e-05
2.030000000000000000e+03 7.384645141428336501e-05 5.071668419986963272e-05 7.384645141428336501e-05 5.071668419986963272e-05 4.467424470931291580e-03 5.063103162683546543e-05
2.040000000000000000e+03 7.325748447328805923e-05 5.032635453972034156e-05 7.325748447328805923e-05 5.032635453972034156e-05 4.450728185474872589e-03 5.025328573537990451e-05
2.050000000000000000e+03 7.267482578754425049e-05 4.993955371901392937e-05 7.267482578754425049e-05 4.993955371901392937e-05 4.434112925082445145e-03 4.987877764506265521e-05
2.060000000000000000e+03 7.209832983789965510e-05 4.955607801093719900e-05 7.209832983789965510e-05 4.955607801093719900e-05 4.417577292770147324e-03 4.950746006215922534e-05
2.070000000000000000e+03 7.152769103413447738e-05 4.917641126667149365e-05 7.152769103413447738e-05 4.917641126667149365e-05 4.401141777634620667e-03 4.913975863019004464e-05
2.080000000000000000e+03 7.096300396369770169e-05 4.880015694652684033e-05 7.096300396369770169e-05 4.880015694652684033e-05 4.384789150208234787e-03 4.877528044744394720e-05
2.090000000000000000e+03 7.040404307190328836e-05 4.842737325816415250e-05 7.040404307190328836e-05 4.842737325816415250e-05 4.368521273136138916e-03 4.841403278987854719e-05
2.100000000000000000e+03 6.985086656641215086e-05 4.805800563190132380e-05 6.985086656641215086e-05 4.805800563190132380e-05 4.352335818111896515e-03 4.805594653589650989e-05
2.110000000000000000e+03 6.930351810296997428e-05 4.769176302943378687e-05 6.930351810296997428e-05 4.769176302943378687e-05 4.336229059845209122e-03 4.770091618411242962e-05
2.120000000000000000e+03 6.876151746837422252e-05 4.732903471449390054e-05 6.876151746837422252e-05 4.732903471449390054e-05 4.320206586271524429e-03 4.734906542580574751e-05
2.130000000000000000e+03 6.822520663263276219e-05 4.696942414739169180e-05 6.822520663263276219e-05 4.696942414739169180e-05 4.304262343794107437e-03 4.700021963799372315e-05
2.140000000000000000e+03 6.769419269403442740e-05 4.661306593334302306e-05 6.769419269403442740e-05 4.661306593334302306e-05 4.288399126380681992e-03 4.665441156248562038e-05
2.150000000000000000e+03 6.716862844768911600e-05 4.625990550266578794e-05 6.716862844768911600e-05 4.625990550266578794e-05 4.272616002708673477e-03 4.631162664736621082e-05
2.160000000000000000e+03 6.664832471869885921e-05 4.590956086758524179e-05 6.664832471869885921e-05 4.590956086758524179e-05 4.256899468600749969e-03 4.597154111252166331e-05
2.170000000000000000e+03 6.613304867642000318e-05 4.556276326184161007e-05 6.613304867642000318e-05 4.556276326184161007e-05 4.241276532411575317e-03 4.563473339658230543e-05
2.180000000000000000e+03 6.562298949575051665e-05 4.521880691754631698e-05 6.562298949575051665e-05 4.521880691754631698e-05 4.225722979754209518e-03 4.530065416474826634e-05
2.190000000000000000e+03 6.511797255370765924e-05 4.487772093852981925e-05 6.511797255370765924e-05 4.487772093852981925e-05 4.210237879306077957e-03 4.496924520935863256e-05
2.200000000000000000e+03 6.461802695412188768e-05 4.453978908713907003e-05 6.461802695412188768e-05 4.453978908713907003e-05 4.194834735244512558e-03 4.464080848265439272e-05
2.210000000000000000e+03 6.412281800294294953e-05 4.420481855049729347e-05 6.412281800294294953e-05 4.420481855049729347e-05 4.179510287940502167e-03 4.431523848325014114e-05
2.220000000000000000e+03 6.363265856634825468e-05 4.387265653349459171e-05 6.363265856634825468e-05 4.387265653349459171e-05 4.164251964539289474e-03 4.399226236273534596e-05
2.230000000000000000e+03 6.314713391475379467e-05 4.354346674517728388e-05 6.314713391475379467e-05 4.354346674517728388e-05 4.149069078266620636e-03 4.367205838207155466e-05
2.240000000000000000e+03 6.266633863560855389e-05 4.321697633713483810e-05 6.266633863560855389e-05 4.321697633713483810e-05 4.133951850235462189e-03 4.335440098657272756e-05
2.250000000000000000e+03 6.219017086550593376e-05 4.289347998565062881e-05 6.219017086550593376e-05 4.289347998565062881e-05 4.118917044252157211e-03 4.303962123231031001e-05
2.260000000000000000e+03 6.171871063997969031e-05 4.257248656358569860e-05 6.171871063997969031e-05 4.257248656358569860e-05 4.103939048945903778e-03 4.272718069842085242e-05
2.270000000000000000e+03 6.125168147264048457e-05 4.225443626637570560e-05 6.125168147264048457e-05 4.225443626637570560e-05 4.089039750397205353e-03 4.241749047650955617e-05
2.280000000000000000e+03 6.078916339902207255e-05 4.193896529613994062e-05 6.078916339902207255e-05 4.193896529613994062e-05 4.074206575751304626e-03 4.211031045997515321e-05
2.290000000000000000e+03 6.033098179614171386e-05 4.162614277447573841e-05 6.033098179614171386e-05 4.162614277447573841e-05 4.059434868395328522e-03 4.180551695753820240e-05
2.300000000000000000e+03 5.987735130474902689e-05 4.131593595957383513e-05 5.987735130474902689e-05 4.131593595957383513e-05 4.044733941555023193e-03 4.150326640228740871e-05
2.310000000000000000e+03 5.942774077993817627e-05 4.100866135559044778e-05 5.942774077993817627e-05 4.100866135559044778e-05 4.030114505439996719e-03 4.120378798688761890e-05
2.320000000000000000e+03 5.898245581192895770e-05 4.070384238730184734e-05 5.898245581192895770e-05 4.070384238730184734e-05 4.015553276985883713e-03 4.090657967026345432e-05
2.330000000000000000e+03 5.854129631188698113e-05 4.040161002194508910e-05 5.854129631188698113e-05 4.040161002194508910e-05 4.001060966402292252e-03 4.061183790327049792e-05
2.340000000000000000e+03 5.810443690279498696e-05 4.010160409961827099e-05 5.810443690279498696e-05 4.010160409961827099e-05 3.986621741205453873e-03 4.031924618175253272e-05
2.350000000000000000e+03 5.767171023762784898e-05 3.980431938543915749e-05 5.767171023762784898e-05 3.980431938543915749e-05 3.972253762185573578e-03 4.002915011369623244e-05
2.360000000000000000e+03 5.724294169340282679e-05 3.950938116759061813e-05 5.724294169340282679e-05 3.950938116759061813e-05 3.957945387810468674e-03 3.974129140260629356e-05
2.370000000000000000e+03 5.681810944224707782e-05 3.921694587916135788e-05 5.681810944224707782e-05 3.921694587916135788e-05 3.943705465644598007e-03 3.945584103348664939e-05
2.380000000000000000e+03 5.639705341309309006e-05 3.892702807206660509e-05 5.639705341309309006e-05 3.892702807206660509e-05 3.929530736058950424e-03 3.917271897080354393e-05
2.390000000000000000e+03 5.598034113063476980e-05 3.863909296342171729e-05 5.598034113063476980e-05 3.863909296342171729e-05 3.915397915989160538e-03 3.889145955326966941e-05
2.400000000000000000e+03 5.556712858378887177e-05 3.835378083749674261e-05 5.556712858378887177e-05 3.835378083749674261e-05 3.901346819475293159e-03 3.861281584249809384e-05
2.410000000000000000e+03 5.515768134500831366e-05 3.807088796747848392e-05 5.515768134500831366e-05 3.807088796747848392e-05 3.887353464961051941e-03 3.833632581518031657e-05
2.420000000000000000e+03 5.475185389514081180e-05 3.779043618123978376e-05 5.475185389514081180e-05 3.779043618123978376e-05 3.873428562656044960e-03 3.806216409429907799e-05
2.430000000000000000e+03 5.434995910036377609e-05 3.751198892132379115e-05 5.434995910036377609e-05 3.751198892132379115e-05 3.859553020447492599e-03 3.778995960601605475e-05
2.440000000000000000e+03 5.395173502620309591e-05 3.723571717273443937e-05 5.395173502620309591e-05 3.723571717273443937e-05 3.845733124762773514e-03 3.751981057575903833e-05
2.450000000000000000e+03 5.355646135285496712e-05 3.696229032357223332e-05 5.355646135285496712e-05 3.696229032357223332e-05 3.831997048109769821e-03 3.725226633832789958e-05
2.460000000000000000e+03 5.316563328960910439e-05 3.669034776976332068e-05 5.316563328960910439e-05 3.669034776976332068e-05 3.818287048488855362e-03 3.698618093039840460e-05
2.470000000000000000e+03 5.277787568047642708e-05 3.642101728473789990e-05 5.277787568047642708e-05 3.642101728473789990e-05 3.804656909778714180e-03 3.672259481390938163e-05
2.480000000000000000e+03 5.239280653768219054e-05 3.615447349147871137e-05 5.239280653768219054e-05 3.615447349147871137e-05 3.791108727455139160e-03 3.646152254077605903e-05
2.490000000000000000e+03 5.200952000450342894e-05 3.589230982470326126e-05 5.200952000450342894e-05 3.589230982470326126e-05 3.777714446187019348e-03 3.620433926698751748e-05
2.500000000000000000e+03 5.161061562830582261e-05 3.567629755707457662e-05 5.161061562830582261e-05 3.567629755707457662e-05 3.766492707654833794e-03 3.598957118811085820e-05
