# step, loss_train, loss_test, metrics_test
0.000000000000000000e+00 3.408107208088040352e-03 3.554192483425140381e-01 5.533547401428222656e-01 3.657405972480773926e-01 3.408107208088040352e-03 3.554192483425140381e-01 5.533547401428222656e-01 3.657405972480773926e-01 1.116747498512268066e+00 4.238657653331756592e-01
1.000000000000000000e+01 2.306754142045974731e-02 7.100202143192291260e-02 3.160196170210838318e-02 5.964580178260803223e-02 2.306754142045974731e-02 7.100202143192291260e-02 3.160196170210838318e-02 5.964580178260803223e-02 3.965805768966674805e-01 5.345413461327552795e-02
2.000000000000000000e+01 2.043579705059528351e-03 1.326711196452379227e-02 1.138912420719861984e-02 1.399006880819797516e-02 2.043579705059528351e-03 1.326711196452379227e-02 1.138912420719861984e-02 1.399006880819797516e-02 1.953597366809844971e-01 1.297145057469606400e-02
3.000000000000000000e+01 2.123923040926456451e-03 8.947584778070449829e-03 8.910821750760078430e-03 7.143250200897455215e-03 2.123923040926456451e-03 8.947584778070449829e-03 8.910821750760078430e-03 7.143250200897455215e-03 1.644850373268127441e-01 9.195411577820777893e-03
4.000000000000000000e+01 1.133380574174225330e-03 6.424930877983570099e-03 5.128141492605209351e-03 5.880671087652444839e-03 1.133380574174225330e-03 6.424930877983570099e-03 5.128141492605209351e-03 5.880671087652444839e-03 1.260512769222259521e-01 5.400238092988729477e-03
5.000000000000000000e+01 1.251298934221267700e-03 4.155639093369245529e-03 3.161540953442454338e-03 4.046555142849683762e-03 1.251298934221267700e-03 4.155639093369245529e-03 3.161540953442454338e-03 4.046555142849683762e-03 1.036355793476104736e-01 3.650364233180880547e-03
6.000000000000000000e+01 1.698285457678139210e-03 2.314130775630474091e-03 2.371721435338258743e-03 2.181214978918433189e-03 1.698285457678139210e-03 2.314130775630474091e-03 2.371721435338258743e-03 2.181214978918433189e-03 8.647849410772323608e-02 2.541760215535759926e-03
7.000000000000000000e+01 1.912829931825399399e-03 1.532405032776296139e-03 1.793458359315991402e-03 1.264490769244730473e-03 1.912829931825399399e-03 1.532405032776296139e-03 1.793458359315991402e-03 1.264490769244730473e-03 7.443505525588989258e-02 1.883100485429167747e-03
8.000000000000000000e+01 1.618247013539075851e-03 1.113875070586800575e-03 1.361199771054089069e-03 9.354609064757823944e-04 1.618247013539075851e-03 1.113875070586800575e-03 1.361199771054089069e-03 9.354609064757823944e-04 6.538204103708267212e-02 1.452898955903947353e-03
9.000000000000000000e+01 1.130343065597116947e-03 8.390138973481953144e-04 1.181071856990456581e-03 7.597528747282922268e-04 1.130343065597116947e-03 8.390138973481953144e-04 1.181071856990456581e-03 7.597528747282922268e-04 6.169397756457328796e-02 1.293611712753772736e-03
1.000000000000000000e+02 7.817361038178205490e-04 6.860696594230830669e-04 1.029978389851748943e-03 6.539337919093668461e-04 7.817361038178205490e-04 6.860696594230830669e-04 1.029978389851748943e-03 6.539337919093668461e-04 5.942017212510108948e-02 1.200013794004917145e-03
1.100000000000000000e+02 5.896093207411468029e-04 5.802327068522572517e-04 8.867680444382131100e-04 5.822463426738977432e-04 5.896093207411468029e-04 5.802327068522572517e-04 8.867680444382131100e-04 5.822463426738977432e-04 5.660171061754226685e-02 1.088873832486569881e-03
1.200000000000000000e+02 4.878626496065407991e-04 4.961131489835679531e-04 7.649868493899703026e-04 5.204510525800287724e-04 4.878626496065407991e-04 4.961131489835679531e-04 7.649868493899703026e-04 5.204510525800287724e-04 5.375868454575538635e-02 9.822356514632701874e-04
1.300000000000000000e+02 4.209504404570907354e-04 4.346691130194813013e-04 6.615950842387974262e-04 4.675822274293750525e-04 4.209504404570907354e-04 4.346691130194813013e-04 6.615950842387974262e-04 4.675822274293750525e-04 5.144386366009712219e-02 8.994676172733306885e-04
1.400000000000000000e+02 3.683234099298715591e-04 3.904211625922471285e-04 5.707910167984664440e-04 4.264739109203219414e-04 3.683234099298715591e-04 3.904211625922471285e-04 5.707910167984664440e-04 4.264739109203219414e-04 4.914706945419311523e-02 8.209443185478448868e-04
1.500000000000000000e+02 3.277175710536539555e-04 3.544361970853060484e-04 4.966435371898114681e-04 3.906297206413000822e-04 3.277175710536539555e-04 3.544361970853060484e-04 4.966435371898114681e-04 3.906297206413000822e-04 4.698893427848815918e-02 7.504288805648684502e-04
1.600000000000000000e+02 2.968065964523702860e-04 3.242578823119401932e-04 4.371149407234042883e-04 3.581595956347882748e-04 2.968065964523702860e-04 3.242578823119401932e-04 4.371149407234042883e-04 3.581595956347882748e-04 4.514537006616592407e-02 6.926995120011270046e-04
1.700000000000000000e+02 2.704083453863859177e-04 2.991730289068073034e-04 3.904938639607280493e-04 3.290574240963906050e-04 2.704083453863859177e-04 2.991730289068073034e-04 3.904938639607280493e-04 3.290574240963906050e-04 4.346631467342376709e-02 6.421316647902131081e-04
1.800000000000000000e+02 2.477180678397417068e-04 2.777573536150157452e-04 3.526681684888899326e-04 3.035036788787692785e-04 2.477180678397417068e-04 2.777573536150157452e-04 3.526681684888899326e-04 3.035036788787692785e-04 4.198274761438369751e-02 5.990459467284381390e-04
1.900000000000000000e+02 2.284094516653567553e-04 2.591678930912166834e-04 3.213979944121092558e-04 2.805255935527384281e-04 2.284094516653567553e-04 2.591678930912166834e-04 3.213979944121092558e-04 2.805255935527384281e-04 4.064320772886276245e-02 5.614283145405352116e-04
2.000000000000000000e+02 2.120127319358289242e-04 2.428889711154624820e-04 2.947615867014974356e-04 2.596545382402837276e-04 2.120127319358289242e-04 2.428889711154624820e-04 2.947615867014974356e-04 2.596545382402837276e-04 3.938091546297073364e-02 5.270963301882147789e-04
2.100000000000000000e+02 1.984025147976353765e-04 2.281409542774781585e-04 2.715867885854095221e-04 2.404142433078959584e-04 1.984025147976353765e-04 2.281409542774781585e-04 2.715867885854095221e-04 2.404142433078959584e-04 3.820997476577758789e-02 4.962172824889421463e-04
2.200000000000000000e+02 1.863241632236167789e-04 2.144182799383997917e-04 2.521614660508930683e-04 2.228507364634424448e-04 1.863241632236167789e-04 2.144182799383997917e-04 2.521614660508930683e-04 2.228507364634424448e-04 3.711294010281562805e-02 4.681328719016164541e-04
2.300000000000000000e+02 1.763762120390310884e-04 2.020016399910673499e-04 2.344433305552229285e-04 2.063927386188879609e-04 1.763762120390310884e-04 2.020016399910673499e-04 2.344433305552229285e-04 2.063927386188879609e-04 3.607387095689773560e-02 4.422866913955658674e-04
2.400000000000000000e+02 1.670164056122303009e-04 1.904479431686922908e-04 2.189906517742201686e-04 1.916678447742015123e-04 1.670164056122303009e-04 1.904479431686922908e-04 2.189906517742201686e-04 1.916678447742015123e-04 3.509882837533950806e-02 4.187005979474633932e-04
2.500000000000000000e+02 1.593269844306632876e-04 1.796246942831203341e-04 2.052165800705552101e-04 1.778648584149777889e-04 1.593269844306632876e-04 1.796246942831203341e-04 2.052165800705552101e-04 1.778648584149777889e-04 3.417210653424263000e-02 3.968823875766247511e-04
2.500000000000000000e+02 1.729275245452299714e-04 1.796246942831203341e-04 2.052165800705552101e-04 1.778648584149777889e-04 1.593269844306632876e-04 1.796246942831203341e-04 2.052165800705552101e-04 1.778648584149777889e-04 3.417210653424263000e-02 3.968823875766247511e-04
2.600000000000000000e+02 2.655936637893319130e-03 1.078986912034451962e-03 2.156752860173583031e-03 1.708849798887968063e-03 2.760053379461169243e-03 1.078986912034451962e-03 2.156752860173583031e-03 1.708849798887968063e-03 7.389627397060394287e-02 1.855938113294541836e-03
2.700000000000000000e+02 2.280048356624320149e-04 8.157724514603614807e-04 8.843645337037742138e-04 9.908720385283231735e-04 2.965434687212109566e-04 8.157724514603614807e-04 8.843645337037742138e-04 9.908720385283231735e-04 5.518126487731933594e-02 1.034907880239188671e-03
2.800000000000000000e+02 1.052958978107199073e-04 2.387864951742812991e-04 2.916303346864879131e-04 2.236730797449126840e-04 1.425185910193249583e-04 2.387864951742812991e-04 2.916303346864879131e-04 2.236730797449126840e-04 3.514382243156433105e-02 4.197748203296214342e-04
2.900000000000000000e+02 1.185737346531823277e-04 1.707736810203641653e-04 2.259612083435058594e-04 1.573630142956972122e-04 1.494414318585768342e-04 1.707736810203641653e-04 2.259612083435058594e-04 1.573630142956972122e-04 3.144723922014236450e-02 3.361115232110023499e-04
3.000000000000000000e+02 1.015116213238798082e-04 1.417328894603997469e-04 1.875054877018555999e-04 1.441583444830030203e-04 1.267264160560443997e-04 1.417328894603997469e-04 1.875054877018555999e-04 1.441583444830030203e-04 2.934168279170989990e-02 2.926095039583742619e-04
3.100000000000000000e+02 8.305258961627259851e-05 1.021846182993613183e-04 1.360001479042693973e-04 9.540891187498345971e-05 1.126532806665636599e-04 1.021846182993613183e-04 1.360001479042693973e-04 9.540891187498345971e-05 2.704496681690216064e-02 2.485943550709635019e-04
3.200000000000000000e+02 8.017336222110316157e-05 9.259038051823154092e-05 1.201087143272161484e-04 8.484621503157541156e-05 1.089843353838659823e-04 9.259038051823154092e-05 1.201087143272161484e-04 8.484621503157541156e-05 2.597234956920146942e-02 2.292666467837989330e-04
3.300000000000000000e+02 7.561884558526799083e-05 8.012038597371429205e-05 1.109966542571783066e-04 7.697991532040759921e-05 1.025576420943252742e-04 8.012038597371429205e-05 1.109966542571783066e-04 7.697991532040759921e-05 2.509905025362968445e-02 2.141080185538157821e-04
3.400000000000000000e+02 7.385257777059450746e-05 7.423645001836121082e-05 1.015198795357719064e-04 6.981419574003666639e-05 1.001290365820750594e-04 7.423645001836121082e-05 1.015198795357719064e-04 6.981419574003666639e-05 2.429703250527381897e-02 2.006433496717363596e-04
3.500000000000000000e+02 7.186707080109044909e-05 6.940857565496116877e-05 9.370779298478737473e-05 6.326581933535635471e-05 9.776865044841542840e-05 6.940857565496116877e-05 9.370779298478737473e-05 6.326581933535635471e-05 2.366797439754009247e-02 1.903883967315778136e-04
3.600000000000000000e+02 6.994623981881886721e-05 6.438849231926724315e-05 8.821782830636948347e-05 5.781719664810225368e-05 9.525212226435542107e-05 6.438849231926724315e-05 8.821782830636948347e-05 5.781719664810225368e-05 2.313496358692646027e-02 1.819097524276003242e-04
3.700000000000000000e+02 6.830771599197760224e-05 5.994458479108288884e-05 8.278688619611784816e-05 5.338606206350959837e-05 9.305557614425197244e-05 5.994458479108288884e-05 8.278688619611784816e-05 5.338606206350959837e-05 2.258947677910327911e-02 1.734326360747218132e-04
3.800000000000000000e+02 6.653577293036505580e-05 5.613007306237705052e-05 7.817210280336439610e-05 4.952320523443631828e-05 9.064217010745778680e-05 5.613007306237705052e-05 7.817210280336439610e-05 4.952320523443631828e-05 2.214877866208553314e-02 1.667315955273807049e-04
3.900000000000000000e+02 6.495379057014361024e-05 5.286922169034369290e-05 7.371213723672553897e-05 4.609704774338752031e-05 8.848600555211305618e-05 5.286922169034369290e-05 7.371213723672553897e-05 4.609704774338752031e-05 2.175328135490417480e-02 1.608303282409906387e-04
4.000000000000000000e+02 6.305740680545568466e-05 4.996231291443109512e-05 7.017272582743316889e-05 4.293134043109603226e-05 8.585590694565325975e-05 4.996231291443109512e-05 7.017272582743316889e-05 4.293134043109603226e-05 2.138905040919780731e-02 1.554896298330277205e-04
4.100000000000000000e+02 6.128418317530304193e-05 4.738480856758542359e-05 6.682179082417860627e-05 4.006382732768543065e-05 8.348836854565888643e-05 4.738480856758542359e-05 6.682179082417860627e-05 4.006382732768543065e-05 2.105032838881015778e-02 1.506038679508492351e-04
4.200000000000000000e+02 5.963625153526663780e-05 4.509926657192409039e-05 6.373161158990114927e-05 3.746293805306777358e-05 8.123703446472063661e-05 4.509926657192409039e-05 6.373161158990114927e-05 3.746293805306777358e-05 2.073799818754196167e-02 1.461679203202947974e-04
4.300000000000000000e+02 5.807148409076035023e-05 4.292260564398020506e-05 6.051708623999729753e-05 3.538183955242857337e-05 7.911182183306664228e-05 4.292260564398020506e-05 6.051708623999729753e-05 3.538183955242857337e-05 2.044773846864700317e-02 1.421048509655520320e-04
4.400000000000000000e+02 5.657253495883196592e-05 4.098495992366224527e-05 5.790637442260049284e-05 3.328714956296607852e-05 7.700654532527551055e-05 4.098495992366224527e-05 5.790637442260049284e-05 3.328714956296607852e-05 2.017120458185672760e-02 1.382872433168813586e-04
4.500000000000000000e+02 5.510728078661486506e-05 3.917616777471266687e-05 5.521319326362572610e-05 3.164467489114031196e-05 7.500159699702635407e-05 3.917616777471266687e-05 5.521319326362572610e-05 3.164467489114031196e-05 1.991732977330684662e-02 1.348281512036919594e-04
4.600000000000000000e+02 5.367886478779837489e-05 3.761534026125445962e-05 5.283809878164902329e-05 3.000758078997023404e-05 7.304349128389731050e-05 3.761534026125445962e-05 5.283809878164902329e-05 3.000758078997023404e-05 1.968074403703212738e-02 1.316441048402339220e-04
4.700000000000000000e+02 5.214920383878052235e-05 3.614843080868013203e-05 5.070464612799696624e-05 2.839654007402714342e-05 7.100113725755363703e-05 3.614843080868013203e-05 5.070464612799696624e-05 2.839654007402714342e-05 1.944285258650779724e-02 1.284808386117219925e-04
4.800000000000000000e+02 5.094083462608978152e-05 3.470006049610674381e-05 4.862766581936739385e-05 2.703079007915221155e-05 6.928836228325963020e-05 3.470006049610674381e-05 4.862766581936739385e-05 2.703079007915221155e-05 1.923284493386745453e-02 1.257203111890703440e-04
4.900000000000000000e+02 4.969525616616010666e-05 3.343301432323642075e-05 4.662956416723318398e-05 2.568878335296176374e-05 6.764816498616710305e-05 3.343301432323642075e-05 4.662956416723318398e-05 2.568878335296176374e-05 1.901789754629135132e-02 1.229259214596822858e-04
5.000000000000000000e+02 4.851448829867877066e-05 3.212589217582717538e-05 4.499409260461106896e-05 2.441399738017935306e-05 6.603721703868359327e-05 3.212589217582717538e-05 4.499409260461106896e-05 2.441399738017935306e-05 1.882473565638065338e-02 1.204415093525312841e-04
5.000000000000000000e+02 3.835425741272047162e-05 3.212589217582717538e-05 4.499409260461106896e-05 2.441399738017935306e-05 6.603721703868359327e-05 3.212589217582717538e-05 4.499409260461106896e-05 2.441399738017935306e-05 1.882473565638065338e-02 1.204415093525312841e-04
5.100000000000000000e+02 5.858350195921957493e-04 5.505527369678020477e-04 4.698594275396317244e-04 5.117012187838554382e-04 5.353054730221629143e-04 5.505527369678020477e-04 4.698594275396317244e-04 5.117012187838554382e-04 4.233086854219436646e-02 6.090215756557881832e-04
5.200000000000000000e+02 1.047648838721215725e-04 2.202790492447093129e-04 2.210539387306198478e-04 2.261466288473457098e-04 1.512533635832369328e-04 2.202790492447093129e-04 2.210539387306198478e-04 2.261466288473457098e-04 3.104912675917148590e-02 3.276553179603070021e-04
5.300000000000000000e+02 4.072873707627877593e-05 1.025364254019223154e-04 1.157397637143731117e-04 1.082593080354854465e-04 6.859767017886042595e-05 1.025364254019223154e-04 1.157397637143731117e-04 1.082593080354854465e-04 2.259072475135326385e-02 1.734517572913318872e-04
5.400000000000000000e+02 4.750177686219103634e-05 4.534467007033526897e-05 5.374720785766839981e-05 3.055475463042967021e-05 8.142588922055438161e-05 4.534467007033526897e-05 5.374720785766839981e-05 3.055475463042967021e-05 1.868242397904396057e-02 1.186273439088836312e-04
5.500000000000000000e+02 3.660399670479819179e-05 4.207413439871743321e-05 5.723640788346529007e-05 2.725580088736023754e-05 5.761569627793505788e-05 4.207413439871743321e-05 5.723640788346529007e-05 2.725580088736023754e-05 1.867145672440528870e-02 1.184881330118514597e-04
5.600000000000000000e+02 3.146673770970664918e-05 2.775002758426126093e-05 5.058542228653095663e-05 2.149240935978014022e-05 5.421167952590622008e-05 2.775002758426126093e-05 5.058542228653095663e-05 2.149240935978014022e-05 1.771338284015655518e-02 1.066403128788806498e-04
5.700000000000000000e+02 3.212183219147846103e-05 2.411672903690487146e-05 3.984382055932655931e-05 1.686954783508554101e-05 5.525505184778012335e-05 2.411672903690487146e-05 3.984382055932655931e-05 1.686954783508554101e-05 1.701386831700801849e-02 9.838402183959260583e-05
5.800000000000000000e+02 3.234586256439797580e-05 2.549581768107600510e-05 3.260370795032940805e-05 1.793991941667627543e-05 5.578184936894103885e-05 2.549581768107600510e-05 3.260370795032940805e-05 1.793991941667627543e-05 1.711024530231952667e-02 9.950177627615630627e-05
5.900000000000000000e+02 3.103759445366449654e-05 2.301442691532429308e-05 3.239410216338001192e-05 1.602528027433436364e-05 5.305080776452086866e-05 2.301442691532429308e-05 3.239410216338001192e-05 1.602528027433436364e-05 1.681556552648544312e-02 9.610396227799355984e-05
6.000000000000000000e+02 3.008364728884771466e-05 2.191202474932651967e-05 3.179312261636368930e-05 1.570023596286773682e-05 5.152953599463216960e-05 2.191202474932651967e-05 3.179312261636368930e-05 1.570023596286773682e-05 1.670957542955875397e-02 9.489629155723378062e-05
6.100000000000000000e+02 2.977277654281351715e-05 2.173192297050263733e-05 2.962859616673085839e-05 1.555701601319015026e-05 5.132965452503412962e-05 2.173192297050263733e-05 2.962859616673085839e-05 1.555701601319015026e-05 1.662746071815490723e-02 9.396588575327768922e-05
6.200000000000000000e+02 2.908397436840459704e-05 2.079075784422457218e-05 2.957861397590022534e-05 1.452957531000720337e-05 5.001604586141183972e-05 2.079075784422457218e-05 2.957861397590022534e-05 1.452957531000720337e-05 1.644871197640895844e-02 9.195645543513819575e-05
6.300000000000000000e+02 2.885750836867373437e-05 2.042190135398413986e-05 2.794832471408881247e-05 1.433354555047117174e-05 4.976870332029648125e-05 2.042190135398413986e-05 2.794832471408881247e-05 1.433354555047117174e-05 1.635066047310829163e-02 9.086341742658987641e-05
6.400000000000000000e+02 2.793019120872486383e-05 1.967228126886766404e-05 2.780675822577904910e-05 1.370376230624970049e-05 4.815294232685118914e-05 1.967228126886766404e-05 2.780675822577904910e-05 1.370376230624970049e-05 1.624075882136821747e-02 8.964601875049993396e-05
6.500000000000000000e+02 2.774319182208273560e-05 1.921577313623856753e-05 2.643817060743458569e-05 1.342117593594593927e-05 4.783799886354245245e-05 1.921577313623856753e-05 2.643817060743458569e-05 1.342117593594593927e-05 1.612348109483718872e-02 8.835597691358998418e-05
6.600000000000000000e+02 2.715032314881682396e-05 1.869207699201069772e-05 2.578383464424405247e-05 1.288696603296557441e-05 4.680433994508348405e-05 1.869207699201069772e-05 2.578383464424405247e-05 1.288696603296557441e-05 1.600949279963970184e-02 8.711112604942172766e-05
6.700000000000000000e+02 2.676032636372838169e-05 1.824829632823821157e-05 2.473188214935362339e-05 1.260525004909140989e-05 4.614781937561929226e-05 1.824829632823821157e-05 2.473188214935362339e-05 1.260525004909140989e-05 1.591858454048633575e-02 8.612461533630266786e-05
6.800000000000000000e+02 2.624563057906925678e-05 1.775286364136263728e-05 2.411249988654162735e-05 1.214651729242177680e-05 4.524249015958048403e-05 1.775286364136263728e-05 2.411249988654162735e-05 1.214651729242177680e-05 1.581365428864955902e-02 8.499292744090780616e-05
6.900000000000000000e+02 2.588168717920780182e-05 1.727106246107723564e-05 2.326950561837293208e-05 1.182062078441958874e-05 4.462050856091082096e-05 1.727106246107723564e-05 2.326950561837293208e-05 1.182062078441958874e-05 1.570583879947662354e-02 8.383794920518994331e-05
7.000000000000000000e+02 2.542017864470835775e-05 1.685809183982200921e-05 2.251252408314030617e-05 1.149875333794625476e-05 4.380251994007267058e-05 1.685809183982200921e-05 2.251252408314030617e-05 1.149875333794625476e-05 1.562084723263978958e-02 8.293301652884110808e-05
7.100000000000000000e+02 2.500389928172808141e-05 1.652230821491684765e-05 2.167864658986218274e-05 1.121104651247151196e-05 4.310308577260002494e-05 1.652230821491684765e-05 2.167864658986218274e-05 1.121104651247151196e-05 1.553148962557315826e-02 8.198691648431122303e-05
7.200000000000000000e+02 2.460436189721804112e-05 1.595377943885978311e-05 2.126241997757460922e-05 1.072994291462237015e-05 4.240400812705047429e-05 1.595377943885978311e-05 2.126241997757460922e-05 1.072994291462237015e-05 1.542095188051462173e-02 8.082406566245481372e-05
7.300000000000000000e+02 2.435096212138887495e-05 1.553978472657036036e-05 2.051553201454225928e-05 1.041376253851922229e-05 4.198292299406602979e-05 1.553978472657036036e-05 2.051553201454225928e-05 1.041376253851922229e-05 1.531992387026548386e-02 7.976851338753476739e-05
7.400000000000000000e+02 2.389905603195074946e-05 1.517887903901282698e-05 1.988486837944947183e-05 1.014949521049857140e-05 4.121565871173515916e-05 1.517887903901282698e-05 1.988486837944947183e-05 1.014949521049857140e-05 1.523975934833288193e-02 7.893590372987091541e-05
7.500000000000000000e+02 2.354963180550839752e-05 1.483384130551712587e-05 1.911063009174540639e-05 9.966979632736183703e-06 4.061406798427924514e-05 1.483384130551712587e-05 1.911063009174540639e-05 9.966979632736183703e-06 1.515605580061674118e-02 7.807117799529805779e-05
7.500000000000000000e+02 1.946128031704574823e-05 1.483384130551712587e-05 1.911063009174540639e-05 9.966979632736183703e-06 4.061406798427924514e-05 1.483384130551712587e-05 1.911063009174540639e-05 9.966979632736183703e-06 1.515605580061674118e-02 7.807117799529805779e-05
7.600000000000000000e+02 2.592711643956135958e-05 7.397066801786422729e-04 9.910647058859467506e-04 6.789385224692523479e-04 4.424109647516161203e-05 7.397066801786422729e-04 9.910647058859467506e-04 6.789385224692523479e-04 4.868633672595024109e-02 8.056242950260639191e-04
7.700000000000000000e+02 6.876332336105406284e-04 3.898441500496119261e-04 3.180229978170245886e-04 3.230510046705603600e-04 7.668568869121372700e-04 3.898441500496119261e-04 3.180229978170245886e-04 3.230510046705603600e-04 3.096725605428218842e-02 3.259296354372054338e-04
7.800000000000000000e+02 2.695170587685424834e-05 1.140094391303136945e-04 1.795978605514392257e-04 1.088974750018678606e-04 5.616437920252792537e-05 1.140094391303136945e-04 1.795978605514392257e-04 1.088974750018678606e-04 2.342325635254383087e-02 1.864717050921171904e-04
7.900000000000000000e+02 2.417803807475138456e-05 4.806353535968810320e-05 6.893154932186007500e-05 4.046110552735626698e-05 5.045822763349860907e-05 4.806353535968810320e-05 6.893154932186007500e-05 4.046110552735626698e-05 1.735178753733634949e-02 1.023309014271944761e-04
8.000000000000000000e+02 3.453007229836657643e-05 2.738268267421517521e-05 3.075648783124051988e-05 1.824406535888556391e-05 4.398319288156926632e-05 2.738268267421517521e-05 3.075648783124051988e-05 1.824406535888556391e-05 1.519327890127897263e-02 7.845515210647135973e-05
8.100000000000000000e+02 1.826418883865699172e-05 1.968702781596221030e-05 2.700636468944139779e-05 1.241909012605901808e-05 3.771801129914820194e-05 1.968702781596221030e-05 2.700636468944139779e-05 1.241909012605901808e-05 1.534330192953348160e-02 8.001217065611854196e-05
8.200000000000000000e+02 1.823919774324167520e-05 1.368682478641858324e-05 2.288759969815146178e-05 1.229912504641106352e-05 3.802795254159718752e-05 1.368682478641858324e-05 2.288759969815146178e-05 1.229912504641106352e-05 1.489124633371829987e-02 7.536686462117359042e-05
8.300000000000000000e+02 1.907807200041133910e-05 1.457842790841823444e-05 1.834892100305296481e-05 1.103894373954972252e-05 3.978998211096040905e-05 1.457842790841823444e-05 1.834892100305296481e-05 1.103894373954972252e-05 1.476542931050062180e-02 7.409868703689426184e-05
8.400000000000000000e+02 1.848988722485955805e-05 1.429222174920141697e-05 1.721355147310532629e-05 9.220273568644188344e-06 3.850426583085209131e-05 1.429222174920141697e-05 1.721355147310532629e-05 9.220273568644188344e-06 1.455971784889698029e-02 7.204839494079351425e-05
8.500000000000000000e+02 1.787892870197538286e-05 1.384902043355396017e-05 1.754668301146011800e-05 8.587052434450015426e-06 3.727218063431791961e-05 1.384902043355396017e-05 1.754668301146011800e-05 8.587052434450015426e-06 1.445966493338346481e-02 7.106157136149704456e-05
8.600000000000000000e+02 1.777166471583768725e-05 1.325323592027416453e-05 1.709859679976943880e-05 8.561175491195172071e-06 3.690972516778856516e-05 1.325323592027416453e-05 1.709859679976943880e-05 8.561175491195172071e-06 1.438035164028406143e-02 7.028415711829438806e-05
8.700000000000000000e+02 1.761699968483299017e-05 1.320408227911684662e-05 1.631676786928437650e-05 8.546407116227783263e-06 3.676551204989664257e-05 1.320408227911684662e-05 1.631676786928437650e-05 8.546407116227783263e-06 1.434172503650188446e-02 6.990707333898171782e-05
8.800000000000000000e+02 1.720846557873301208e-05 1.297543349210172892e-05 1.623876232770271599e-05 8.139149940689094365e-06 3.587772516766563058e-05 1.297543349210172892e-05 1.623876232770271599e-05 8.139149940689094365e-06 1.425274182111024857e-02 6.904228939674794674e-05
8.900000000000000000e+02 1.709775096969678998e-05 1.276718376175267622e-05 1.567109211464412510e-05 8.104171683953609318e-06 3.567216117517091334e-05 1.276718376175267622e-05 1.567109211464412510e-05 8.104171683953609318e-06 1.422687061131000519e-02 6.879188003949820995e-05
9.000000000000000000e+02 1.688228076091036201e-05 1.244795566890388727e-05 1.548077852930873632e-05 7.884614205977413803e-06 3.521793041727505624e-05 1.244795566890388727e-05 1.548077852930873632e-05 7.884614205977413803e-06 1.416219212114810944e-02 6.816781387897208333e-05
9.100000000000000000e+02 1.678684384387452155e-05 1.220729791384655982e-05 1.504531883256277069e-05 7.755765182082541287e-06 3.502121762721799314e-05 1.220729791384655982e-05 1.504531883256277069e-05 7.755765182082541287e-06 1.411572657525539398e-02 6.772122287657111883e-05
9.200000000000000000e+02 1.660736052144784480e-05 1.188276837638113648e-05 1.480501123296562582e-05 7.601246124977478758e-06 3.464747351245023310e-05 1.188276837638113648e-05 1.480501123296562582e-05 7.601246124977478758e-06 1.405517384409904480e-02 6.714147457387298346e-05
9.300000000000000000e+02 1.639644324313849211e-05 1.172234351543011144e-05 1.445208181394264102e-05 7.457377705577528104e-06 3.421347355470061302e-05 1.172234351543011144e-05 1.445208181394264102e-05 7.457377705577528104e-06 1.400792319327592850e-02 6.669079448329284787e-05
9.400000000000000000e+02 1.632550083741080016e-05 1.148926912719616666e-05 1.415440692653646693e-05 7.236014425870962441e-06 3.405784809729084373e-05 1.148926912719616666e-05 1.415440692653646693e-05 7.236014425870962441e-06 1.394297927618026733e-02 6.607383693335577846e-05
9.500000000000000000e+02 1.604279714229051024e-05 1.125057951867347583e-05 1.391390105709433556e-05 7.151910267566563562e-06 3.347534584463573992e-05 1.125057951867347583e-05 1.391390105709433556e-05 7.151910267566563562e-06 1.390540692955255508e-02 6.571822450496256351e-05
9.600000000000000000e+02 1.606702790013514459e-05 1.113475627789739519e-05 1.336051627731649205e-05 7.062004897306906059e-06 3.347167512401938438e-05 1.113475627789739519e-05 1.336051627731649205e-05 7.062004897306906059e-06 1.385820005089044571e-02 6.527276855194941163e-05
9.700000000000000000e+02 1.575332134962081909e-05 1.079279900295659900e-05 1.331969269813271239e-05 6.910559022799134254e-06 3.287649815320037305e-05 1.079279900295659900e-05 1.331969269813271239e-05 6.910559022799134254e-06 1.380708068609237671e-02 6.479210424004122615e-05
9.800000000000000000e+02 1.562950092193204910e-05 1.066065306076779962e-05 1.295063611905789003e-05 6.765212219761451706e-06 3.261808524257503450e-05 1.066065306076779962e-05 1.295063611905789003e-05 6.765212219761451706e-06 1.375341229140758514e-02 6.428940105251967907e-05
9.900000000000000000e+02 1.554886694066226482e-05 1.053844061971176416e-05 1.249302295036613941e-05 6.691625458188354969e-06 3.244961044401861727e-05 1.053844061971176416e-05 1.249302295036613941e-05 6.691625458188354969e-06 1.372202206403017044e-02 6.399625999620184302e-05
1.000000000000000000e+03 1.539959521323908120e-05 1.024567791318986565e-05 1.240115125256124884e-05 6.506040335807483643e-06 3.211882358300499618e-05 1.024567791318986565e-05 1.240115125256124884e-05 6.506040335807483643e-06 1.365568768233060837e-02 6.337902595987543464e-05
1.000000000000000000e+03 1.539959521323908120e-05 1.024567791318986565e-05 1.240115125256124884e-05 6.506040335807483643e-06 3.211882358300499618e-05 1.024567791318986565e-05 1.240115125256124884e-05 6.506040335807483643e-06 1.365568768233060837e-02 6.337902595987543464e-05
1.000000000000000000e+03 1.539959521323908120e-05 1.024567791318986565e-05 1.240115125256124884e-05 6.506040335807483643e-06 3.211882358300499618e-05 1.024567791318986565e-05 1.240115125256124884e-05 6.506040335807483643e-06 1.365568768233060837e-02 6.337902595987543464e-05
1.000000000000000000e+03 1.539959521323908120e-05 1.024567791318986565e-05 1.240115125256124884e-05 6.506040335807483643e-06 3.211882358300499618e-05 1.024567791318986565e-05 1.240115125256124884e-05 6.506040335807483643e-06 1.365568768233060837e-02 6.337902595987543464e-05
1.000000000000000000e+03 1.539959521323908120e-05 1.024567791318986565e-05 1.240115125256124884e-05 6.506040335807483643e-06 3.211882358300499618e-05 1.024567791318986565e-05 1.240115125256124884e-05 6.506040335807483643e-06 1.365568768233060837e-02 6.337902595987543464e-05
1.000000000000000000e+03 1.539959521323908120e-05 1.024567791318986565e-05 1.240115125256124884e-05 6.506040335807483643e-06 3.211882358300499618e-05 1.024567791318986565e-05 1.240115125256124884e-05 6.506040335807483643e-06 1.365568768233060837e-02 6.337902595987543464e-05
1.010000000000000000e+03 9.981418261304497719e-04 5.694804131053388119e-04 1.708603522274643183e-04 4.048230184707790613e-04 9.850445203483104706e-04 5.694804131053388119e-04 1.708603522274643183e-04 4.048230184707790613e-04 3.083909489214420319e-02 3.232374729122966528e-04
1.020000000000000000e+03 4.064867243869230151e-05 6.141817721072584391e-05 5.346968464436940849e-05 5.430603050626814365e-05 5.971050268271937966e-05 6.141817721072584391e-05 5.346968464436940849e-05 5.430603050626814365e-05 1.706019788980484009e-02 9.892054367810487747e-05
1.030000000000000000e+03 1.118581785704009235e-04 6.027473136782646179e-05 4.324981637182645500e-05 5.367390622268430889e-05 1.367959193885326385e-04 6.027473136782646179e-05 4.324981637182645500e-05 5.367390622268430889e-05 1.727914065122604370e-02 1.014758236124180257e-04
1.040000000000000000e+03 1.607552439963910729e-05 2.500110167602542788e-05 2.686327570700086653e-05 2.042542109848000109e-05 3.304580241092480719e-05 2.500110167602542788e-05 2.686327570700086653e-05 2.042542109848000109e-05 1.576377823948860168e-02 8.445764979114755988e-05
1.050000000000000000e+03 2.203176882176194340e-05 1.569063169881701469e-05 1.867257924459408969e-05 9.867743756331037730e-06 3.546313018887303770e-05 1.569063169881701469e-05 1.867257924459408969e-05 9.867743756331037730e-06 1.369217224419116974e-02 6.371813651639968157e-05
1.050000000000000000e+03 2.816213236656039953e-05 1.569063169881701469e-05 1.867257924459408969e-05 9.867743756331037730e-06 3.546313018887303770e-05 1.569063169881701469e-05 1.867257924459408969e-05 9.867743756331037730e-06 1.369217224419116974e-02 6.371813651639968157e-05
1.060000000000000000e+03 3.303409903310239315e-04 3.275154158473014832e-04 7.623241399414837360e-04 5.269460380077362061e-04 3.293370536994189024e-04 3.275154158473014832e-04 7.623241399414837360e-04 5.269460380077362061e-04 4.249432310461997986e-02 6.137341842986643314e-04
1.070000000000000000e+03 8.803051605354994535e-05 2.526826283428817987e-04 4.615186189766973257e-04 3.203866071999073029e-04 1.247064792551100254e-04 2.526826283428817987e-04 4.615186189766973257e-04 3.203866071999073029e-04 3.662460297346115112e-02 4.558944201562553644e-04
1.080000000000000000e+03 9.908792708301916718e-05 5.123921073391102254e-05 7.000142795732244849e-05 6.595570448553189635e-05 1.358716981485486031e-04 5.123921073391102254e-05 7.000142795732244849e-05 6.595570448553189635e-05 1.910359039902687073e-02 1.240361598320305347e-04
1.090000000000000000e+03 1.748645263432990760e-05 2.841953937604557723e-05 3.170826312270946801e-05 2.610983574413694441e-05 4.019312473246827722e-05 2.841953937604557723e-05 3.170826312270946801e-05 2.610983574413694441e-05 1.561848726123571396e-02 8.290795813081786036e-05
1.100000000000000000e+03 1.565363527333829552e-05 1.830784276535268873e-05 2.254058563266880810e-05 1.612541745998896658e-05 3.517741424730047584e-05 1.830784276535268873e-05 2.254058563266880810e-05 1.612541745998896658e-05 1.433674432337284088e-02 6.985852087382227182e-05
1.100000000000000000e+03 1.453686763852601871e-05 1.830784276535268873e-05 2.254058563266880810e-05 1.612541745998896658e-05 3.517741424730047584e-05 1.830784276535268873e-05 2.254058563266880810e-05 1.612541745998896658e-05 1.433674432337284088e-02 6.985852087382227182e-05
1.110000000000000000e+03 3.445511101745069027e-04 2.479769464116543531e-04 2.819030487444251776e-04 2.953144721686840057e-04 2.756734902504831553e-04 2.479769464116543531e-04 2.819030487444251776e-04 2.953144721686840057e-04 2.868662215769290924e-02 2.796901972033083439e-04
1.120000000000000000e+03 8.077520033111795783e-05 1.166131842182949185e-04 1.800681202439591289e-04 1.240702404174953699e-04 6.924661283846944571e-05 1.166131842182949185e-04 1.800681202439591289e-04 1.240702404174953699e-04 2.210343442857265472e-02 1.660496200202032924e-04
1.130000000000000000e+03 1.638018693483900279e-05 3.999462933279573917e-05 4.338968210504390299e-05 3.238118006265722215e-05 4.087519482709467411e-05 3.999462933279573917e-05 4.338968210504390299e-05 3.238118006265722215e-05 1.483961101621389389e-02 7.484511297661811113e-05
1.140000000000000000e+03 2.477464840922039002e-05 2.312759534106589854e-05 2.923530155385378748e-05 2.491459781595040113e-05 5.364872777136042714e-05 2.312759534106589854e-05 2.923530155385378748e-05 2.491459781595040113e-05 1.483605150133371353e-02 7.480920612579211593e-05
1.150000000000000000e+03 1.462990712752798572e-05 1.348987734672846273e-05 1.704427995719015598e-05 1.259416148968739435e-05 3.944452328141778708e-05 1.348987734672846273e-05 1.704427995719015598e-05 1.259416148968739435e-05 1.305585633963346481e-02 5.793341915705241263e-05
1.150000000000000000e+03 1.317618443863466382e-05 1.348987734672846273e-05 1.704427995719015598e-05 1.259416148968739435e-05 3.944452328141778708e-05 1.348987734672846273e-05 1.704427995719015598e-05 1.259416148968739435e-05 1.305585633963346481e-02 5.793341915705241263e-05
1.160000000000000000e+03 2.202176547143608332e-04 9.987781522795557976e-04 6.159649346955120564e-04 1.203111838549375534e-03 2.810925361700356007e-04 9.987781522795557976e-04 6.159649346955120564e-04 1.203111838549375534e-03 4.795439913868904114e-02 7.815832505002617836e-04
1.170000000000000000e+03 2.153950772481039166e-04 2.418050571577623487e-04 2.327629917999729514e-04 2.818927168846130371e-04 2.947162138298153877e-04 2.418050571577623487e-04 2.327629917999729514e-04 2.818927168846130371e-04 3.077423013746738434e-02 3.218791098333895206e-04
1.180000000000000000e+03 2.066137130896095186e-05 1.634289365028962493e-04 1.230684429174289107e-04 1.829747634474188089e-04 5.109791891300119460e-05 1.634289365028962493e-04 1.230684429174289107e-04 1.829747634474188089e-04 2.356374450027942657e-02 1.887152175186201930e-04
1.190000000000000000e+03 1.823498314479365945e-05 6.567592936335131526e-05 4.247005199431441724e-05 5.623781180474907160e-05 4.343547698226757348e-05 6.567592936335131526e-05 4.247005199431441724e-05 5.623781180474907160e-05 1.800050400197505951e-02 1.101254456443712115e-04
1.200000000000000000e+03 1.986272400245070457e-05 2.763867996691260487e-05 2.919807411672081798e-05 2.545847928558941931e-05 4.034507219330407679e-05 2.763867996691260487e-05 2.919807411672081798e-05 2.545847928558941931e-05 1.421080436557531357e-02 6.863658927613869309e-05
1.200000000000000000e+03 1.986272400245070457e-05 2.763867996691260487e-05 2.919807411672081798e-05 2.545847928558941931e-05 4.034507219330407679e-05 2.763867996691260487e-05 2.919807411672081798e-05 2.545847928558941931e-05 1.421080436557531357e-02 6.863658927613869309e-05
1.210000000000000000e+03 3.861051518470048904e-04 5.957884131930768490e-04 8.601412409916520119e-04 7.139496156014502048e-04 3.392199869267642498e-04 5.957884131930768490e-04 8.601412409916520119e-04 7.139496156014502048e-04 4.653666168451309204e-02 7.360524614341557026e-04
1.220000000000000000e+03 1.846860832301899791e-04 1.424208021489903331e-04 2.714391739573329687e-04 2.157800045097246766e-04 1.566288992762565613e-04 1.424208021489903331e-04 2.714391739573329687e-04 2.157800045097246766e-04 2.612544782459735870e-02 2.319775230716913939e-04
1.230000000000000000e+03 2.665504871401935816e-05 5.061905176262371242e-05 8.465485007036477327e-05 7.484570960514247417e-05 5.824593608849681914e-05 5.061905176262371242e-05 8.465485007036477327e-05 7.484570960514247417e-05 1.745080575346946716e-02 1.035021341522224247e-04
1.240000000000000000e+03 1.370680911350063980e-05 3.181230204063467681e-05 4.183959026704542339e-05 4.182410702924244106e-05 3.988311436842195690e-05 3.181230204063467681e-05 4.183959026704542339e-05 4.182410702924244106e-05 1.623761095106601715e-02 8.961126877693459392e-05
1.250000000000000000e+03 1.363895262329606339e-05 1.795448952179867774e-05 1.687183430476579815e-05 1.590927968209143728e-05 4.264605740900151432e-05 1.795448952179867774e-05 1.687183430476579815e-05 1.590927968209143728e-05 1.274310331791639328e-02 5.519106343854218721e-05
1.250000000000000000e+03 2.388918437645770609e-05 1.795448952179867774e-05 1.687183430476579815e-05 1.590927968209143728e-05 4.264605740900151432e-05 1.795448952179867774e-05 1.687183430476579815e-05 1.590927968209143728e-05 1.274310331791639328e-02 5.519106343854218721e-05
1.260000000000000000e+03 9.171388956019654870e-05 1.998856751015409827e-04 2.939168480224907398e-04 2.507235039956867695e-04 1.337969297310337424e-04 1.998856751015409827e-04 2.939168480224907398e-04 2.507235039956867695e-04 3.094321675598621368e-02 3.254237817600369453e-04
1.270000000000000000e+03 2.850948112609330565e-05 1.246230822289362550e-04 1.484664826421067119e-04 1.684252056293189526e-04 7.257710967678576708e-05 1.246230822289362550e-04 1.484664826421067119e-04 1.684252056293189526e-04 2.474018372595310211e-02 2.080291305901482701e-04
1.280000000000000000e+03 2.665937972778920084e-05 3.943552655982784927e-05 4.790959064848721027e-05 4.279247150407172740e-05 5.585798862739466131e-05 3.943552655982784927e-05 4.790959064848721027e-05 4.279247150407172740e-05 1.585759595036506653e-02 8.546593016944825649e-05
1.290000000000000000e+03 1.495624928793404251e-05 2.205231976404320449e-05 2.389094515820033848e-05 1.744882138154935092e-05 4.418296521180309355e-05 2.205231976404320449e-05 2.389094515820033848e-05 1.744882138154935092e-05 1.360388472676277161e-02 6.289906741585582495e-05
1.300000000000000000e+03 1.736614831315819174e-05 1.409111700922949240e-05 1.891485226224176586e-05 1.513515326223568991e-05 4.284020178602077067e-05 1.409111700922949240e-05 1.891485226224176586e-05 1.513515326223568991e-05 1.214818470180034637e-02 5.015810529584996402e-05
1.300000000000000000e+03 2.025609865086153150e-05 1.409111700922949240e-05 1.891485226224176586e-05 1.513515326223568991e-05 4.284020178602077067e-05 1.409111700922949240e-05 1.891485226224176586e-05 1.513515326223568991e-05 1.214818470180034637e-02 5.015810529584996402e-05
1.310000000000000000e+03 1.348458317806944251e-04 1.331846113316714764e-03 5.297363386489450932e-04 1.469897571951150894e-03 1.766706118360161781e-04 1.331846113316714764e-03 5.297363386489450932e-04 1.469897571951150894e-03 4.875187203288078308e-02 8.077945676632225513e-04
1.320000000000000000e+03 1.031672945828177035e-04 2.846003917511552572e-04 1.723666064208373427e-04 2.859650412574410439e-04 1.598897797521203756e-04 2.846003917511552572e-04 1.723666064208373427e-04 2.859650412574410439e-04 2.742905355989933014e-02 2.557055267971009016e-04
1.330000000000000000e+03 2.436981412756722420e-05 4.628379974747076631e-05 5.545536623685620725e-05 4.395262658363208175e-05 6.869841308798640966e-05 4.628379974747076631e-05 5.545536623685620725e-05 4.395262658363208175e-05 1.571288332343101501e-02 8.391316077904775739e-05
1.340000000000000000e+03 1.311097821599105373e-05 2.181534728151746094e-05 2.509018486307468265e-05 2.172091444663237780e-05 3.894322071573697031e-05 2.181534728151746094e-05 2.509018486307468265e-05 2.172091444663237780e-05 1.444806158542633057e-02 7.094757165759801865e-05
1.350000000000000000e+03 1.409090327797457576e-05 2.098645563819445670e-05 2.071834205708000809e-05 1.820881516323424876e-05 3.997712337877601385e-05 2.098645563819445670e-05 2.071834205708000809e-05 1.820881516323424876e-05 1.299373246729373932e-02 5.738338586525060236e-05
1.350000000000000000e+03 1.430986048944760114e-05 2.098645563819445670e-05 2.071834205708000809e-05 1.820881516323424876e-05 3.997712337877601385e-05 2.098645563819445670e-05 2.071834205708000809e-05 1.820881516323424876e-05 1.299373246729373932e-02 5.738338586525060236e-05
1.360000000000000000e+03 1.402147609042003751e-04 8.860238012857735157e-04 4.807867517229169607e-04 1.016321359202265739e-03 1.588497107150033116e-04 8.860238012857735157e-04 4.807867517229169607e-04 1.016321359202265739e-03 4.187301546335220337e-02 5.959185655228793621e-04
1.370000000000000000e+03 1.899530434457119554e-05 2.897118683904409409e-04 3.072938998229801655e-04 2.542171278037130833e-04 4.928632552037015557e-05 2.897118683904409409e-04 3.072938998229801655e-04 2.542171278037130833e-04 2.970126084983348846e-02 2.998251875396817923e-04
1.380000000000000000e+03 1.170381801784969866e-05 7.325148908421397209e-05 6.745925929863005877e-05 6.066869536880403757e-05 3.922953692381270230e-05 7.325148908421397209e-05 6.745925929863005877e-05 6.066869536880403757e-05 1.703478209674358368e-02 9.862602746579796076e-05
1.390000000000000000e+03 1.147903640230651945e-05 2.995497743540909141e-05 2.553915328462608159e-05 2.265173134219367057e-05 4.189580431557260454e-05 2.995497743540909141e-05 2.553915328462608159e-05 2.265173134219367057e-05 1.384321693331003189e-02 6.513169500976800919e-05
1.400000000000000000e+03 1.282870107388589531e-05 1.535208502900786698e-05 2.131975452357437462e-05 1.157474071078468114e-05 4.505402830545790493e-05 1.535208502900786698e-05 2.131975452357437462e-05 1.157474071078468114e-05 1.193263195455074310e-02 4.839392568101175129e-05
1.400000000000000000e+03 1.282870107388589531e-05 1.535208502900786698e-05 2.131975452357437462e-05 1.157474071078468114e-05 4.505402830545790493e-05 1.535208502900786698e-05 2.131975452357437462e-05 1.157474071078468114e-05 1.193263195455074310e-02 4.839392568101175129e-05
1.410000000000000000e+03 4.969520523445680737e-05 1.767924986779689789e-04 1.360921742161735892e-04 1.583858393132686615e-04 6.101295366534031928e-05 1.767924986779689789e-04 1.360921742161735892e-04 1.583858393132686615e-04 2.236966788768768311e-02 1.700737921055406332e-04
1.420000000000000000e+03 3.028982064279261976e-05 1.114871120080351830e-04 1.005650046863593161e-04 1.240635610884055495e-04 7.419529720209538937e-05 1.114871120080351830e-04 1.005650046863593161e-04 1.240635610884055495e-04 2.089997380971908569e-02 1.484601234551519156e-04
1.430000000000000000e+03 3.509555972414091229e-05 5.800176222692243755e-05 4.667447865358553827e-05 4.958721547154709697e-05 7.894611917436122894e-05 5.800176222692243755e-05 4.667447865358553827e-05 4.958721547154709697e-05 1.487799827009439468e-02 7.523282693000510335e-05
1.440000000000000000e+03 1.068904930434655398e-05 2.426211540296208113e-05 2.354491152800619602e-05 2.495262560842093080e-05 4.278356209397315979e-05 2.426211540296208113e-05 2.354491152800619602e-05 2.495262560842093080e-05 1.259829849004745483e-02 5.394387335400097072e-05
1.450000000000000000e+03 8.126701686705928296e-06 1.819241515477187932e-05 2.370657239225693047e-05 1.333468026132322848e-05 3.384372757864184678e-05 1.819241515477187932e-05 2.370657239225693047e-05 1.333468026132322848e-05 1.157461944967508316e-02 4.553357939585112035e-05
1.450000000000000000e+03 7.495394129364285618e-06 1.819241515477187932e-05 2.370657239225693047e-05 1.333468026132322848e-05 3.384372757864184678e-05 1.819241515477187932e-05 2.370657239225693047e-05 1.333468026132322848e-05 1.157461944967508316e-02 4.553357939585112035e-05
1.460000000000000000e+03 1.907453406602144241e-05 4.911576979793608189e-04 5.726427189074456692e-04 5.355046596378087997e-04 3.395918247406370938e-05 4.911576979793608189e-04 5.726427189074456692e-04 5.355046596378087997e-04 4.227292910218238831e-02 6.073555559851229191e-04
1.470000000000000000e+03 1.826138031901791692e-05 2.147140476154163480e-04 2.298491308465600014e-04 2.360176877118647099e-04 4.978376455255784094e-05 2.147140476154163480e-04 2.298491308465600014e-04 2.360176877118647099e-04 2.686657756567001343e-02 2.453257329761981964e-04
1.480000000000000000e+03 1.342481846222653985e-05 5.731245255446992815e-05 5.446286741062067449e-05 5.756157042924314737e-05 4.082739542354829609e-05 5.731245255446992815e-05 5.446286741062067449e-05 5.756157042924314737e-05 1.626207306981086731e-02 8.988147601485252380e-05
1.490000000000000000e+03 8.899631211534142494e-06 2.248758755740709603e-05 2.338341801078058779e-05 2.295635204063728452e-05 3.474759068922139704e-05 2.248758755740709603e-05 2.338341801078058779e-05 2.295635204063728452e-05 1.280712708830833435e-02 5.574704118771478534e-05
1.500000000000000000e+03 7.058310075080953538e-06 1.486674318584846333e-05 1.801100734155625105e-05 1.275687554880278185e-05 3.069944432354532182e-05 1.486674318584846333e-05 1.801100734155625105e-05 1.275687554880278185e-05 1.155889034271240234e-02 4.540991722024045885e-05
1.500000000000000000e+03 6.548212240886641666e-06 1.474274085921933874e-05 1.795183561625890434e-05 1.265822629648027942e-05 3.069944432354532182e-05 1.486674318584846333e-05 1.801100734155625105e-05 1.275687554880278185e-05 1.155889034271240234e-02 4.540991722024045885e-05
1.510000000000000000e+03 4.190938852843828499e-05 2.745759848039597273e-04 1.982551766559481621e-04 2.882585395127534866e-04 4.909944254904985428e-05 2.738559560384601355e-04 1.974333135876804590e-04 2.878190134651958942e-04 2.677748911082744598e-02 2.437014190945774317e-04
1.520000000000000000e+03 1.997169238165952265e-05 8.634374535176903009e-05 1.610850304132327437e-04 1.018342372844927013e-04 3.963831841247156262e-05 8.597240957897156477e-05 1.602366537554189563e-04 1.014101362670771778e-04 2.039711922407150269e-02 1.414021680830046535e-04
1.530000000000000000e+03 9.793760000320617110e-06 6.061158637749031186e-05 5.543092265725135803e-05 6.003756789141334593e-05 3.104850839008577168e-05 6.025451511959545314e-05 5.493585558724589646e-05 5.968841287540271878e-05 1.492358557879924774e-02 7.569455920020118356e-05
1.540000000000000000e+03 5.745598627981962636e-06 2.110832429025322199e-05 3.425679096835665405e-05 2.724850492086261511e-05 2.787299490591976792e-05 2.096406205964740366e-05 3.393673614482395351e-05 2.704413964238483459e-05 1.206985674798488617e-02 4.951338996761478484e-05
1.550000000000000000e+03 6.195253263285849243e-06 1.370501468045404181e-05 2.297521677974145859e-05 1.116380281018791720e-05 2.832469544955529273e-05 1.359028556180419400e-05 2.265682815050240606e-05 1.100614099414087832e-05 1.085242442786693573e-02 4.002873902209103107e-05
1.550000000000000000e+03 5.811689334223046899e-06 1.370501468045404181e-05 2.297521677974145859e-05 1.116380281018791720e-05 2.832469544955529273e-05 1.359028556180419400e-05 2.265682815050240606e-05 1.100614099414087832e-05 1.085242442786693573e-02 4.002873902209103107e-05
1.560000000000000000e+03 2.109589331666938961e-05 4.565468989312648773e-04 5.365132237784564495e-04 5.250240210443735123e-04 3.925360215362161398e-05 4.580139357130974531e-04 5.385200493037700653e-04 5.265194922685623169e-04 4.114955663681030273e-02 5.755044403485953808e-04
1.570000000000000000e+03 2.502347888366784900e-05 1.480674109188839793e-04 2.093678340315818787e-04 1.752502575982362032e-04 4.973009345121681690e-05 1.485711691202595830e-04 2.103486767737194896e-04 1.758704311214387417e-04 2.588451281189918518e-02 2.277185558341443539e-04
1.580000000000000000e+03 2.989831955346744508e-05 5.809896538266912103e-05 5.696509106201119721e-05 4.386077125673182309e-05 5.724400762119330466e-05 5.861778845428489149e-05 5.753081131842918694e-05 4.421252015163190663e-05 1.581621170043945312e-02 8.502044511260464787e-05
1.590000000000000000e+03 2.087091343128122389e-05 2.175735971832182258e-05 2.780443537631072104e-05 2.176695488742552698e-05 4.867039024247787893e-05 2.193305954278912395e-05 2.793906060105655342e-05 2.188838334404863417e-05 1.182821299880743027e-02 4.755067129735834897e-05
1.600000000000000000e+03 8.755815542826894671e-06 1.388175860483897850e-05 1.684728158579673618e-05 1.190384136862121522e-05 3.522459519444964826e-05 1.401439112669322640e-05 1.697168227110523731e-05 1.207535024150274694e-05 1.083490625023841858e-02 3.989962351624853909e-05
1.600000000000000000e+03 8.755815542826894671e-06 1.388175860483897850e-05 1.684728158579673618e-05 1.190384136862121522e-05 3.522459519444964826e-05 1.401439112669322640e-05 1.697168227110523731e-05 1.207535024150274694e-05 1.083490625023841858e-02 3.989962351624853909e-05
1.610000000000000000e+03 9.120563481701537967e-05 4.135691560804843903e-04 2.474706561770290136e-04 3.930221428163349628e-04 1.188860769616439939e-04 4.124950792174786329e-04 2.462147385813295841e-04 3.921901516150683165e-04 2.862686663866043091e-02 2.785261604003608227e-04
1.620000000000000000e+03 1.180723938887240365e-05 8.222171163652092218e-05 1.368084776913747191e-04 9.396649693371728063e-05 4.041654392494820058e-05 8.205833728425204754e-05 1.361306058242917061e-04 9.372359636472538114e-05 1.907420717179775238e-02 1.236549142049625516e-04
1.630000000000000000e+03 3.901261879946105182e-05 4.722016092273406684e-05 3.471789023024030030e-05 3.950093741877935827e-05 7.205975271062925458e-05 4.711409201263450086e-05 3.445832044235430658e-05 3.931150422431528568e-05 1.327248755842447281e-02 5.987189797451719642e-05
1.640000000000000000e+03 6.952288913453230634e-06 1.880778836493846029e-05 2.205681266786996275e-05 1.751934723870363086e-05 3.408007614780217409e-05 1.873643304861616343e-05 2.202169162046629936e-05 1.748044815030880272e-05 1.133310236036777496e-02 4.365319546195678413e-05
1.650000000000000000e+03 6.275468422245467082e-06 1.240472465724451467e-05 1.187338057206943631e-05 1.091004924091976136e-05 3.045872472284827381e-05 1.243586484633851796e-05 1.188970600196626037e-05 1.098200118576642126e-05 1.063404139131307602e-02 3.843395097646862268e-05
1.650000000000000000e+03 6.326562470349017531e-06 1.240472465724451467e-05 1.187338057206943631e-05 1.091004924091976136e-05 3.045872472284827381e-05 1.243586484633851796e-05 1.188970600196626037e-05 1.098200118576642126e-05 1.063404139131307602e-02 3.843395097646862268e-05
1.660000000000000000e+03 9.929369844030588865e-05 4.226733872201293707e-04 7.040997152216732502e-04 5.499784019775688648e-04 1.064861644408665597e-04 4.213580104988068342e-04 7.019452750682830811e-04 5.483044660650193691e-04 3.850022330880165100e-02 5.037845694459974766e-04
1.670000000000000000e+03 4.718652053270488977e-05 1.011765125440433621e-04 2.448013401590287685e-04 1.310764637310057878e-04 6.759664393030107021e-05 1.008822146104648709e-04 2.435436908854171634e-04 1.306722406297922134e-04 2.239026688039302826e-02 1.703871821518987417e-04
1.680000000000000000e+03 1.756040364853106439e-05 4.107878703507594764e-05 4.980721496394835413e-05 3.904012191924266517e-05 4.088618152309209108e-05 4.096879638382233679e-05 4.927592453896068037e-05 3.879563155351206660e-05 1.348244491964578629e-02 6.178110925247892737e-05
1.690000000000000000e+03 8.673991032992489636e-06 1.551341665617655963e-05 1.820298530219588429e-05 1.393287402606802061e-05 3.344275683048181236e-05 1.543461075925733894e-05 1.808602064556907862e-05 1.386424355587223545e-05 1.137611363083124161e-02 4.398516830406151712e-05
1.700000000000000000e+03 6.159657004900509492e-06 1.240238179889274761e-05 1.583963421580847353e-05 9.800561201700475067e-06 3.047736572625581175e-05 1.245302973984507844e-05 1.581218930368777364e-05 9.825504093896597624e-06 1.036052685230970383e-02 3.648229176178574562e-05
1.700000000000000000e+03 6.021133231115527451e-06 1.240238179889274761e-05 1.583963421580847353e-05 9.800561201700475067e-06 3.047736572625581175e-05 1.245302973984507844e-05 1.581218930368777364e-05 9.825504093896597624e-06 1.036052685230970383e-02 3.648229176178574562e-05
1.710000000000000000e+03 6.377428508130833507e-05 2.533064689487218857e-04 1.838955649873241782e-04 2.478378592059016228e-04 7.920917414594441652e-05 2.525629533920437098e-04 1.832391571952030063e-04 2.473424829076975584e-04 2.513260394334793091e-02 2.146809129044413567e-04
1.720000000000000000e+03 2.843859692802652717e-05 1.542329991934821010e-04 1.092797392630018294e-04 1.576379290781915188e-04 5.684132338501513004e-05 1.534793846076354384e-04 1.085775220417417586e-04 1.570458844071254134e-04 2.155909314751625061e-02 1.579717354616150260e-04
1.730000000000000000e+03 2.472863161528948694e-05 7.007898966548964381e-05 7.505631219828501344e-05 7.298788113985210657e-05 4.571073804982006550e-05 6.989814573898911476e-05 7.517429912695661187e-05 7.306496991077437997e-05 1.598617807030677795e-02 8.685758075444027781e-05
1.740000000000000000e+03 9.566279004502575845e-06 3.421442306716926396e-05 2.807130294968374074e-05 2.811018202919512987e-05 3.569422187865711749e-05 3.401003777980804443e-05 2.791372207866515964e-05 2.799196954583749175e-05 1.235264912247657776e-02 5.186072303331457078e-05
1.750000000000000000e+03 8.039647582336328924e-06 1.616283589100930840e-05 1.574965972395148128e-05 1.413604331901296973e-05 3.373568324605002999e-05 1.600875111762434244e-05 1.566889659443404526e-05 1.406198589393170550e-05 1.029052771627902985e-02 3.599097544793039560e-05
1.750000000000000000e+03 8.199494004657026380e-06 1.616283589100930840e-05 1.574965972395148128e-05 1.413604331901296973e-05 3.373568324605002999e-05 1.600875111762434244e-05 1.566889659443404526e-05 1.406198589393170550e-05 1.029052771627902985e-02 3.599097544793039560e-05
1.760000000000000000e+03 3.191728683304972947e-05 5.105525488033890724e-04 4.254410450812429190e-04 4.624967696145176888e-04 6.276212661759927869e-05 5.116387619636952877e-04 4.263847076799720526e-04 4.633679054677486420e-04 3.691603615880012512e-02 4.631786432582885027e-04
1.770000000000000000e+03 1.700894645182415843e-04 7.712330989306792617e-05 1.446702081011608243e-04 1.188973546959459782e-04 1.473917363910004497e-04 7.760210428386926651e-05 1.449861447326838970e-04 1.192209965665824711e-04 1.917250826954841614e-02 1.249327178811654449e-04
1.780000000000000000e+03 2.265376861032564193e-05 4.742021701531484723e-05 5.987735858070664108e-05 5.279016113490797579e-05 4.103258834220468998e-05 4.734951653517782688e-05 5.988217890262603760e-05 5.269133544061332941e-05 1.524679642170667648e-02 7.900883065303787589e-05
1.790000000000000000e+03 1.084026916942093521e-05 1.984531809284817427e-05 2.500097434676717967e-05 2.486492849129717797e-05 3.780116821872070432e-05 1.984917616937309504e-05 2.503829273337032646e-05 2.492482417437713593e-05 1.109398342669010162e-02 4.183053169981576502e-05
1.800000000000000000e+03 8.070979674812406301e-06 1.188039732369361445e-05 1.458759925299091265e-05 1.197128040075767785e-05 3.977704182034358382e-05 1.181528205052018166e-05 1.450020408810814843e-05 1.191831324831582606e-05 9.572035633027553558e-03 3.114059654762968421e-05
1.800000000000000000e+03 8.070979674812406301e-06 1.188039732369361445e-05 1.458759925299091265e-05 1.197128040075767785e-05 3.977704182034358382e-05 1.181528205052018166e-05 1.450020408810814843e-05 1.191831324831582606e-05 9.572035633027553558e-03 3.114059654762968421e-05
1.810000000000000000e+03 8.445230378129053861e-06 1.473977754358202219e-04 1.599502138560637832e-04 1.246059691766276956e-04 4.349903974798507988e-05 1.472846197430044413e-04 1.606104051461443305e-04 1.248160260729491711e-04 2.235865220427513123e-02 1.699063577689230442e-04
1.820000000000000000e+03 9.337952360510826111e-05 6.268635479500517249e-05 9.023817256093025208e-05 8.414719195570796728e-05 1.500595390098169446e-04 6.235307955648750067e-05 9.021587175084277987e-05 8.402947423746809363e-05 1.816612854599952698e-02 1.121613167924806476e-04
1.830000000000000000e+03 6.956506695132702589e-06 4.133784022997133434e-05 4.714284659712575376e-05 4.247745528118684888e-05 3.596542592276819050e-05 4.138589793001301587e-05 4.725182225229218602e-05 4.258884291630238295e-05 1.385963521897792816e-02 6.528628728119656444e-05
1.840000000000000000e+03 7.670051672903355211e-06 1.462280488340184093e-05 1.354257983621209860e-05 1.412662186339730397e-05 4.367206929600797594e-05 1.458127553632948548e-05 1.352771960227983072e-05 1.411278572049923241e-05 9.901097044348716736e-03 3.331847256049513817e-05
1.850000000000000000e+03 5.799054633826017380e-06 8.835383596306201071e-06 1.057596091413870454e-05 8.495064321323297918e-06 3.448243660386651754e-05 8.786601938481908292e-06 1.056916244124295190e-05 8.483879355480894446e-06 9.131755679845809937e-03 2.834176848409697413e-05
1.850000000000000000e+03 5.966968274151440710e-06 8.786601938481908292e-06 1.056916244124295190e-05 8.483878445986192673e-06 3.448243660386651754e-05 8.786601938481908292e-06 1.056916244124295190e-05 8.483879355480894446e-06 9.131755679845809937e-03 2.834176848409697413e-05
1.860000000000000000e+03 1.490257709519937634e-04 1.664697483647614717e-04 9.203736408380791545e-05 1.376033033011481166e-04 1.893645239761099219e-04 1.664697483647614717e-04 9.203736408380791545e-05 1.376032596454024315e-04 1.969083584845066071e-02 1.317791466135531664e-04
1.870000000000000000e+03 2.464872886775992811e-05 5.211805910221301019e-05 4.972239912603981793e-05 5.101644637761637568e-05 5.762200453318655491e-05 5.211805910221301019e-05 4.972239912603981793e-05 5.101644637761637568e-05 1.448758225888013840e-02 7.133623876143246889e-05
1.880000000000000000e+03 5.674539806932443753e-06 3.542222839314490557e-05 2.879770545405335724e-05 2.886851507355459034e-05 2.512698119971901178e-05 3.542222839314490557e-05 2.879770545405335724e-05 2.886850779759697616e-05 1.198354270309209824e-02 4.880776396021246910e-05
1.890000000000000000e+03 4.457364411791786551e-06 1.179693936137482524e-05 1.685674760665278882e-05 1.209543825098080561e-05 2.883295383071526885e-05 1.179693936137482524e-05 1.685674760665278882e-05 1.209544006997020915e-05 9.583359584212303162e-03 3.121432018815539777e-05
1.900000000000000000e+03 6.542787104990566149e-06 1.010579217108897865e-05 1.086065003619296476e-05 8.691045877640135586e-06 3.573373760445974767e-05 1.010579217108897865e-05 1.086065003619296476e-05 8.691046787134837359e-06 9.024697355926036835e-03 2.768111880868673325e-05
1.900000000000000000e+03 6.289119482971727848e-06 1.010579217108897865e-05 1.086065003619296476e-05 8.691045877640135586e-06 3.573373760445974767e-05 1.010579217108897865e-05 1.086065003619296476e-05 8.691046787134837359e-06 9.024697355926036835e-03 2.768111880868673325e-05
1.910000000000000000e+03 2.690357541723642498e-05 3.113709390163421631e-04 2.244462812086567283e-04 2.374527539359405637e-04 6.804914301028475165e-05 3.113709390163421631e-04 2.244462812086567283e-04 2.374527539359405637e-04 2.850034832954406738e-02 2.760696806944906712e-04
1.920000000000000000e+03 1.609205537533853203e-05 7.999153604032471776e-05 6.499391020042821765e-05 8.017620712053030729e-05 5.632034299196675420e-05 7.999153604032471776e-05 6.499391020042821765e-05 8.017618529265746474e-05 1.599914021790027618e-02 8.699847967363893986e-05
1.930000000000000000e+03 3.006813858519308269e-05 2.411618152109440416e-05 2.552577097958419472e-05 2.521417991374619305e-05 3.933216794393956661e-05 2.411618152109440416e-05 2.552577097958419472e-05 2.521417991374619305e-05 1.122115924954414368e-02 4.279507629689760506e-05
1.940000000000000000e+03 9.398203474120236933e-06 1.619736940483562648e-05 1.239965513377683237e-05 1.575152782606892288e-05 3.520684185787104070e-05 1.619736940483562648e-05 1.239965513377683237e-05 1.575152600707951933e-05 9.790995158255100250e-03 3.258157448726706207e-05
1.950000000000000000e+03 8.217901267926208675e-06 9.902042620524298400e-06 1.211619292007526383e-05 8.610199074610136449e-06 4.295960752642713487e-05 9.902042620524298400e-06 1.211619292007526383e-05 8.610197255620732903e-06 8.745674975216388702e-03 2.599590698082465678e-05
1.950000000000000000e+03 7.832597475498914719e-06 9.902042620524298400e-06 1.211619292007526383e-05 8.610199074610136449e-06 4.295960752642713487e-05 9.902042620524298400e-06 1.211619292007526383e-05 8.610197255620732903e-06 8.745674975216388702e-03 2.599590698082465678e-05
1.960000000000000000e+03 1.472797066526254639e-05 1.452372234780341387e-04 8.983877341961488128e-05 1.519474753877148032e-04 2.566470357123762369e-05 1.452372234780341387e-04 8.983877341961488128e-05 1.519474171800538898e-04 1.782089658081531525e-02 1.079387657227925956e-04
1.970000000000000000e+03 5.182019322091946378e-06 6.277583452174440026e-05 1.012491047731600702e-04 5.943813448539003730e-05 2.764616328931879252e-05 6.277583452174440026e-05 1.012491047731600702e-04 5.943812357145361602e-05 1.570359617471694946e-02 8.381401130463927984e-05
1.980000000000000000e+03 5.411413440015166998e-06 1.436867751181125641e-05 1.755842640704941005e-05 1.580870230100117624e-05 2.428855259495321661e-05 1.436867751181125641e-05 1.755842640704941005e-05 1.580870411999057978e-05 9.243478067219257355e-03 2.903950917243491858e-05
1.990000000000000000e+03 6.602424036827869713e-06 1.215010252053616568e-05 1.284701193071668968e-05 1.119976786867482588e-05 2.986168692586943507e-05 1.215010252053616568e-05 1.284701193071668968e-05 1.119976968766422942e-05 8.873207494616508484e-03 2.675960604392457753e-05
2.000000000000000000e+03 4.623408585757715628e-06 1.455314486520364881e-05 1.429493477189680561e-05 1.301414067711448297e-05 3.015487163793295622e-05 1.455314486520364881e-05 1.429493477189680561e-05 1.301413885812507942e-05 9.659115225076675415e-03 3.170977288391441107e-05
2.000000000000000000e+03 4.623408585757715628e-06 1.455314486520364881e-05 1.429493477189680561e-05 1.301414067711448297e-05 3.015487163793295622e-05 1.455314486520364881e-05 1.429493477189680561e-05 1.301413885812507942e-05 9.659115225076675415e-03 3.170977288391441107e-05
2.010000000000000000e+03 1.241894824488554150e-05 3.001842414960265160e-04 2.321147912880405784e-04 3.042809257749468088e-04 2.678668533917516470e-05 3.001842414960265160e-04 2.321147912880405784e-04 3.042809548787772655e-04 2.569605410099029541e-02 2.244146598968654871e-04
2.020000000000000000e+03 8.571816579205915332e-06 9.550030517857521772e-05 1.148627416114322841e-04 9.094829147215932608e-05 3.081442264374345541e-05 9.550030517857521772e-05 1.148627416114322841e-04 9.094831330003216863e-05 1.741891913115978241e-02 1.031242354656569660e-04
2.030000000000000000e+03 4.250290658092126250e-06 4.435519076650962234e-05 3.919965456589125097e-05 4.327854549046605825e-05 2.863531881303060800e-05 4.435519076650962234e-05 3.919965456589125097e-05 4.327854549046605825e-05 1.268546283245086670e-02 5.469291136250831187e-05
2.040000000000000000e+03 4.290498964110156521e-06 2.294731166330166161e-05 3.297612420283257961e-05 3.028806713700760156e-05 2.948133260360918939e-05 2.294731166330166161e-05 3.297612420283257961e-05 3.028806713700760156e-05 1.038556359708309174e-02 3.665882468339987099e-05
2.050000000000000000e+03 5.369022801460232586e-06 1.860901647887658328e-05 2.293393845320679247e-05 2.115303504979237914e-05 2.923385545727796853e-05 1.860901647887658328e-05 2.293393845320679247e-05 2.115303686878178269e-05 9.303471073508262634e-03 2.941767888842150569e-05
2.050000000000000000e+03 5.128339125803904608e-06 1.860901647887658328e-05 2.293393845320679247e-05 2.115303504979237914e-05 2.923385545727796853e-05 1.860901647887658328e-05 2.293393845320679247e-05 2.115303686878178269e-05 9.303471073508262634e-03 2.941767888842150569e-05
2.060000000000000000e+03 9.148642857326194644e-05 1.507111883256584406e-04 1.588433369761332870e-04 1.527202985016629100e-04 9.982773917727172375e-05 1.507111883256584406e-04 1.588433369761332870e-04 1.527202257420867682e-04 2.257696911692619324e-02 1.732405944494530559e-04
2.070000000000000000e+03 1.303203680436126888e-05 3.610376370488665998e-05 3.201383879058994353e-05 3.869461579597555101e-05 3.632420703070238233e-05 3.610376370488665998e-05 3.201383879058994353e-05 3.869460852001793683e-05 1.219063904136419296e-02 5.050928666605614126e-05
2.080000000000000000e+03 5.775335466751130298e-06 1.632613566471263766e-05 1.693580270512029529e-05 1.883936420199461281e-05 3.372040737303905189e-05 1.632613566471263766e-05 1.693580270512029529e-05 1.883935874502640218e-05 1.045266352593898773e-02 3.713405021699145436e-05
2.090000000000000000e+03 5.478765615407610312e-06 7.543846095359185711e-06 1.172432348539587110e-05 7.846339030948001891e-06 3.016626214957796037e-05 7.543846095359185711e-06 1.172432348539587110e-05 7.846339030948001891e-06 7.849389687180519104e-03 2.094064620905555785e-05
2.100000000000000000e+03 4.322249424149049446e-06 8.024354428926017135e-06 1.000420979835325852e-05 8.335555321536958218e-06 2.719892290770076215e-05 8.024354428926017135e-06 1.000420979835325852e-05 8.335554412042256445e-06 7.729856297373771667e-03 2.030772157013416290e-05
2.100000000000000000e+03 4.187879312667064369e-06 8.024354428926017135e-06 1.000420979835325852e-05 8.335555321536958218e-06 2.719892290770076215e-05 8.024354428926017135e-06 1.000420979835325852e-05 8.335554412042256445e-06 7.729856297373771667e-03 2.030772157013416290e-05
2.110000000000000000e+03 1.826191692089196295e-05 2.527225005906075239e-04 3.316036600153893232e-04 2.650471578817814589e-04 3.988912067143246531e-05 2.527225005906075239e-04 3.316036600153893232e-04 2.650471869856119156e-04 3.158687800168991089e-02 3.391031350474804640e-04
2.120000000000000000e+03 9.248268725059460849e-06 1.331982930423691869e-04 1.551809982629492879e-04 1.319053699262440205e-04 3.556043884600512683e-05 1.331982930423691869e-04 1.551809982629492879e-04 1.319053699262440205e-04 2.192618511617183685e-02 1.633971696719527245e-04
2.130000000000000000e+03 7.782747161400038749e-06 3.739862222573719919e-05 3.956266664317809045e-05 4.348572474555112422e-05 3.452481905696913600e-05 3.739862222573719919e-05 3.956266664317809045e-05 4.348573202150873840e-05 1.413959916681051254e-02 6.795048102503642440e-05
2.140000000000000000e+03 3.902127446053782478e-06 1.512356448074569926e-05 1.647650242375675589e-05 1.152303775597829372e-05 2.999140633619390428e-05 1.512356448074569926e-05 1.647650242375675589e-05 1.152303684648359194e-05 9.444461204111576080e-03 3.031606320291757584e-05
2.150000000000000000e+03 3.542031208780827001e-06 8.961818821262568235e-06 9.707078788778744638e-06 7.073093001963570714e-06 2.810608748404774815e-05 8.961818821262568235e-06 9.707078788778744638e-06 7.073093456710921600e-06 8.445090614259243011e-03 2.423968908260576427e-05
2.150000000000000000e+03 3.396629153940011747e-06 8.961818821262568235e-06 9.707078788778744638e-06 7.073093001963570714e-06 2.810608748404774815e-05 8.961818821262568235e-06 9.707078788778744638e-06 7.073093456710921600e-06 8.445090614259243011e-03 2.423968908260576427e-05
2.160000000000000000e+03 1.019470437313430011e-05 1.816428411984816194e-04 1.992626785067841411e-04 2.108369080815464258e-04 2.966408283100463450e-05 1.816428411984816194e-04 1.992626785067841411e-04 2.108368935296311975e-04 2.249059639871120453e-02 1.719175488688051701e-04
2.170000000000000000e+03 8.102813808363862336e-06 5.588304702541790903e-05 1.052777079166844487e-04 6.657005724264308810e-05 2.967194450320675969e-05 5.588304702541790903e-05 1.052777079166844487e-04 6.657004996668547392e-05 1.615373231470584869e-02 8.868785516824573278e-05
2.180000000000000000e+03 3.491448296699672937e-06 2.415017479506786913e-05 3.323875353089533746e-05 2.772413972706999630e-05 2.726345519477035850e-05 2.415017479506786913e-05 3.323875353089533746e-05 2.772414154605939984e-05 1.023153960704803467e-02 3.557954187272116542e-05
2.190000000000000000e+03 4.900830390397459269e-06 8.160134711943101138e-06 1.183010954264318570e-05 9.114530257647857070e-06 2.798812238324899226e-05 8.160134711943101138e-06 1.183010954264318570e-05 9.114529348153155297e-06 7.897134870290756226e-03 2.119617420248687267e-05
2.200000000000000000e+03 3.448088364166324027e-06 6.453346486523514614e-06 8.296609848912339658e-06 5.843975031893933192e-06 2.909827526309527457e-05 6.453346486523514614e-06 8.296609848912339658e-06 5.843975486641284078e-06 7.437875028699636459e-03 1.880252420960459858e-05
2.200000000000000000e+03 3.448088364166324027e-06 6.453346486523514614e-06 8.296609848912339658e-06 5.843975031893933192e-06 2.909827526309527457e-05 6.453346486523514614e-06 8.296609848912339658e-06 5.843975486641284078e-06 7.437875028699636459e-03 1.880252420960459858e-05
2.210000000000000000e+03 5.547620821744203568e-05 1.504352549090981483e-04 1.542352838441729546e-04 1.410599506925791502e-04 9.346141450805589557e-05 1.504352549090981483e-04 1.542352838441729546e-04 1.410599652444943786e-04 2.257874608039855957e-02 1.732679083943367004e-04
2.220000000000000000e+03 1.898864138638600707e-05 7.482260116375982761e-05 8.464288112008944154e-05 8.318979234900325537e-05 3.807824759860523045e-05 7.482260116375982761e-05 8.464288112008944154e-05 8.318979962496086955e-05 1.705539040267467499e-02 9.886480984278023243e-05
2.230000000000000000e+03 1.383986273140180856e-05 3.185307650710456073e-05 3.287243816885165870e-05 3.811703209066763520e-05 3.494885095278732479e-05 3.185307650710456073e-05 3.287243816885165870e-05 3.811703936662524939e-05 1.219306048005819321e-02 5.052937194705009460e-05
2.240000000000000000e+03 4.713024736702209339e-06 1.840868753788527101e-05 1.056059772963635623e-05 1.214559688378358260e-05 3.061605457332916558e-05 1.840868753788527101e-05 1.056059772963635623e-05 1.214560052176238969e-05 8.541083894670009613e-03 2.479386967024765909e-05
2.250000000000000000e+03 4.360682851256569847e-06 8.107409485091920942e-06 8.428028195339720696e-06 8.038473424676340073e-06 3.098399247392080724e-05 8.107409485091920942e-06 8.428028195339720696e-06 8.038473424676340073e-06 7.552805356681346893e-03 1.938808600243646652e-05
2.250000000000000000e+03 4.695118150266353041e-06 8.107409485091920942e-06 8.428028195339720696e-06 8.038473424676340073e-06 3.098399247392080724e-05 8.107409485091920942e-06 8.428028195339720696e-06 8.038473424676340073e-06 7.552805356681346893e-03 1.938808600243646652e-05
2.260000000000000000e+03 2.737129398155957460e-05 2.221553877461701632e-04 7.601665129186585546e-05 1.958147768164053559e-04 4.045899549964815378e-05 2.221553877461701632e-04 7.601665129186585546e-05 1.958147331606596708e-04 2.063792012631893158e-02 1.447605172870680690e-04
2.270000000000000000e+03 5.839824007125571370e-05 5.472700649988837540e-05 5.543621591641567647e-05 5.585596954915672541e-05 8.861770766088739038e-05 5.472700649988837540e-05 5.543621591641567647e-05 5.585598773905076087e-05 1.336404122412204742e-02 6.070073868613690138e-05
2.280000000000000000e+03 1.305145906371762976e-05 3.704932169057428837e-05 3.298617957625538111e-05 3.426582770771346986e-05 4.050005736644379795e-05 3.704932169057428837e-05 3.298617957625538111e-05 3.426582770771346986e-05 1.195255853235721588e-02 4.855569204664789140e-05
2.290000000000000000e+03 8.445387720712460577e-06 1.087576947611523792e-05 1.530842018837574869e-05 9.156747182714752853e-06 2.645487802510615438e-05 1.087576947611523792e-05 1.530842018837574869e-05 9.156746273220051080e-06 8.048583753407001495e-03 2.201696042902767658e-05
2.300000000000000000e+03 4.756193447974510491e-06 7.179942713264608756e-06 7.702428774791769683e-06 8.417709977948106825e-06 2.965446765301749110e-05 7.179942713264608756e-06 7.702428774791769683e-06 8.417710887442808598e-06 7.793669123202562332e-03 2.064440559479407966e-05
2.300000000000000000e+03 4.903027274849591777e-06 7.179942713264608756e-06 7.702428774791769683e-06 8.417709977948106825e-06 2.965446765301749110e-05 7.179942713264608756e-06 7.702428774791769683e-06 8.417710887442808598e-06 7.793669123202562332e-03 2.064440559479407966e-05
2.310000000000000000e+03 2.803158895403612405e-05 9.441151632927358150e-05 6.889797077747061849e-05 8.152108784997835755e-05 7.336492126341909170e-05 9.441151632927358150e-05 6.889797077747061849e-05 8.152108057402074337e-05 1.556191779673099518e-02 8.230848470702767372e-05
2.320000000000000000e+03 1.020516083372058347e-05 3.350064434926025569e-05 3.353454667376354337e-05 3.935756831197068095e-05 3.772000854951329529e-05 3.350064434926025569e-05 3.353454667376354337e-05 3.935756831197068095e-05 1.150431390851736069e-02 4.498210910242050886e-05
2.330000000000000000e+03 1.361147860734490678e-05 1.474800683354260400e-05 2.223853152827359736e-05 1.813876224332489073e-05 3.997866588179022074e-05 1.474800683354260400e-05 2.223853152827359736e-05 1.813876406231429428e-05 9.127537719905376434e-03 2.831559868354815990e-05
2.340000000000000000e+03 4.054812052345369011e-06 1.066293862095335498e-05 1.122569938161177561e-05 7.485778951377142221e-06 3.052042302442714572e-05 1.066293862095335498e-05 1.122569938161177561e-05 7.485778041882440448e-06 7.684698794037103653e-03 2.007114017033018172e-05
2.350000000000000000e+03 4.328171598899643868e-06 5.723670255974866450e-06 6.878028216306120157e-06 5.011055691284127533e-06 3.443802779656834900e-05 5.723670255974866450e-06 6.878028216306120157e-06 5.011055691284127533e-06 7.059788331389427185e-03 1.693954436632338911e-05
2.350000000000000000e+03 4.194640496280044317e-06 5.723670255974866450e-06 6.878028216306120157e-06 5.011055691284127533e-06 3.443802779656834900e-05 5.723670255974866450e-06 6.878028216306120157e-06 5.011055691284127533e-06 7.059788331389427185e-03 1.693954436632338911e-05
2.360000000000000000e+03 4.040154817630536854e-05 1.243758451892063022e-04 1.622273703105747700e-04 1.684344751993194222e-04 5.305691593093797565e-05 1.243758451892063022e-04 1.622273703105747700e-04 1.684345043031498790e-04 2.038395032286643982e-02 1.412196288583800197e-04
2.370000000000000000e+03 1.025150686473352835e-05 3.304100755485706031e-05 5.820492515340447426e-05 3.743604247574694455e-05 3.276550705777481198e-05 3.304100755485706031e-05 5.820492515340447426e-05 3.743604611372575164e-05 1.219161506742238998e-02 5.051738116890192032e-05
2.380000000000000000e+03 3.938480404030997306e-06 1.055582379194675013e-05 1.318087288382230327e-05 8.754139344091527164e-06 2.868985939130652696e-05 1.055582379194675013e-05 1.318087288382230327e-05 8.754140253586228937e-06 8.426821790635585785e-03 2.413492802588734776e-05
2.390000000000000000e+03 4.242318027536384761e-06 1.299301948165521026e-05 1.362760940537555143e-05 1.273862380912760273e-05 3.087048753513954580e-05 1.299301948165521026e-05 1.362760940537555143e-05 1.273862380912760273e-05 8.936980739235877991e-03 2.714563561312388629e-05
2.400000000000000000e+03 3.608111228459165432e-06 5.055618657934246585e-06 6.617378858209121972e-06 4.317316779633983970e-06 2.976631731144152582e-05 5.055618657934246585e-06 6.617378858209121972e-06 4.317316324886633083e-06 7.168736774474382401e-03 1.746640919009223580e-05
2.400000000000000000e+03 3.608111228459165432e-06 5.055618657934246585e-06 6.617378858209121972e-06 4.317316779633983970e-06 2.976631731144152582e-05 5.055618657934246585e-06 6.617378858209121972e-06 4.317316324886633083e-06 7.168736774474382401e-03 1.746640919009223580e-05
2.410000000000000000e+03 5.067586243967525661e-05 1.395219442201778293e-04 1.286380284000188112e-04 1.520869845990091562e-04 8.035777864279225469e-05 1.395219442201778293e-04 1.286380284000188112e-04 1.520869991509243846e-04 1.986571215093135834e-02 1.341302122455090284e-04
2.420000000000000000e+03 5.768437404185533524e-06 2.359209247515536845e-05 2.239319110231008381e-05 2.739636147452984005e-05 2.775827852019574493e-05 2.359209247515536845e-05 2.239319110231008381e-05 2.739635783655103296e-05 1.002770382910966873e-02 3.417600601096637547e-05
2.430000000000000000e+03 2.404143015155568719e-05 1.507823526480933651e-05 1.502321720181498677e-05 1.276057264476548880e-05 4.301180524635128677e-05 1.507823526480933651e-05 1.502321720181498677e-05 1.276057173527078703e-05 8.897387422621250153e-03 2.690564360818825662e-05
2.440000000000000000e+03 6.153866706881672144e-06 1.160857937065884471e-05 1.449515821150271222e-05 9.462382877245545387e-06 3.230945731047540903e-05 1.160857937065884471e-05 1.449515821150271222e-05 9.462384696234948933e-06 7.829053327441215515e-03 2.083228537230752409e-05
2.450000000000000000e+03 3.117889946224750020e-06 6.391616807377431542e-06 8.574400453653652221e-06 6.496809419331839308e-06 2.753509215835947543e-05 6.391616807377431542e-06 8.574400453653652221e-06 6.496808964584488422e-06 7.295405957847833633e-03 1.808911656553391367e-05
2.450000000000000000e+03 3.190715005985111929e-06 6.391616807377431542e-06 8.574400453653652221e-06 6.496809419331839308e-06 2.753509215835947543e-05 6.391616807377431542e-06 8.574400453653652221e-06 6.496808964584488422e-06 7.295405957847833633e-03 1.808911656553391367e-05
2.460000000000000000e+03 2.357205266889650375e-05 6.123133061919361353e-05 8.383593376493081450e-05 8.597281703259795904e-05 4.048980554216541350e-05 6.123133061919361353e-05 8.383593376493081450e-05 8.597281703259795904e-05 1.409414131194353104e-02 6.751427281415089965e-05
2.470000000000000000e+03 1.017630438582273200e-05 3.478102371445856988e-05 3.464400651864707470e-05 3.912768079317174852e-05 4.330051888246089220e-05 3.478102371445856988e-05 3.464400651864707470e-05 3.912767715519294143e-05 1.126202195882797241e-02 4.310732765588909388e-05
2.480000000000000000e+03 3.918538823199924082e-06 1.578402952873148024e-05 1.241287009179359302e-05 1.504881311120698228e-05 2.960499659820925444e-05 1.578402952873148024e-05 1.241287009179359302e-05 1.504881311120698228e-05 8.574014529585838318e-03 2.498542926332447678e-05
2.490000000000000000e+03 4.982822702004341409e-06 1.147674265666864812e-05 1.615345536265522242e-05 1.021915613819146529e-05 3.371011553099378943e-05 1.147674265666864812e-05 1.615345536265522242e-05 1.021915795718086883e-05 8.901943452656269073e-03 2.693320857360959053e-05
2.500000000000000000e+03 3.734365463969879784e-06 7.002159691182896495e-06 8.681526196596678346e-06 7.184050446085166186e-06 3.328423190396279097e-05 7.002159691182896495e-06 8.681526196596678346e-06 7.184049991337815300e-06 7.684059906750917435e-03 2.006780232477467507e-05
2.500000000000000000e+03 3.611872443798347376e-06 7.002159691182896495e-06 8.681526196596678346e-06 7.184050446085166186e-06 3.328423190396279097e-05 7.002159691182896495e-06 8.681526196596678346e-06 7.184049991337815300e-06 7.684059906750917435e-03 2.006780232477467507e-05
2.510000000000000000e+03 9.664488061389420182e-06 2.489529142621904612e-04 3.208474081475287676e-04 2.835494233295321465e-04 4.047088077641092241e-05 2.489529142621904612e-04 3.208474081475287676e-04 2.835493942257016897e-04 2.900965139269828796e-02 2.860245876945555210e-04
2.520000000000000000e+03 1.736560079734772444e-05 5.056195732322521508e-05 9.970011160476133227e-05 6.983946514083072543e-05 4.383877603686414659e-05 5.056195732322521508e-05 9.970011160476133227e-05 6.983945786487311125e-05 1.476820278912782669e-02 7.412653212668374181e-05
2.530000000000000000e+03 2.262441557832062244e-05 1.636113483982626349e-05 2.332757685508113354e-05 1.831588451750576496e-05 4.249975972925312817e-05 1.636113483982626349e-05 2.332757685508113354e-05 1.831588451750576496e-05 9.488512761890888214e-03 3.059952723560854793e-05
2.540000000000000000e+03 6.570050572918262333e-06 9.472431884205434471e-06 8.874396371538750827e-06 8.755170711083337665e-06 3.444449248490855098e-05 9.472431884205434471e-06 8.874396371538750827e-06 8.755170711083337665e-06 7.270333822816610336e-03 1.796499600459355861e-05
2.550000000000000000e+03 3.304954589111730456e-06 6.742031928297365084e-06 7.139532044675434008e-06 6.242485142138320953e-06 3.156220554956234992e-05 6.742031928297365084e-06 7.139532044675434008e-06 6.242485596885671839e-06 6.958782207220792770e-03 1.645829615881666541e-05
2.550000000000000000e+03 3.238569888708298095e-06 6.742031928297365084e-06 7.139532044675434008e-06 6.242485142138320953e-06 3.156220554956234992e-05 6.742031928297365084e-06 7.139532044675434008e-06 6.242485596885671839e-06 6.958782207220792770e-03 1.645829615881666541e-05
2.560000000000000000e+03 5.756925384048372507e-05 7.136298518162220716e-05 3.791437120526097715e-05 7.451715646311640739e-05 7.410387479467317462e-05 7.136298518162220716e-05 3.791437120526097715e-05 7.451717101503163576e-05 1.323056779801845551e-02 5.949429760221391916e-05
2.570000000000000000e+03 1.109329423343297094e-05 4.403780258144252002e-05 4.646511297323741019e-05 4.877402170677669346e-05 4.160942262387834489e-05 4.403780258144252002e-05 4.646511297323741019e-05 4.877401806879788637e-05 1.234853360801935196e-02 5.182617314858362079e-05
2.580000000000000000e+03 8.797460395726375282e-06 2.009048512263689190e-05 1.934795545821543783e-05 2.174085784645285457e-05 4.038675251649692655e-05 2.009048512263689190e-05 1.934795545821543783e-05 2.174085784645285457e-05 9.202604182064533234e-03 2.878324994526337832e-05
2.590000000000000000e+03 5.269874691293807700e-06 7.202039796538883820e-06 6.865274372103158385e-06 7.122956048988271505e-06 3.227555498597212136e-05 7.202039796538883820e-06 6.865274372103158385e-06 7.122955594240920618e-06 7.230754941701889038e-03 1.776992939994670451e-05
2.600000000000000000e+03 3.534714323905063793e-06 5.834906460222555324e-06 6.513143489428330213e-06 4.887200248049339280e-06 3.359188849572092295e-05 5.834906460222555324e-06 6.513143489428330213e-06 4.887200702796690166e-06 6.849814206361770630e-03 1.594688910699915141e-05
