# step, loss_train, loss_test, metrics_test
0.000000000000000000e+00 7.027343750000000000e+00 3.693078279495239258e+00 2.350967407226562500e+01 7.027343750000000000e+00 3.693078279495239258e+00 2.350967407226562500e+01 9.889181256294250488e-01 5.415878295898437500e+00
1.000000000000000000e+01 4.558593750000000000e+00 3.757160663604736328e+00 1.851912117004394531e+01 4.558593750000000000e+00 3.757160663604736328e+00 1.851912117004394531e+01 8.712332248687744141e-01 4.203558444976806641e+00
2.000000000000000000e+01 4.058593750000000000e+00 3.915921926498413086e+00 1.541437339782714844e+01 4.058593750000000000e+00 3.915921926498413086e+00 1.541437339782714844e+01 8.041109442710876465e-01 3.580800533294677734e+00
3.000000000000000000e+01 3.298828125000000000e+00 3.899579286575317383e+00 1.375162696838378906e+01 3.298828125000000000e+00 3.899579286575317383e+00 1.375162696838378906e+01 7.667559385299682617e-01 3.255836486816406250e+00
4.000000000000000000e+01 3.087890625000000000e+00 3.996135711669921875e+00 1.176320362091064453e+01 3.087890625000000000e+00 3.996135711669921875e+00 1.176320362091064453e+01 7.242845296859741211e-01 2.905137062072753906e+00
5.000000000000000000e+01 2.779296875000000000e+00 4.119943618774414062e+00 9.737152099609375000e+00 2.779296875000000000e+00 4.119943618774414062e+00 9.737152099609375000e+00 6.725813746452331543e-01 2.505173921585083008e+00
6.000000000000000000e+01 2.414062500000000000e+00 4.266738414764404297e+00 7.312854766845703125e+00 2.414062500000000000e+00 4.266738414764404297e+00 7.312854766845703125e+00 5.947077870368957520e-01 1.958643913269042969e+00
7.000000000000000000e+01 2.074218750000000000e+00 4.424549579620361328e+00 4.884687423706054688e+00 2.074218750000000000e+00 4.424549579620361328e+00 4.884687423706054688e+00 5.121338367462158203e-01 1.452496528625488281e+00
8.000000000000000000e+01 1.557617187500000000e+00 4.411804676055908203e+00 3.397798538208007812e+00 1.557617187500000000e+00 4.411804676055908203e+00 3.397798538208007812e+00 4.603753387928009033e-01 1.173741102218627930e+00
9.000000000000000000e+01 1.011718750000000000e+00 4.412495613098144531e+00 2.642946481704711914e+00 1.011718750000000000e+00 4.412495613098144531e+00 2.642946481704711914e+00 4.376207590103149414e-01 1.060581326484680176e+00
1.000000000000000000e+02 7.089843750000000000e-01 4.412810802459716797e+00 1.999000906944274902e+00 7.089843750000000000e-01 4.412810802459716797e+00 1.999000906944274902e+00 4.202297329902648926e-01 9.779615402221679688e-01
1.100000000000000000e+02 6.284179687500000000e-01 4.282642841339111328e+00 1.547165155410766602e+00 6.284179687500000000e-01 4.282642841339111328e+00 1.547165155410766602e+00 4.165041446685791016e-01 9.606978893280029297e-01
1.200000000000000000e+02 5.649414062500000000e-01 4.210153579711914062e+00 1.237069249153137207e+00 5.649414062500000000e-01 4.210153579711914062e+00 1.237069249153137207e+00 4.061307013034820557e-01 9.134395718574523926e-01
1.300000000000000000e+02 4.887695312500000000e-01 4.178810119628906250e+00 1.007688403129577637e+00 4.887695312500000000e-01 4.178810119628906250e+00 1.007688403129577637e+00 3.956868052482604980e-01 8.670642971992492676e-01
1.400000000000000000e+02 4.235839843750000000e-01 4.117742538452148438e+00 8.885263800621032715e-01 4.235839843750000000e-01 4.117742538452148438e+00 8.885263800621032715e-01 3.940891027450561523e-01 8.600763678550720215e-01
1.500000000000000000e+02 3.720703125000000000e-01 4.110218048095703125e+00 7.240474820137023926e-01 3.720703125000000000e-01 4.110218048095703125e+00 7.240474820137023926e-01 3.893746137619018555e-01 8.396214246749877930e-01
1.600000000000000000e+02 3.200683593750000000e-01 4.069880485534667969e+00 6.420830488204956055e-01 3.200683593750000000e-01 4.069880485534667969e+00 6.420830488204956055e-01 3.931444585323333740e-01 8.559580445289611816e-01
1.700000000000000000e+02 2.783203125000000000e-01 4.033744335174560547e+00 5.738621354103088379e-01 2.783203125000000000e-01 4.033744335174560547e+00 5.738621354103088379e-01 3.988899290561676025e-01 8.811591267585754395e-01
1.800000000000000000e+02 2.414550781250000000e-01 3.993385791778564453e+00 5.285571217536926270e-01 2.414550781250000000e-01 3.993385791778564453e+00 5.285571217536926270e-01 4.070211350917816162e-01 9.174493551254272461e-01
1.900000000000000000e+02 2.239990234375000000e-01 3.959159135818481445e+00 4.945504367351531982e-01 2.239990234375000000e-01 3.959159135818481445e+00 4.945504367351531982e-01 4.153667986392974854e-01 9.554583430290222168e-01
2.000000000000000000e+02 1.914062500000000000e-01 3.942598819732666016e+00 4.510447978973388672e-01 1.914062500000000000e-01 3.942598819732666016e+00 4.510447978973388672e-01 4.218125045299530029e-01 9.853423237800598145e-01
2.100000000000000000e+02 1.799316406250000000e-01 3.919977664947509766e+00 4.297122061252593994e-01 1.799316406250000000e-01 3.919977664947509766e+00 4.297122061252593994e-01 4.275589287281036377e-01 1.012372136116027832e+00
2.200000000000000000e+02 1.584472656250000000e-01 3.908146619796752930e+00 3.992245197296142578e-01 1.584472656250000000e-01 3.908146619796752930e+00 3.992245197296142578e-01 4.321812987327575684e-01 1.034380197525024414e+00
2.300000000000000000e+02 1.425781250000000000e-01 3.895976543426513672e+00 3.760112822055816650e-01 1.425781250000000000e-01 3.895976543426513672e+00 3.760112822055816650e-01 4.360834062099456787e-01 1.053142905235290527e+00
2.400000000000000000e+02 1.292724609375000000e-01 3.884070873260498047e+00 3.558049201965332031e-01 1.292724609375000000e-01 3.884070873260498047e+00 3.558049201965332031e-01 4.397080540657043457e-01 1.070722699165344238e+00
2.500000000000000000e+02 1.181030273437500000e-01 3.874861955642700195e+00 3.343850374221801758e-01 1.181030273437500000e-01 3.874861955642700195e+00 3.343850374221801758e-01 4.428673684597015381e-01 1.086164355278015137e+00
2.500000000000000000e+02 2.020263671875000000e-01 3.874861955642700195e+00 3.343850374221801758e-01 1.181030273437500000e-01 3.874861955642700195e+00 3.343850374221801758e-01 4.428673684597015381e-01 1.086164355278015137e+00
2.600000000000000000e+02 1.530761718750000000e-01 3.819650411605834961e+00 5.142518281936645508e-01 1.876220703125000000e-01 3.819650411605834961e+00 5.142518281936645508e-01 4.558165371417999268e-01 1.150610566139221191e+00
2.700000000000000000e+02 1.630859375000000000e-01 3.882367372512817383e+00 3.373087644577026367e-01 2.216796875000000000e-01 3.882367372512817383e+00 3.373087644577026367e-01 4.438012540340423584e-01 1.090750098228454590e+00
2.800000000000000000e+02 1.195678710937500000e-01 3.872539997100830078e+00 3.174304068088531494e-01 1.563720703125000000e-01 3.872539997100830078e+00 3.174304068088531494e-01 4.486462771892547607e-01 1.114695906639099121e+00
2.900000000000000000e+02 8.734130859375000000e-02 3.869148492813110352e+00 2.990072965621948242e-01 1.209716796875000000e-01 3.869148492813110352e+00 2.990072965621948242e-01 4.495765864849090576e-01 1.119323372840881348e+00
3.000000000000000000e+02 8.831787109375000000e-02 3.857630491256713867e+00 2.852323651313781738e-01 1.222534179687500000e-01 3.857630491256713867e+00 2.852323651313781738e-01 4.513416886329650879e-01 1.128129839897155762e+00
3.100000000000000000e+02 8.209228515625000000e-02 3.842572450637817383e+00 2.863343358039855957e-01 1.136474609375000000e-01 3.842572450637817383e+00 2.863343358039855957e-01 4.543384313583374023e-01 1.143160343170166016e+00
3.200000000000000000e+02 8.148193359375000000e-02 3.844644308090209961e+00 2.650637924671173096e-01 1.127929687500000000e-01 3.844644308090209961e+00 2.650637924671173096e-01 4.568696320056915283e-01 1.155933260917663574e+00
3.300000000000000000e+02 7.940673828125000000e-02 3.835254669189453125e+00 2.585441172122955322e-01 1.098632812500000000e-01 3.835254669189453125e+00 2.585441172122955322e-01 4.583583176136016846e-01 1.163478612899780273e+00
3.400000000000000000e+02 7.769775390625000000e-02 3.831950902938842773e+00 2.467200607061386108e-01 1.074829101562500000e-01 3.831950902938842773e+00 2.467200607061386108e-01 4.604271650314331055e-01 1.174005389213562012e+00
3.500000000000000000e+02 7.562255859375000000e-02 3.825837612152099609e+00 2.387938499450683594e-01 1.046752929687500000e-01 3.825837612152099609e+00 2.387938499450683594e-01 4.618203938007354736e-01 1.181120991706848145e+00
3.600000000000000000e+02 7.391357421875000000e-02 3.821246623992919922e+00 2.298887521028518677e-01 1.022949218750000000e-01 3.821246623992919922e+00 2.298887521028518677e-01 4.635262191295623779e-01 1.189862847328186035e+00
3.700000000000000000e+02 7.220458984375000000e-02 3.816136598587036133e+00 2.223710566759109497e-01 9.991455078125000000e-02 3.816136598587036133e+00 2.223710566759109497e-01 4.650357067584991455e-01 1.197624802589416504e+00
3.800000000000000000e+02 7.080078125000000000e-02 3.810939788818359375e+00 2.155103981494903564e-01 9.790039062500000000e-02 3.810939788818359375e+00 2.155103981494903564e-01 4.665561318397521973e-01 1.205468893051147461e+00
3.900000000000000000e+02 6.951904296875000000e-02 3.805667877197265625e+00 2.094080299139022827e-01 9.619140625000000000e-02 3.805667877197265625e+00 2.094080299139022827e-01 4.681076407432556152e-01 1.213499546051025391e+00
4.000000000000000000e+02 6.848144531250000000e-02 3.800829410552978516e+00 2.035201191902160645e-01 9.478759765625000000e-02 3.800829410552978516e+00 2.035201191902160645e-01 4.694890081882476807e-01 1.220672369003295898e+00
4.100000000000000000e+02 6.750488281250000000e-02 3.795890808105468750e+00 1.983741521835327148e-01 9.338378906250000000e-02 3.795890808105468750e+00 1.983741521835327148e-01 4.708881378173828125e-01 1.227958440780639648e+00
4.200000000000000000e+02 6.671142578125000000e-02 3.791224002838134766e+00 1.933967769145965576e-01 9.234619140625000000e-02 3.791224002838134766e+00 1.933967769145965576e-01 4.721186161041259766e-01 1.234384536743164062e+00
4.300000000000000000e+02 6.591796875000000000e-02 3.786435365676879883e+00 1.890443265438079834e-01 9.124755859375000000e-02 3.786435365676879883e+00 1.890443265438079834e-01 4.731698036193847656e-01 1.239887475967407227e+00
4.400000000000000000e+02 6.524658203125000000e-02 3.781989574432373047e+00 1.846853494644165039e-01 9.033203125000000000e-02 3.781989574432373047e+00 1.846853494644165039e-01 4.741600155830383301e-01 1.245082139968872070e+00
4.500000000000000000e+02 6.475830078125000000e-02 3.777649164199829102e+00 1.805344671010971069e-01 8.959960937500000000e-02 3.777649164199829102e+00 1.805344671010971069e-01 4.750603735446929932e-01 1.249815225601196289e+00
4.600000000000000000e+02 6.408691406250000000e-02 3.773318052291870117e+00 1.767518371343612671e-01 8.874511718750000000e-02 3.773318052291870117e+00 1.767518371343612671e-01 4.758863449096679688e-01 1.254165172576904297e+00
4.700000000000000000e+02 6.359863281250000000e-02 3.769223213195800781e+00 1.729299277067184448e-01 8.807373046875000000e-02 3.769223213195800781e+00 1.729299277067184448e-01 4.765993356704711914e-01 1.257925987243652344e+00
4.800000000000000000e+02 6.317138671875000000e-02 3.765106439590454102e+00 1.693232655525207520e-01 8.746337890625000000e-02 3.765106439590454102e+00 1.693232655525207520e-01 4.772095382213592529e-01 1.261149048805236816e+00
4.900000000000000000e+02 6.274414062500000000e-02 3.761058807373046875e+00 1.658619344234466553e-01 8.685302734375000000e-02 3.761058807373046875e+00 1.658619344234466553e-01 4.779173731803894043e-01 1.264893054962158203e+00
5.000000000000000000e+02 6.231689453125000000e-02 3.757091522216796875e+00 1.624351888895034790e-01 8.624267578125000000e-02 3.757091522216796875e+00 1.624351888895034790e-01 4.784803390502929688e-01 1.267875075340270996e+00
5.000000000000000000e+02 4.876708984375000000e-02 3.757091522216796875e+00 1.624351888895034790e-01 8.624267578125000000e-02 3.757091522216796875e+00 1.624351888895034790e-01 4.784803390502929688e-01 1.267875075340270996e+00
5.100000000000000000e+02 3.952636718750000000e-01 3.791086673736572266e+00 2.853594720363616943e-01 6.787109375000000000e-01 3.791086673736572266e+00 2.853594720363616943e-01 4.857766330242156982e-01 1.306837081909179688e+00
5.200000000000000000e+02 1.776123046875000000e-01 3.806584596633911133e+00 2.513902783393859863e-01 2.917480468750000000e-01 3.806584596633911133e+00 2.513902783393859863e-01 4.582152962684631348e-01 1.162752747535705566e+00
5.300000000000000000e+02 7.293701171875000000e-02 3.782099246978759766e+00 1.679828315973281860e-01 1.271972656250000000e-01 3.782099246978759766e+00 1.679828315973281860e-01 4.532800614833831787e-01 1.137840509414672852e+00
5.400000000000000000e+02 5.352783203125000000e-02 3.775960206985473633e+00 1.721486300230026245e-01 9.436035156250000000e-02 3.775960206985473633e+00 1.721486300230026245e-01 4.566590189933776855e-01 1.154867768287658691e+00
5.500000000000000000e+02 5.172729492187500000e-02 3.767809152603149414e+00 1.639193445444107056e-01 8.837890625000000000e-02 3.767809152603149414e+00 1.639193445444107056e-01 4.633792340755462646e-01 1.189108133316040039e+00
5.600000000000000000e+02 5.175781250000000000e-02 3.762489318847656250e+00 1.585496962070465088e-01 9.033203125000000000e-02 3.762489318847656250e+00 1.585496962070465088e-01 4.685471951961517334e-01 1.215779542922973633e+00
5.700000000000000000e+02 5.178833007812500000e-02 3.756772279739379883e+00 1.558973044157028198e-01 9.124755859375000000e-02 3.756772279739379883e+00 1.558973044157028198e-01 4.720496535301208496e-01 1.234023928642272949e+00
5.800000000000000000e+02 5.114746093750000000e-02 3.751338005065917969e+00 1.565665304660797119e-01 9.045410156250000000e-02 3.751338005065917969e+00 1.565665304660797119e-01 4.753340780735015869e-01 1.251255989074707031e+00
5.900000000000000000e+02 5.169677734375000000e-02 3.749350309371948242e+00 1.535439193248748779e-01 9.149169921875000000e-02 3.749350309371948242e+00 1.535439193248748779e-01 4.766773283481597900e-01 1.258337616920471191e+00
6.000000000000000000e+02 5.160522460937500000e-02 3.745630025863647461e+00 1.531338542699813843e-01 9.124755859375000000e-02 3.745630025863647461e+00 1.531338542699813843e-01 4.779002964496612549e-01 1.264802813529968262e+00
6.100000000000000000e+02 5.187988281250000000e-02 3.743072986602783203e+00 1.514841765165328979e-01 9.173583984375000000e-02 3.743072986602783203e+00 1.514841765165328979e-01 4.788440167903900146e-01 1.269802689552307129e+00
6.200000000000000000e+02 5.239868164062500000e-02 3.740833044052124023e+00 1.494086980819702148e-01 9.271240234375000000e-02 3.740833044052124023e+00 1.494086980819702148e-01 4.793864786624908447e-01 1.272681713104248047e+00
6.300000000000000000e+02 5.279541015625000000e-02 3.738163948059082031e+00 1.479138433933258057e-01 9.338378906250000000e-02 3.738163948059082031e+00 1.479138433933258057e-01 4.799486100673675537e-01 1.275667905807495117e+00
6.400000000000000000e+02 5.322265625000000000e-02 3.736011981964111328e+00 1.459594070911407471e-01 9.411621093750000000e-02 3.736011981964111328e+00 1.459594070911407471e-01 4.803188145160675049e-01 1.277636647224426270e+00
6.500000000000000000e+02 5.349731445312500000e-02 3.733723163604736328e+00 1.441848129034042358e-01 9.466552734375000000e-02 3.733723163604736328e+00 1.441848129034042358e-01 4.806820452213287354e-01 1.279569864273071289e+00
6.600000000000000000e+02 5.386352539062500000e-02 3.731574296951293945e+00 1.423146873712539673e-01 9.527587890625000000e-02 3.731574296951293945e+00 1.423146873712539673e-01 4.809893071651458740e-01 1.281206011772155762e+00
6.700000000000000000e+02 5.395507812500000000e-02 3.729336500167846680e+00 1.406661719083786011e-01 9.545898437500000000e-02 3.729336500167846680e+00 1.406661719083786011e-01 4.812658131122589111e-01 1.282679915428161621e+00
6.800000000000000000e+02 5.422973632812500000e-02 3.727317333221435547e+00 1.386707425117492676e-01 9.588623046875000000e-02 3.727317333221435547e+00 1.386707425117492676e-01 4.814824163913726807e-01 1.283834457397460938e+00
6.900000000000000000e+02 5.432128906250000000e-02 3.725181579589843750e+00 1.369252055883407593e-01 9.606933593750000000e-02 3.725181579589843750e+00 1.369252055883407593e-01 4.817134439945220947e-01 1.285066843032836914e+00
7.000000000000000000e+02 5.444335937500000000e-02 3.723081588745117188e+00 1.351168304681777954e-01 9.625244140625000000e-02 3.723081588745117188e+00 1.351168304681777954e-01 4.819417893886566162e-01 1.286285519599914551e+00
7.100000000000000000e+02 5.444335937500000000e-02 3.721010684967041016e+00 1.332913488149642944e-01 9.631347656250000000e-02 3.721010684967041016e+00 1.332913488149642944e-01 4.820961952209472656e-01 1.287109971046447754e+00
7.200000000000000000e+02 5.453491210937500000e-02 3.719009876251220703e+00 1.313897818326950073e-01 9.643554687500000000e-02 3.719009876251220703e+00 1.313897818326950073e-01 4.822635054588317871e-01 1.288003325462341309e+00
7.300000000000000000e+02 5.453491210937500000e-02 3.716821193695068359e+00 1.297060400247573853e-01 9.643554687500000000e-02 3.716821193695068359e+00 1.297060400247573853e-01 4.824372529983520508e-01 1.288931608200073242e+00
7.400000000000000000e+02 5.447387695312500000e-02 3.714690446853637695e+00 1.279580444097518921e-01 9.637451171875000000e-02 3.714690446853637695e+00 1.279580444097518921e-01 4.826672971248626709e-01 1.290161252021789551e+00
7.500000000000000000e+02 5.444335937500000000e-02 3.712653398513793945e+00 1.261224299669265747e-01 9.631347656250000000e-02 3.712653398513793945e+00 1.261224299669265747e-01 4.828458726406097412e-01 1.291115999221801758e+00
7.500000000000000000e+02 4.473876953125000000e-02 3.712653398513793945e+00 1.261224299669265747e-01 9.631347656250000000e-02 3.712653398513793945e+00 1.261224299669265747e-01 4.828458726406097412e-01 1.291115999221801758e+00
7.600000000000000000e+02 2.019042968750000000e-01 3.727159023284912109e+00 1.773639172315597534e-01 4.064941406250000000e-01 3.727159023284912109e+00 1.773639172315597534e-01 4.905376732349395752e-01 1.332579135894775391e+00
7.700000000000000000e+02 1.145019531250000000e-01 3.757557392120361328e+00 2.218727469444274902e-01 2.167968750000000000e-01 3.757557392120361328e+00 2.218727469444274902e-01 4.607719480991363525e-01 1.175764203071594238e+00
7.800000000000000000e+02 8.569335937500000000e-02 3.752150535583496094e+00 1.395114213228225708e-01 1.844482421875000000e-01 3.752150535583496094e+00 1.395114213228225708e-01 4.614467024803161621e-01 1.179210543632507324e+00
7.900000000000000000e+02 5.346679687500000000e-02 3.739331483840942383e+00 1.167190447449684143e-01 1.098022460937500000e-01 3.739331483840942383e+00 1.167190447449684143e-01 4.631809890270233154e-01 1.188090801239013672e+00
8.000000000000000000e+02 4.763793945312500000e-02 3.724005937576293945e+00 1.234089732170104980e-01 9.802246093750000000e-02 3.724005937576293945e+00 1.234089732170104980e-01 4.702999889850616455e-01 1.224892973899841309e+00
8.100000000000000000e+02 4.809570312500000000e-02 3.717725515365600586e+00 1.202004030346870422e-01 1.024780273437500000e-01 3.717725515365600586e+00 1.202004030346870422e-01 4.750174880027770996e-01 1.249589681625366211e+00
8.200000000000000000e+02 4.623413085937500000e-02 3.711727142333984375e+00 1.213547438383102417e-01 9.826660156250000000e-02 3.711727142333984375e+00 1.213547438383102417e-01 4.781242609024047852e-01 1.265988349914550781e+00
8.300000000000000000e+02 4.531860351562500000e-02 3.707798480987548828e+00 1.217524707317352295e-01 9.765625000000000000e-02 3.707798480987548828e+00 1.217524707317352295e-01 4.796642065048217773e-01 1.274156689643859863e+00
8.400000000000000000e+02 4.577636718750000000e-02 3.705451250076293945e+00 1.201940625905990601e-01 9.857177734375000000e-02 3.705451250076293945e+00 1.201940625905990601e-01 4.802816808223724365e-01 1.277439117431640625e+00
8.500000000000000000e+02 4.617309570312500000e-02 3.704273700714111328e+00 1.177485287189483643e-01 9.942626953125000000e-02 3.704273700714111328e+00 1.177485287189483643e-01 4.810135364532470703e-01 1.281335353851318359e+00
8.600000000000000000e+02 4.660034179687500000e-02 3.702034235000610352e+00 1.164982020854949951e-01 1.003417968750000000e-01 3.702034235000610352e+00 1.164982020854949951e-01 4.813806414604187012e-01 1.283291935920715332e+00
8.700000000000000000e+02 4.699707031250000000e-02 3.699854612350463867e+00 1.153221353888511658e-01 1.011962890625000000e-01 3.699854612350463867e+00 1.153221353888511658e-01 4.817684292793273926e-01 1.285360217094421387e+00
8.800000000000000000e+02 4.742431640625000000e-02 3.698024749755859375e+00 1.137455329298973083e-01 1.021118164062500000e-01 3.698024749755859375e+00 1.137455329298973083e-01 4.821284711360931396e-01 1.287282109260559082e+00
8.900000000000000000e+02 4.766845703125000000e-02 3.696154594421386719e+00 1.123749688267707825e-01 1.026611328125000000e-01 3.696154594421386719e+00 1.123749688267707825e-01 4.822828173637390137e-01 1.288106679916381836e+00
9.000000000000000000e+02 4.800415039062500000e-02 3.694372892379760742e+00 1.108411923050880432e-01 1.033935546875000000e-01 3.694372892379760742e+00 1.108411923050880432e-01 4.825141429901123047e-01 1.289342522621154785e+00
9.100000000000000000e+02 4.818725585937500000e-02 3.692613363265991211e+00 1.094031184911727905e-01 1.038208007812500000e-01 3.692613363265991211e+00 1.094031184911727905e-01 4.828093647956848145e-01 1.290920734405517578e+00
9.200000000000000000e+02 4.833984375000000000e-02 3.691006183624267578e+00 1.077755391597747803e-01 1.040649414062500000e-01 3.691006183624267578e+00 1.077755391597747803e-01 4.827832579612731934e-01 1.290781021118164062e+00
9.300000000000000000e+02 4.840087890625000000e-02 3.689163923263549805e+00 1.064668446779251099e-01 1.042480468750000000e-01 3.689163923263549805e+00 1.064668446779251099e-01 4.829370677471160889e-01 1.291603684425354004e+00
9.400000000000000000e+02 4.846191406250000000e-02 3.687660694122314453e+00 1.047344505786895752e-01 1.043701171875000000e-01 3.687660694122314453e+00 1.047344505786895752e-01 4.829825758934020996e-01 1.291847109794616699e+00
9.500000000000000000e+02 4.852294921875000000e-02 3.685981750488281250e+00 1.032204031944274902e-01 1.044921875000000000e-01 3.685981750488281250e+00 1.032204031944274902e-01 4.830719828605651855e-01 1.292325496673583984e+00
9.600000000000000000e+02 4.843139648437500000e-02 3.684377908706665039e+00 1.016842275857925415e-01 1.043701171875000000e-01 3.684377908706665039e+00 1.016842275857925415e-01 4.830926060676574707e-01 1.292435884475708008e+00
9.700000000000000000e+02 4.840087890625000000e-02 3.682730674743652344e+00 1.000997126102447510e-01 1.042480468750000000e-01 3.682730674743652344e+00 1.000997126102447510e-01 4.830739200115203857e-01 1.292335748672485352e+00
9.800000000000000000e+02 4.827880859375000000e-02 3.681041240692138672e+00 9.859725832939147949e-02 1.040039062500000000e-01 3.681041240692138672e+00 9.859725832939147949e-02 4.830451011657714844e-01 1.292181849479675293e+00
9.900000000000000000e+02 4.815673828125000000e-02 3.679339408874511719e+00 9.710817784070968628e-02 1.036987304687500000e-01 3.679339408874511719e+00 9.710817784070968628e-02 4.831098318099975586e-01 1.292528033256530762e+00
1.000000000000000000e+03 4.800415039062500000e-02 3.677800178527832031e+00 9.543553739786148071e-02 1.033935546875000000e-01 3.677800178527832031e+00 9.543553739786148071e-02 4.831412136554718018e-01 1.292695879936218262e+00
