# step, loss_train, loss_test, metrics_test
0.000000000000000000e+00 2.729015827178955078e+00 2.578810691833496094e+00 2.729015827178955078e+00 2.578810691833496094e+00 1.047784566879272461e+00 2.579519748687744141e+00
1.000000000000000000e+01 2.986358106136322021e-01 1.455237388610839844e+00 2.986358106136322021e-01 1.455237388610839844e+00 7.873562574386596680e-01 1.456590533256530762e+00
2.000000000000000000e+01 1.462202519178390503e-01 1.115628480911254883e+00 1.462202519178390503e-01 1.115628480911254883e+00 6.893641948699951172e-01 1.116586565971374512e+00
3.000000000000000000e+01 8.393765985965728760e-02 8.233622312545776367e-01 8.393765985965728760e-02 8.233622312545776367e-01 5.921913385391235352e-01 8.239846825599670410e-01
4.000000000000000000e+01 5.493763089179992676e-02 6.026049852371215820e-01 5.493763089179992676e-02 6.026049852371215820e-01 5.065898895263671875e-01 6.029869914054870605e-01
5.000000000000000000e+01 4.965203255414962769e-02 4.139523804187774658e-01 4.965203255414962769e-02 4.139523804187774658e-01 4.198937714099884033e-01 4.142607152462005615e-01
6.000000000000000000e+01 3.671703487634658813e-02 2.499414235353469849e-01 3.671703487634658813e-02 2.499414235353469849e-01 3.263917267322540283e-01 2.503071129322052002e-01
7.000000000000000000e+01 3.025676310062408447e-02 1.146594285964965820e-01 3.025676310062408447e-02 1.146594285964965820e-01 2.213452011346817017e-01 1.151158660650253296e-01
8.000000000000000000e+01 3.300927951931953430e-02 5.905339866876602173e-02 3.300927951931953430e-02 5.905339866876602173e-02 1.592319160699844360e-01 5.957378819584846497e-02
9.000000000000000000e+01 1.759828627109527588e-02 5.161422863602638245e-02 1.759828627109527588e-02 5.161422863602638245e-02 1.489047259092330933e-01 5.209690704941749573e-02
1.000000000000000000e+02 1.077672000974416733e-02 4.189392179250717163e-02 1.077672000974416733e-02 4.189392179250717163e-02 1.341441422700881958e-01 4.228032380342483521e-02
1.100000000000000000e+02 7.867282256484031677e-03 3.558952733874320984e-02 7.867282256484031677e-03 3.558952733874320984e-02 1.236183568835258484e-01 3.590549156069755554e-02
1.200000000000000000e+02 7.448561023920774460e-03 2.987543679773807526e-02 7.448561023920774460e-03 2.987543679773807526e-02 1.132748946547508240e-01 3.014826029539108276e-02
1.300000000000000000e+02 6.371408700942993164e-03 2.635643444955348969e-02 6.371408700942993164e-03 2.635643444955348969e-02 1.064207404851913452e-01 2.661015838384628296e-02
1.400000000000000000e+02 5.879948846995830536e-03 2.332602441310882568e-02 5.879948846995830536e-03 2.332602441310882568e-02 1.001107245683670044e-01 2.354811877012252808e-02
1.500000000000000000e+02 5.668689031153917313e-03 2.093294635415077209e-02 5.668689031153917313e-03 2.093294635415077209e-02 9.481919556856155396e-02 2.112454734742641449e-02
1.600000000000000000e+02 5.415748804807662964e-03 1.906533911824226379e-02 5.415748804807662964e-03 1.906533911824226379e-02 9.050162136554718018e-02 1.924454234540462494e-02
1.700000000000000000e+02 5.041234195232391357e-03 1.758651062846183777e-02 5.041234195232391357e-03 1.758651062846183777e-02 8.695797622203826904e-02 1.776698604226112366e-02
1.800000000000000000e+02 4.659696482121944427e-03 1.632924005389213562e-02 4.659696482121944427e-03 1.632924005389213562e-02 8.382254838943481445e-02 1.650884561240673065e-02
1.900000000000000000e+02 4.317773971706628799e-03 1.521029416471719742e-02 4.317773971706628799e-03 1.521029416471719742e-02 8.091939985752105713e-02 1.538509875535964966e-02
2.000000000000000000e+02 4.012912511825561523e-03 1.419600937515497208e-02 4.012912511825561523e-03 1.419600937515497208e-02 7.819514721632003784e-02 1.436662022024393082e-02
2.100000000000000000e+02 3.742882050573825836e-03 1.327133085578680038e-02 3.742882050573825836e-03 1.327133085578680038e-02 7.562623918056488037e-02 1.343816518783569336e-02
2.200000000000000000e+02 3.497706959024071693e-03 1.243106368929147720e-02 3.497706959024071693e-03 1.243106368929147720e-02 7.321276515722274780e-02 1.259414013475179672e-02
2.300000000000000000e+02 3.273861017078161240e-03 1.166869793087244034e-02 3.273861017078161240e-03 1.166869793087244034e-02 7.095191627740859985e-02 1.182832475751638412e-02
2.400000000000000000e+02 3.067211713641881943e-03 1.097391732037067413e-02 3.067211713641881943e-03 1.097391732037067413e-02 6.882762908935546875e-02 1.113065052777528763e-02
2.500000000000000000e+02 2.876271260902285576e-03 1.034111995249986649e-02 2.876271260902285576e-03 1.034111995249986649e-02 6.683370471000671387e-02 1.049508526921272278e-02
2.600000000000000000e+02 2.700847573578357697e-03 9.765463881194591522e-03 2.700847573578357697e-03 9.765463881194591522e-03 6.496599316596984863e-02 9.916698560118675232e-03
2.700000000000000000e+02 2.538950648158788681e-03 9.239957667887210846e-03 2.538950648158788681e-03 9.239957667887210846e-03 6.321202963590621948e-02 9.388460777699947357e-03
2.800000000000000000e+02 2.388829132542014122e-03 8.760995231568813324e-03 2.388829132542014122e-03 8.760995231568813324e-03 6.156962737441062927e-02 8.906928822398185730e-03
2.900000000000000000e+02 2.251012483611702919e-03 8.321538567543029785e-03 2.251012483611702919e-03 8.321538567543029785e-03 6.002204492688179016e-02 8.464798331260681152e-03
3.000000000000000000e+02 2.123111858963966370e-03 7.920096628367900848e-03 2.123111858963966370e-03 7.920096628367900848e-03 5.857191979885101318e-02 8.060720749199390411e-03
3.100000000000000000e+02 2.004974987357854843e-03 7.553063798695802689e-03 2.004974987357854843e-03 7.553063798695802689e-03 5.721271410584449768e-02 7.690951693803071976e-03
3.200000000000000000e+02 1.896525966003537178e-03 7.214679848402738571e-03 1.896525966003537178e-03 7.214679848402738571e-03 5.592938140034675598e-02 7.349790073931217194e-03
3.300000000000000000e+02 1.796018215827643871e-03 6.903310306370258331e-03 1.796018215827643871e-03 6.903310306370258331e-03 5.472097173333168030e-02 7.035622838884592056e-03
3.400000000000000000e+02 1.702578621916472912e-03 6.616724189370870590e-03 1.702578621916472912e-03 6.616724189370870590e-03 5.358409509062767029e-02 6.746316328644752502e-03
3.500000000000000000e+02 1.616480527445673943e-03 6.351301912218332291e-03 1.616480527445673943e-03 6.351301912218332291e-03 5.250810831785202026e-02 6.478101015090942383e-03
3.600000000000000000e+02 1.536462688818573952e-03 6.106400862336158752e-03 1.536462688818573952e-03 6.106400862336158752e-03 5.149463191628456116e-02 6.230441853404045105e-03
3.700000000000000000e+02 1.461508101783692837e-03 5.878772120922803879e-03 1.461508101783692837e-03 5.878772120922803879e-03 5.053361132740974426e-02 6.000059656798839569e-03
3.800000000000000000e+02 1.391819096170365810e-03 5.668903701007366180e-03 1.391819096170365810e-03 5.668903701007366180e-03 4.963058233261108398e-02 5.787536036223173141e-03
3.900000000000000000e+02 1.326494617387652397e-03 5.473298486322164536e-03 1.326494617387652397e-03 5.473298486322164536e-03 4.877347871661186218e-02 5.589364562183618546e-03
4.000000000000000000e+02 1.264981809072196484e-03 5.291254725307226181e-03 1.264981809072196484e-03 5.291254725307226181e-03 4.796114936470985413e-02 5.404731724411249161e-03
4.100000000000000000e+02 1.207590452395379543e-03 5.121521651744842529e-03 1.207590452395379543e-03 5.121521651744842529e-03 4.719110205769538879e-02 5.232572089880704880e-03
4.200000000000000000e+02 1.153510878793895245e-03 4.963486455380916595e-03 1.153510878793895245e-03 4.963486455380916595e-03 4.646202921867370605e-02 5.072141531854867935e-03
4.300000000000000000e+02 1.102027134038507938e-03 4.815629683434963226e-03 1.102027134038507938e-03 4.815629683434963226e-03 4.576934501528739929e-02 4.922030027955770493e-03
4.400000000000000000e+02 1.053952728398144245e-03 4.677621182054281235e-03 1.053952728398144245e-03 4.677621182054281235e-03 4.511300474405288696e-02 4.781877622008323669e-03
4.500000000000000000e+02 1.008048653602600098e-03 4.548758268356323242e-03 1.008048653602600098e-03 4.548758268356323242e-03 4.449097067117691040e-02 4.650918301194906235e-03
4.600000000000000000e+02 9.648526902310550213e-04 4.427805077284574509e-03 9.648526902310550213e-04 4.427805077284574509e-03 4.389911517500877380e-02 4.528000019490718842e-03
4.700000000000000000e+02 9.239773498848080635e-04 4.314469639211893082e-03 9.239773498848080635e-04 4.314469639211893082e-03 4.333702102303504944e-02 4.412787500768899918e-03
4.800000000000000000e+02 8.852028986439108849e-04 4.208628088235855103e-03 8.852028986439108849e-04 4.208628088235855103e-03 4.280522093176841736e-02 4.305151291191577911e-03
4.900000000000000000e+02 8.485136786475777626e-04 4.109019879251718521e-03 8.485136786475777626e-04 4.109019879251718521e-03 4.229854792356491089e-02 4.203836899250745773e-03
5.000000000000000000e+02 8.136598044075071812e-04 4.015687853097915649e-03 8.136598044075071812e-04 4.015687853097915649e-03 4.181833937764167786e-02 4.108928143978118896e-03
5.100000000000000000e+02 7.802154868841171265e-04 3.928496036678552628e-03 7.802154868841171265e-04 3.928496036678552628e-03 4.136461392045021057e-02 4.020249005407094955e-03
5.200000000000000000e+02 7.489213021472096443e-04 3.846382955089211464e-03 7.489213021472096443e-04 3.846382955089211464e-03 4.093244671821594238e-02 3.936681896448135376e-03
5.300000000000000000e+02 7.188635063357651234e-04 3.769549308344721794e-03 7.188635063357651234e-04 3.769549308344721794e-03 4.052418470382690430e-02 3.858543932437896729e-03
5.400000000000000000e+02 6.905577611178159714e-04 3.697638167068362236e-03 6.905577611178159714e-04 3.697638167068362236e-03 4.013815522193908691e-02 3.785382490605115891e-03
5.500000000000000000e+02 6.634988239966332912e-04 3.630257910117506981e-03 6.634988239966332912e-04 3.630257910117506981e-03 3.977300599217414856e-02 3.716821782290935516e-03
5.600000000000000000e+02 6.381723214872181416e-04 3.566606203094124794e-03 6.381723214872181416e-04 3.566606203094124794e-03 3.942480683326721191e-02 3.652027808129787445e-03
5.700000000000000000e+02 6.135685835033655167e-04 3.507818793877959251e-03 6.135685835033655167e-04 3.507818793877959251e-03 3.910091519355773926e-02 3.592268563807010651e-03
5.800000000000000000e+02 5.904955905862152576e-04 3.452258184552192688e-03 5.904955905862152576e-04 3.452258184552192688e-03 3.879220783710479736e-02 3.535769181326031685e-03
5.900000000000000000e+02 5.684031639248132706e-04 3.400425659492611885e-03 5.684031639248132706e-04 3.400425659492611885e-03 3.850207850337028503e-02 3.483079373836517334e-03
6.000000000000000000e+02 5.476236692629754543e-04 3.351777326315641403e-03 5.476236692629754543e-04 3.351777326315641403e-03 3.822821751236915588e-02 3.433705074712634087e-03
6.100000000000000000e+02 5.277938325889408588e-04 3.306530183181166649e-03 5.277938325889408588e-04 3.306530183181166649e-03 3.797190263867378235e-02 3.387814620509743690e-03
6.200000000000000000e+02 5.089163896627724171e-04 3.263947553932666779e-03 5.089163896627724171e-04 3.263947553932666779e-03 3.772920742630958557e-02 3.344647120684385300e-03
6.300000000000000000e+02 4.909318522550165653e-04 3.224497428163886070e-03 4.909318522550165653e-04 3.224497428163886070e-03 3.750326484441757202e-02 3.304708050563931465e-03
6.400000000000000000e+02 4.737344570457935333e-04 3.187556052580475807e-03 4.737344570457935333e-04 3.187556052580475807e-03 3.729069977998733521e-02 3.267352702096104622e-03
6.500000000000000000e+02 4.574943450279533863e-04 3.152933204546570778e-03 4.574943450279533863e-04 3.152933204546570778e-03 3.709081187844276428e-02 3.232418792322278023e-03
6.600000000000000000e+02 4.424407961778342724e-04 3.120366716757416725e-03 4.424407961778342724e-04 3.120366716757416725e-03 3.690252825617790222e-02 3.199684433639049530e-03
6.700000000000000000e+02 4.276375402696430683e-04 3.090286394581198692e-03 4.276375402696430683e-04 3.090286394581198692e-03 3.672800585627555847e-02 3.169491421431303024e-03
6.800000000000000000e+02 4.139109223615378141e-04 3.061715513467788696e-03 4.139109223615378141e-04 3.061715513467788696e-03 3.656177967786788940e-02 3.140867222100496292e-03
6.900000000000000000e+02 4.007281386293470860e-04 3.035261994227766991e-03 4.007281386293470860e-04 3.035261994227766991e-03 3.640780225396156311e-02 3.114467952400445938e-03
7.000000000000000000e+02 3.882552846334874630e-04 3.010310931131243706e-03 3.882552846334874630e-04 3.010310931131243706e-03 3.626273944973945618e-02 3.089698730036616325e-03
7.100000000000000000e+02 3.764028660953044891e-04 2.986786887049674988e-03 3.764028660953044891e-04 2.986786887049674988e-03 3.612603247165679932e-02 3.066447563469409943e-03
7.200000000000000000e+02 3.651306906249374151e-04 2.964701736345887184e-03 3.651306906249374151e-04 2.964701736345887184e-03 3.599762544035911560e-02 3.044687211513519287e-03
7.300000000000000000e+02 3.545310755725950003e-04 2.943719970062375069e-03 3.545310755725950003e-04 2.943719970062375069e-03 3.587564826011657715e-02 3.024088451638817787e-03
7.400000000000000000e+02 3.445393522270023823e-04 2.923943568021059036e-03 3.445393522270023823e-04 2.923943568021059036e-03 3.576138615608215332e-02 3.004855709150433540e-03
7.500000000000000000e+02 3.347583115100860596e-04 2.905414206907153130e-03 3.347583115100860596e-04 2.905414206907153130e-03 3.565412759780883789e-02 2.986858133226633072e-03
7.600000000000000000e+02 3.257672360632568598e-04 2.887720474973320961e-03 3.257672360632568598e-04 2.887720474973320961e-03 3.555233404040336609e-02 2.969827037304639816e-03
7.700000000000000000e+02 3.171996504534035921e-04 2.870740601792931557e-03 3.171996504534035921e-04 2.870740601792931557e-03 3.545441478490829468e-02 2.953490009531378746e-03
7.800000000000000000e+02 3.089595411438494921e-04 2.854791935533285141e-03 3.089595411438494921e-04 2.854791935533285141e-03 3.536342084407806396e-02 2.938349964097142220e-03
7.900000000000000000e+02 3.012680681422352791e-04 2.839358523488044739e-03 3.012680681422352791e-04 2.839358523488044739e-03 3.527527302503585815e-02 2.923719817772507668e-03
8.000000000000000000e+02 2.940381236840039492e-04 2.824601717293262482e-03 2.940381236840039492e-04 2.824601717293262482e-03 3.519147261977195740e-02 2.909844974055886269e-03
8.100000000000000000e+02 2.870031748898327351e-04 2.810628153383731842e-03 2.870031748898327351e-04 2.810628153383731842e-03 3.511246293783187866e-02 2.896793419495224953e-03
8.200000000000000000e+02 2.803082170430570841e-04 2.797144930809736252e-03 2.803082170430570841e-04 2.797144930809736252e-03 3.503613919019699097e-02 2.884214045479893684e-03
8.300000000000000000e+02 2.741453063208609819e-04 2.784079406410455704e-03 2.741453063208609819e-04 2.784079406410455704e-03 3.496274352073669434e-02 2.872142707929015160e-03
8.400000000000000000e+02 2.681237529031932354e-04 2.771574305370450020e-03 2.681237529031932354e-04 2.771574305370450020e-03 3.489255905151367188e-02 2.860622713342308998e-03
8.500000000000000000e+02 2.625060733407735825e-04 2.759432885795831680e-03 2.625060733407735825e-04 2.759432885795831680e-03 3.482483327388763428e-02 2.849528566002845764e-03
8.600000000000000000e+02 2.570757351350039244e-04 2.747845370322465897e-03 2.570757351350039244e-04 2.747845370322465897e-03 3.476032987236976624e-02 2.838982967659831047e-03
8.700000000000000000e+02 2.520386187825351954e-04 2.736436435952782631e-03 2.520386187825351954e-04 2.736436435952782631e-03 3.469697386026382446e-02 2.828642958775162697e-03
8.800000000000000000e+02 2.471997286193072796e-04 2.725429367274045944e-03 2.471997286193072796e-04 2.725429367274045944e-03 3.463609144091606140e-02 2.818724839016795158e-03
8.900000000000000000e+02 2.425548882456496358e-04 2.714796224609017372e-03 2.425548882456496358e-04 2.714796224609017372e-03 3.457769379019737244e-02 2.809227677062153816e-03
9.000000000000000000e+02 2.382954407949000597e-04 2.704241080209612846e-03 2.382954407949000597e-04 2.704241080209612846e-03 3.451931104063987732e-02 2.799749374389648438e-03
9.100000000000000000e+02 2.341012732358649373e-04 2.694254042580723763e-03 2.341012732358649373e-04 2.694254042580723763e-03 3.446460887789726257e-02 2.790883416309952736e-03
9.200000000000000000e+02 2.301072672707960010e-04 2.684351522475481033e-03 2.301072672707960010e-04 2.684351522475481033e-03 3.441040962934494019e-02 2.782112685963511467e-03
9.300000000000000000e+02 2.262614434584975243e-04 2.674933522939682007e-03 2.262614434584975243e-04 2.674933522939682007e-03 3.435916826128959656e-02 2.773832296952605247e-03
9.400000000000000000e+02 2.225980861112475395e-04 2.665640087798237801e-03 2.225980861112475395e-04 2.665640087798237801e-03 3.430840000510215759e-02 2.765641547739505768e-03
9.500000000000000000e+02 2.192763495258986950e-04 2.656390890479087830e-03 2.192763495258986950e-04 2.656390890479087830e-03 3.425804898142814636e-02 2.757529262453317642e-03
9.600000000000000000e+02 2.159076975658535957e-04 2.647535409778356552e-03 2.159076975658535957e-04 2.647535409778356552e-03 3.420998528599739075e-02 2.749797888100147247e-03
9.700000000000000000e+02 2.126825420418754220e-04 2.638895064592361450e-03 2.126825420418754220e-04 2.638895064592361450e-03 3.416337072849273682e-02 2.742308657616376877e-03
9.800000000000000000e+02 2.097449614666402340e-04 2.630291506648063660e-03 2.097449614666402340e-04 2.630291506648063660e-03 3.411652147769927979e-02 2.734793117269873619e-03
9.900000000000000000e+02 2.067901659756898880e-04 2.622055821120738983e-03 2.067901659756898880e-04 2.622055821120738983e-03 3.407181799411773682e-02 2.727631013840436935e-03
1.000000000000000000e+03 2.041233528871089220e-04 2.613860182464122772e-03 2.041233528871089220e-04 2.613860182464122772e-03 3.402744606137275696e-02 2.720531076192855835e-03
1.010000000000000000e+03 2.015165082411840558e-04 2.605758141726255417e-03 2.015165082411840558e-04 2.605758141726255417e-03 3.398354724049568176e-02 2.713515888899564743e-03
1.020000000000000000e+03 1.989541779039427638e-04 2.597988583147525787e-03 1.989541779039427638e-04 2.597988583147525787e-03 3.394173458218574524e-02 2.706842962652444839e-03
1.030000000000000000e+03 1.964890543604269624e-04 2.590297488495707512e-03 1.964890543604269624e-04 2.590297488495707512e-03 3.390026465058326721e-02 2.700232435017824173e-03
1.040000000000000000e+03 1.941647351486608386e-04 2.582768676802515984e-03 1.941647351486608386e-04 2.582768676802515984e-03 3.385945409536361694e-02 2.693735063076019287e-03
1.050000000000000000e+03 1.919005735544487834e-04 2.575312275439500809e-03 1.919005735544487834e-04 2.575312275439500809e-03 3.381916880607604980e-02 2.687328960746526718e-03
1.060000000000000000e+03 1.897325855679810047e-04 2.568057738244533539e-03 1.897325855679810047e-04 2.568057738244533539e-03 3.378011286258697510e-02 2.681125653907656670e-03
1.070000000000000000e+03 1.876818860182538629e-04 2.560889348387718201e-03 1.876818860182538629e-04 2.560889348387718201e-03 3.374124318361282349e-02 2.674959134310483932e-03
1.080000000000000000e+03 1.856436865637078881e-04 2.553810132667422295e-03 1.856436865637078881e-04 2.553810132667422295e-03 3.370302543044090271e-02 2.668902045115828514e-03
1.090000000000000000e+03 1.837435702327638865e-04 2.546927193179726601e-03 1.837435702327638865e-04 2.546927193179726601e-03 3.366571292281150818e-02 2.662996295839548111e-03
1.100000000000000000e+03 1.818767632357776165e-04 2.540113404393196106e-03 1.818767632357776165e-04 2.540113404393196106e-03 3.362922742962837219e-02 2.657227683812379837e-03
1.110000000000000000e+03 1.800113968783989549e-04 2.533468650653958321e-03 1.800113968783989549e-04 2.533468650653958321e-03 3.359308838844299316e-02 2.651519374921917915e-03
1.120000000000000000e+03 1.784052001312375069e-04 2.526717027649283409e-03 1.784052001312375069e-04 2.526717027649283409e-03 3.355615213513374329e-02 2.645691623911261559e-03
1.130000000000000000e+03 1.766636123647913337e-04 2.520303241908550262e-03 1.766636123647913337e-04 2.520303241908550262e-03 3.352156654000282288e-02 2.640241058543324471e-03
1.140000000000000000e+03 1.750190567690879107e-04 2.513863146305084229e-03 1.750190567690879107e-04 2.513863146305084229e-03 3.348653391003608704e-02 2.634725300595164299e-03
1.150000000000000000e+03 1.734948600642383099e-04 2.507540630176663399e-03 1.734948600642383099e-04 2.507540630176663399e-03 3.345203027129173279e-02 2.629298716783523560e-03
1.160000000000000000e+03 1.719851279631257057e-04 2.501270268112421036e-03 1.719851279631257057e-04 2.501270268112421036e-03 3.341791033744812012e-02 2.623938024044036865e-03
1.170000000000000000e+03 1.705148024484515190e-04 2.495144493877887726e-03 1.705148024484515190e-04 2.495144493877887726e-03 3.338436782360076904e-02 2.618673024699091911e-03
1.180000000000000000e+03 1.691186625976115465e-04 2.489028032869100571e-03 1.691186625976115465e-04 2.489028032869100571e-03 3.335125744342803955e-02 2.613481599837541580e-03
1.190000000000000000e+03 1.678239350439980626e-04 2.482942771166563034e-03 1.678239350439980626e-04 2.482942771166563034e-03 3.331757336854934692e-02 2.608204726129770279e-03
1.200000000000000000e+03 1.664565934333950281e-04 2.477033296599984169e-03 1.664565934333950281e-04 2.477033296599984169e-03 3.328511118888854980e-02 2.603125292807817459e-03
1.210000000000000000e+03 1.651204947847872972e-04 2.471229294314980507e-03 1.651204947847872972e-04 2.471229294314980507e-03 3.325347974896430969e-02 2.598179271444678307e-03
1.220000000000000000e+03 1.639201800571754575e-04 2.465377561748027802e-03 1.639201800571754575e-04 2.465377561748027802e-03 3.322105482220649719e-02 2.593115204945206642e-03
1.230000000000000000e+03 1.626888551982119679e-04 2.459703013300895691e-03 1.626888551982119679e-04 2.459703013300895691e-03 3.319001942873001099e-02 2.588272327557206154e-03
1.240000000000000000e+03 1.615608052816241980e-04 2.453929046168923378e-03 1.615608052816241980e-04 2.453929046168923378e-03 3.315777704119682312e-02 2.583245979622006416e-03
1.250000000000000000e+03 1.603598066139966249e-04 2.448402112349867821e-03 1.603598066139966249e-04 2.448402112349867821e-03 3.312714025378227234e-02 2.578474348410964012e-03
1.260000000000000000e+03 1.593067136127501726e-04 2.442798810079693794e-03 1.593067136127501726e-04 2.442798810079693794e-03 3.309594094753265381e-02 2.573620062321424484e-03
1.270000000000000000e+03 1.581872929818928242e-04 2.437359420582652092e-03 1.581872929818928242e-04 2.437359420582652092e-03 3.306585922837257385e-02 2.568943426012992859e-03
1.280000000000000000e+03 1.571622415212914348e-04 2.431854140013456345e-03 1.571622415212914348e-04 2.431854140013456345e-03 3.303511068224906921e-02 2.564168069511651993e-03
1.290000000000000000e+03 1.561682438477873802e-04 2.426427090540528297e-03 1.561682438477873802e-04 2.426427090540528297e-03 3.300476446747779846e-02 2.559459535405039787e-03
1.300000000000000000e+03 1.552048779558390379e-04 2.421051729470491409e-03 1.552048779558390379e-04 2.421051729470491409e-03 3.297440707683563232e-02 2.554752631112933159e-03
1.310000000000000000e+03 1.541939855087548494e-04 2.415800467133522034e-03 1.541939855087548494e-04 2.415800467133522034e-03 3.294500708580017090e-02 2.550199395045638084e-03
1.320000000000000000e+03 1.532313326606526971e-04 2.410549204796552658e-03 1.532313326606526971e-04 2.410549204796552658e-03 3.291540965437889099e-02 2.545619383454322815e-03
1.330000000000000000e+03 1.523049577372148633e-04 2.405366860330104828e-03 1.523049577372148633e-04 2.405366860330104828e-03 3.288609907031059265e-02 2.541087567806243896e-03
1.340000000000000000e+03 1.515052135800942779e-04 2.400095807388424873e-03 1.515052135800942779e-04 2.400095807388424873e-03 3.285593539476394653e-02 2.536428859457373619e-03
1.350000000000000000e+03 1.506407425040379167e-04 2.394919050857424736e-03 1.506407425040379167e-04 2.394919050857424736e-03 3.282660618424415588e-02 2.531902166083455086e-03
1.360000000000000000e+03 1.497854827903211117e-04 2.389835426583886147e-03 1.497854827903211117e-04 2.389835426583886147e-03 3.279758617281913757e-02 2.527427626773715019e-03
1.370000000000000000e+03 1.489708665758371353e-04 2.384745748713612556e-03 1.489708665758371353e-04 2.384745748713612556e-03 3.276851400732994080e-02 2.522948663681745529e-03
1.380000000000000000e+03 1.482120278524234891e-04 2.379655372351408005e-03 1.482120278524234891e-04 2.379655372351408005e-03 3.273909911513328552e-02 2.518421271815896034e-03
1.390000000000000000e+03 1.474585296818986535e-04 2.374581759795546532e-03 1.474585296818986535e-04 2.374581759795546532e-03 3.270988911390304565e-02 2.513929270207881927e-03
1.400000000000000000e+03 1.466768444515764713e-04 2.369648776948451996e-03 1.466768444515764713e-04 2.369648776948451996e-03 3.268147632479667664e-02 2.509563695639371872e-03
1.410000000000000000e+03 1.459549093851819634e-04 2.364641288295388222e-03 1.459549093851819634e-04 2.364641288295388222e-03 3.265245631337165833e-02 2.505108946934342384e-03
1.420000000000000000e+03 1.453031582059338689e-04 2.359605394303798676e-03 1.453031582059338689e-04 2.359605394303798676e-03 3.262323513627052307e-02 2.500627422705292702e-03
1.430000000000000000e+03 1.445457164663821459e-04 2.354730851948261261e-03 1.445457164663821459e-04 2.354730851948261261e-03 3.259467706084251404e-02 2.496251370757818222e-03
1.440000000000000000e+03 1.439464103896170855e-04 2.349731978029012680e-03 1.439464103896170855e-04 2.349731978029012680e-03 3.256534039974212646e-02 2.491759601980447769e-03
1.450000000000000000e+03 1.432622229913249612e-04 2.344814594835042953e-03 1.432622229913249612e-04 2.344814594835042953e-03 3.253673389554023743e-02 2.487384481355547905e-03
1.460000000000000000e+03 1.426322560291737318e-04 2.339925849810242653e-03 1.426322560291737318e-04 2.339925849810242653e-03 3.250772878527641296e-02 2.482951153069734573e-03
1.470000000000000000e+03 1.419864856870844960e-04 2.335034543648362160e-03 1.419864856870844960e-04 2.335034543648362160e-03 3.247871249914169312e-02 2.478521084412932396e-03
1.480000000000000000e+03 1.413481950294226408e-04 2.330210758373141289e-03 1.413481950294226408e-04 2.330210758373141289e-03 3.245003521442413330e-02 2.474145730957388878e-03
1.490000000000000000e+03 1.408684911439195275e-04 2.325216773897409439e-03 1.408684911439195275e-04 2.325216773897409439e-03 3.242049366235733032e-02 2.469643019139766693e-03
1.500000000000000000e+03 1.402703783242031932e-04 2.320352010428905487e-03 1.402703783242031932e-04 2.320352010428905487e-03 3.239141404628753662e-02 2.465214813128113747e-03
1.510000000000000000e+03 1.396957668475806713e-04 2.315479796379804611e-03 1.396957668475806713e-04 2.315479796379804611e-03 3.236212208867073059e-02 2.460758201777935028e-03
1.520000000000000000e+03 1.391393889207392931e-04 2.310632495209574699e-03 1.391393889207392931e-04 2.310632495209574699e-03 3.233303874731063843e-02 2.456336980685591698e-03
1.530000000000000000e+03 1.386380608892068267e-04 2.305711386725306511e-03 1.386380608892068267e-04 2.305711386725306511e-03 3.230312094092369080e-02 2.451793523505330086e-03
1.540000000000000000e+03 1.380945759592577815e-04 2.300859661772847176e-03 1.380945759592577815e-04 2.300859661772847176e-03 3.227368742227554321e-02 2.447327366098761559e-03
1.550000000000000000e+03 1.376108557451516390e-04 2.295955084264278412e-03 1.376108557451516390e-04 2.295955084264278412e-03 3.224416822195053101e-02 2.442852593958377838e-03
1.560000000000000000e+03 1.371043035760521889e-04 2.291051438078284264e-03 1.371043035760521889e-04 2.291051438078284264e-03 3.221400827169418335e-02 2.438284922391176224e-03
1.570000000000000000e+03 1.366219221381470561e-04 2.286150120198726654e-03 1.366219221381470561e-04 2.286150120198726654e-03 3.218381851911544800e-02 2.433717017993330956e-03
1.580000000000000000e+03 1.362229668302461505e-04 2.281155437231063843e-03 1.362229668302461505e-04 2.281155437231063843e-03 3.215331584215164185e-02 2.429105807095766068e-03
1.590000000000000000e+03 1.357717992505058646e-04 2.276208484545350075e-03 1.357717992505058646e-04 2.276208484545350075e-03 3.212255239486694336e-02 2.424459671601653099e-03
1.600000000000000000e+03 1.353087136521935463e-04 2.271229401230812073e-03 1.353087136521935463e-04 2.271229401230812073e-03 3.209182247519493103e-02 2.419823547825217247e-03
1.610000000000000000e+03 1.348881050944328308e-04 2.266231225803494453e-03 1.348881050944328308e-04 2.266231225803494453e-03 3.206021711230278015e-02 2.415059367194771767e-03
1.620000000000000000e+03 1.344875054201111197e-04 2.261172980070114136e-03 1.344875054201111197e-04 2.261172980070114136e-03 3.202893957495689392e-02 2.410349436104297638e-03
1.630000000000000000e+03 1.341335300821810961e-04 2.256064908578991890e-03 1.341335300821810961e-04 2.256064908578991890e-03 3.199660032987594604e-02 2.405484905466437340e-03
1.640000000000000000e+03 1.337573339696973562e-04 2.250959631055593491e-03 1.337573339696973562e-04 2.250959631055593491e-03 3.196452185511589050e-02 2.400663681328296661e-03
1.650000000000000000e+03 1.332820975221693516e-04 2.245899289846420288e-03 1.332820975221693516e-04 2.245899289846420288e-03 3.193226829171180725e-02 2.395821269601583481e-03
1.660000000000000000e+03 1.330222003161907196e-04 2.240576082840561867e-03 1.330222003161907196e-04 2.240576082840561867e-03 3.189899399876594543e-02 2.390831010416150093e-03
1.670000000000000000e+03 1.327008358202874660e-04 2.235347870737314224e-03 1.327008358202874660e-04 2.235347870737314224e-03 3.186531737446784973e-02 2.385785803198814392e-03
1.680000000000000000e+03 1.334061380475759506e-04 2.229871461167931557e-03 1.334061380475759506e-04 2.229871461167931557e-03 3.183012083172798157e-02 2.380518242716789246e-03
1.690000000000000000e+03 2.236352302134037018e-04 2.232894068583846092e-03 2.236352302134037018e-04 2.232894068583846092e-03 3.185062110424041748e-02 2.383585553616285324e-03
1.700000000000000000e+03 1.297580020036548376e-04 2.224384108558297157e-03 1.297580020036548376e-04 2.224384108558297157e-03 3.179650381207466125e-02 2.375492593273520470e-03
1.710000000000000000e+03 2.183097094530239701e-04 2.228555735200643539e-03 2.183097094530239701e-04 2.228555735200643539e-03 3.182145580649375916e-02 2.379222307354211807e-03
1.720000000000000000e+03 1.380739558953791857e-04 2.213429426774382591e-03 1.380739558953791857e-04 2.213429426774382591e-03 3.171884641051292419e-02 2.363903913646936417e-03
1.730000000000000000e+03 1.350694510620087385e-04 2.206556964665651321e-03 1.350694510620087385e-04 2.206556964665651321e-03 3.167273104190826416e-02 2.357034943997859955e-03
1.740000000000000000e+03 1.314462133450433612e-04 2.199365058913826942e-03 1.314462133450433612e-04 2.199365058913826942e-03 3.162530437111854553e-02 2.349981339648365974e-03
1.750000000000000000e+03 1.313533284701406956e-04 2.193266293033957481e-03 1.313533284701406956e-04 2.193266293033957481e-03 3.158644586801528931e-02 2.344209933653473854e-03
1.760000000000000000e+03 1.288016646867617965e-04 2.188238780945539474e-03 1.288016646867617965e-04 2.188238780945539474e-03 3.155467659235000610e-02 2.339496277272701263e-03
1.770000000000000000e+03 1.284979371121153235e-04 2.182367956265807152e-03 1.284979371121153235e-04 2.182367956265807152e-03 3.151671215891838074e-02 2.333870623260736465e-03
1.780000000000000000e+03 1.283727178815752268e-04 2.176408423110842705e-03 1.283727178815752268e-04 2.176408423110842705e-03 3.147745504975318909e-02 2.328060101717710495e-03
1.790000000000000000e+03 1.283414458157494664e-04 2.170202089473605156e-03 1.283414458157494664e-04 2.170202089473605156e-03 3.143616765737533569e-02 2.321956679224967957e-03
1.800000000000000000e+03 1.280663709621876478e-04 2.164082136005163193e-03 1.280663709621876478e-04 2.164082136005163193e-03 3.139557316899299622e-02 2.315963851287961006e-03
1.810000000000000000e+03 1.278731215279549360e-04 2.157834125682711601e-03 1.278731215279549360e-04 2.157834125682711601e-03 3.135377168655395508e-02 2.309800824150443077e-03
1.820000000000000000e+03 1.278423151234164834e-04 2.151601249352097511e-03 1.278423151234164834e-04 2.151601249352097511e-03 3.131185472011566162e-02 2.303628716617822647e-03
1.830000000000000000e+03 1.352460967609658837e-04 2.146768616512417793e-03 1.352460967609658837e-04 2.146768616512417793e-03 3.127925470471382141e-02 2.298835199326276779e-03
1.840000000000000000e+03 7.537829806096851826e-04 2.230825601145625114e-03 7.537829806096851826e-04 2.230825601145625114e-03 3.184727951884269714e-02 2.383085666224360466e-03
1.850000000000000000e+03 4.030027484986931086e-04 2.167425584048032761e-03 4.030027484986931086e-04 2.167425584048032761e-03 3.141618892550468445e-02 2.319006016477942467e-03
1.860000000000000000e+03 2.020804386120289564e-04 2.142277779057621956e-03 2.020804386120289564e-04 2.142277779057621956e-03 3.123977035284042358e-02 2.293034456670284271e-03
1.870000000000000000e+03 1.256366376765072346e-04 2.122449921444058418e-03 1.256366376765072346e-04 2.122449921444058418e-03 3.110032528638839722e-02 2.272609388455748558e-03
1.880000000000000000e+03 1.339438022114336491e-04 2.115343464538455009e-03 1.339438022114336491e-04 2.115343464538455009e-03 3.105059266090393066e-02 2.265346935018897057e-03
1.890000000000000000e+03 1.280433498322963715e-04 2.107592066749930382e-03 1.280433498322963715e-04 2.107592066749930382e-03 3.099876642227172852e-02 2.257790882140398026e-03
1.900000000000000000e+03 1.259999116882681847e-04 2.099856967106461525e-03 1.259999116882681847e-04 2.099856967106461525e-03 3.094764798879623413e-02 2.250351011753082275e-03
1.910000000000000000e+03 1.245283638127148151e-04 2.092321403324604034e-03 1.245283638127148151e-04 2.092321403324604034e-03 3.089671954512596130e-02 2.242950489744544029e-03
1.920000000000000000e+03 1.247709587914869189e-04 2.084174193441867828e-03 1.247709587914869189e-04 2.084174193441867828e-03 3.084068186581134796e-02 2.234821906313300133e-03
1.930000000000000000e+03 1.249660708708688617e-04 2.075738506391644478e-03 1.249660708708688617e-04 2.075738506391644478e-03 3.078204207122325897e-02 2.226331271231174469e-03
1.940000000000000000e+03 1.249249908141791821e-04 2.067303285002708435e-03 1.249249908141791821e-04 2.067303285002708435e-03 3.072315081954002380e-02 2.217821078374981880e-03
1.950000000000000000e+03 1.249933266080915928e-04 2.058611717075109482e-03 1.249933266080915928e-04 2.058611717075109482e-03 3.066231310367584229e-02 2.209046157076954842e-03
1.960000000000000000e+03 1.251217618118971586e-04 2.049770439043641090e-03 1.251217618118971586e-04 2.049770439043641090e-03 3.059970028698444366e-02 2.200033748522400856e-03
1.970000000000000000e+03 1.279915595659986138e-04 2.041296102106571198e-03 1.279915595659986138e-04 2.041296102106571198e-03 3.053907677531242371e-02 2.191324951127171516e-03
1.980000000000000000e+03 3.339507675264030695e-04 2.066873712465167046e-03 3.339507675264030695e-04 2.066873712465167046e-03 3.071501664817333221e-02 2.216646680608391762e-03
1.990000000000000000e+03 1.513603347120806575e-04 2.034809207543730736e-03 1.513603347120806575e-04 2.034809207543730736e-03 3.048951365053653717e-02 2.184217795729637146e-03
2.000000000000000000e+03 1.917347835842519999e-04 2.041146159172058105e-03 1.917347835842519999e-04 2.041146159172058105e-03 3.052276559174060822e-02 2.188984537497162819e-03
2.010000000000000000e+03 1.873972796602174640e-04 2.020837273448705673e-03 1.873972796602174640e-04 2.020837273448705673e-03 3.037073090672492981e-02 2.167231868952512741e-03
2.020000000000000000e+03 1.424463989678770304e-04 2.000132342800498009e-03 1.424463989678770304e-04 2.000132342800498009e-03 3.022103197872638702e-02 2.145919715985655785e-03
2.030000000000000000e+03 1.227855682373046875e-04 1.987599069252610207e-03 1.227855682373046875e-04 1.987599069252610207e-03 3.013403527438640594e-02 2.133582718670368195e-03
2.040000000000000000e+03 1.265163155039772391e-04 1.977082807570695877e-03 1.265163155039772391e-04 1.977082807570695877e-03 3.006170503795146942e-02 2.123352373018860817e-03
2.050000000000000000e+03 1.230752823175862432e-04 1.965188188478350639e-03 1.230752823175862432e-04 1.965188188478350639e-03 2.997631579637527466e-02 2.111307578161358833e-03
2.060000000000000000e+03 1.236586977029219270e-04 1.953278435394167900e-03 1.236586977029219270e-04 1.953278435394167900e-03 2.989016473293304443e-02 2.099188975989818573e-03
2.070000000000000000e+03 1.239779230672866106e-04 1.940802321769297123e-03 1.239779230672866106e-04 1.940802321769297123e-03 2.979921922087669373e-02 2.086434280499815941e-03
2.080000000000000000e+03 1.241475692950189114e-04 1.928293844684958458e-03 1.241475692950189114e-04 1.928293844684958458e-03 2.970756962895393372e-02 2.073620213195681572e-03
2.090000000000000000e+03 1.246532920049503446e-04 1.915239146910607815e-03 1.246532920049503446e-04 1.915239146910607815e-03 2.961086295545101166e-02 2.060141647234559059e-03
2.100000000000000000e+03 1.251888606930151582e-04 1.901801559142768383e-03 1.251888606930151582e-04 1.901801559142768383e-03 2.951108850538730621e-02 2.046281471848487854e-03
2.110000000000000000e+03 1.307091879425570369e-04 1.889568287879228592e-03 1.307091879425570369e-04 1.889568287879228592e-03 2.941908314824104309e-02 2.033542376011610031e-03
2.120000000000000000e+03 7.062691147439181805e-04 1.976220402866601944e-03 7.062691147439181805e-04 1.976220402866601944e-03 3.003514371812343597e-02 2.119602402672171593e-03
2.130000000000000000e+03 8.568488992750644684e-04 1.975613646209239960e-03 8.568488992750644684e-04 1.975613646209239960e-03 3.002293035387992859e-02 2.117878524586558342e-03
2.140000000000000000e+03 3.074360720347613096e-04 1.886039623059332371e-03 3.074360720347613096e-04 1.886039623059332371e-03 2.936088480055332184e-02 2.025504829362034798e-03
2.150000000000000000e+03 1.871580025181174278e-04 1.846587518230080605e-03 1.871580025181174278e-04 1.846587518230080605e-03 2.906044945120811462e-02 1.984264934435486794e-03
2.160000000000000000e+03 1.386129588354378939e-04 1.829940360039472580e-03 1.386129588354378939e-04 1.829940360039472580e-03 2.893797867000102997e-02 1.967575168237090111e-03
2.170000000000000000e+03 1.232687645824626088e-04 1.813849783502519131e-03 1.232687645824626088e-04 1.813849783502519131e-03 2.882065065205097198e-02 1.951652811840176582e-03
2.180000000000000000e+03 1.247884210897609591e-04 1.796956756152212620e-03 1.247884210897609591e-04 1.796956756152212620e-03 2.869353443384170532e-02 1.934474683366715908e-03
2.190000000000000000e+03 1.251952053280547261e-04 1.781157334335148335e-03 1.251952053280547261e-04 1.781157334335148335e-03 2.857418544590473175e-02 1.918415655381977558e-03
2.200000000000000000e+03 1.250972854904830456e-04 1.763309119269251823e-03 1.250972854904830456e-04 1.763309119269251823e-03 2.843813598155975342e-02 1.900190487504005432e-03
2.210000000000000000e+03 1.261422730749472976e-04 1.745719462633132935e-03 1.261422730749472976e-04 1.745719462633132935e-03 2.830244787037372589e-02 1.882100943475961685e-03
2.220000000000000000e+03 1.269019849132746458e-04 1.728042960166931152e-03 1.269019849132746458e-04 1.728042960166931152e-03 2.816501818597316742e-02 1.863867160864174366e-03
2.230000000000000000e+03 1.278793642995879054e-04 1.709864707663655281e-03 1.278793642995879054e-04 1.709864707663655281e-03 2.802225761115550995e-02 1.845020567998290062e-03
2.240000000000000000e+03 1.292365923291072249e-04 1.691113342531025410e-03 1.292365923291072249e-04 1.691113342531025410e-03 2.787405066192150116e-02 1.825555460527539253e-03
2.250000000000000000e+03 1.308391947532072663e-04 1.672383630648255348e-03 1.308391947532072663e-04 1.672383630648255348e-03 2.772509865462779999e-02 1.806097687222063541e-03
2.260000000000000000e+03 1.691944053163751960e-04 1.657987013459205627e-03 1.691944053163751960e-04 1.657987013459205627e-03 2.760838158428668976e-02 1.790922833606600761e-03
2.270000000000000000e+03 2.518386812880635262e-03 2.126000123098492622e-03 2.518386812880635262e-03 2.126000123098492622e-03 3.100518696010112762e-02 2.258726395666599274e-03
2.280000000000000000e+03 5.101122078485786915e-04 1.714124926365911961e-03 5.101122078485786915e-04 1.714124926365911961e-03 2.800674177706241608e-02 1.842977828346192837e-03
2.290000000000000000e+03 3.257719508837908506e-04 1.649162033572793007e-03 3.257719508837908506e-04 1.649162033572793007e-03 2.748142741620540619e-02 1.774489996023476124e-03
2.300000000000000000e+03 1.994160847971215844e-04 1.610847539268434048e-03 1.994160847971215844e-04 1.610847539268434048e-03 2.718102931976318359e-02 1.735908561386168003e-03
2.310000000000000000e+03 1.495697069913148880e-04 1.582246739417314529e-03 1.495697069913148880e-04 1.582246739417314529e-03 2.695951610803604126e-02 1.707729650661349297e-03
2.320000000000000000e+03 1.388020027661696076e-04 1.558524672873318195e-03 1.388020027661696076e-04 1.558524672873318195e-03 2.676790021359920502e-02 1.683540525846183300e-03
2.330000000000000000e+03 1.351411046925932169e-04 1.537758391350507736e-03 1.351411046925932169e-04 1.537758391350507736e-03 2.660115063190460205e-02 1.662630354985594749e-03
2.340000000000000000e+03 1.330470258835703135e-04 1.516699907369911671e-03 1.330470258835703135e-04 1.516699907369911671e-03 2.642836980521678925e-02 1.641102484427392483e-03
2.350000000000000000e+03 1.342903560725972056e-04 1.495590317063033581e-03 1.342903560725972056e-04 1.495590317063033581e-03 2.625249885022640228e-02 1.619333284907042980e-03
2.360000000000000000e+03 1.356351713184267282e-04 1.474835560657083988e-03 1.356351713184267282e-04 1.474835560657083988e-03 2.607844024896621704e-02 1.597931492142379284e-03
2.370000000000000000e+03 1.376631262246519327e-04 1.453189644962549210e-03 1.376631262246519327e-04 1.453189644962549210e-03 2.589489519596099854e-02 1.575517700985074043e-03
2.380000000000000000e+03 1.390858087688684464e-04 1.432233839295804501e-03 1.390858087688684464e-04 1.432233839295804501e-03 2.571529522538185120e-02 1.553738606162369251e-03
2.390000000000000000e+03 1.408865937264636159e-04 1.410778262652456760e-03 1.408865937264636159e-04 1.410778262652456760e-03 2.553031593561172485e-02 1.531465561129152775e-03
2.400000000000000000e+03 1.429027761332690716e-04 1.389592769555747509e-03 1.429027761332690716e-04 1.389592769555747509e-03 2.534552291035652161e-02 1.509375870227813721e-03
2.410000000000000000e+03 1.489135174779221416e-04 1.368406577967107296e-03 1.489135174779221416e-04 1.368406577967107296e-03 2.515901625156402588e-02 1.487243920564651489e-03
2.420000000000000000e+03 3.829825145658105612e-04 1.390976482070982456e-03 3.829825145658105612e-04 1.390976482070982456e-03 2.534134685993194580e-02 1.508878660388290882e-03
2.430000000000000000e+03 1.593419146956875920e-04 1.353345462121069431e-03 1.593419146956875920e-04 1.353345462121069431e-03 2.500931359827518463e-02 1.469597453251481056e-03
2.440000000000000000e+03 3.253070171922445297e-04 1.356969936750829220e-03 3.253070171922445297e-04 1.356969936750829220e-03 2.501253224909305573e-02 1.469976152293384075e-03
2.450000000000000000e+03 2.149759093299508095e-04 1.319136354140937328e-03 2.149759093299508095e-04 1.319136354140937328e-03 2.467552945017814636e-02 1.430631964467465878e-03
2.460000000000000000e+03 1.740536099532619119e-04 1.291201100684702396e-03 1.740536099532619119e-04 1.291201100684702396e-03 2.443307451903820038e-02 1.402655965648591518e-03
2.470000000000000000e+03 1.622039126232266426e-04 1.266691833734512329e-03 1.622039126232266426e-04 1.266691833734512329e-03 2.421233616769313812e-02 1.377426204271614552e-03
2.480000000000000000e+03 1.501426158938556910e-04 1.243458245880901814e-03 1.501426158938556910e-04 1.243458245880901814e-03 2.400407008826732635e-02 1.353831961750984192e-03
2.490000000000000000e+03 1.456133322790265083e-04 1.222483813762664795e-03 1.456133322790265083e-04 1.222483813762664795e-03 2.381264790892601013e-02 1.332325395196676254e-03
2.500000000000000000e+03 1.483870291849598289e-04 1.201488776132464409e-03 1.483870291849598289e-04 1.201488776132464409e-03 2.361739613115787506e-02 1.310566323809325695e-03
