# step, loss_train, loss_test, metrics_test
0.000000000000000000e+00 1.653656829148530960e-03 3.116991817951202393e-01 1.653656829148530960e-03 3.116991817951202393e-01 8.584261536598205566e-01 2.996600270271301270e-01
1.000000000000000000e+01 3.664113814011216164e-03 1.964796707034111023e-02 3.664113814011216164e-03 1.964796707034111023e-02 2.244561314582824707e-01 2.048735320568084717e-02
2.000000000000000000e+01 1.095205196179449558e-03 6.741484161466360092e-03 1.095205196179449558e-03 6.741484161466360092e-03 1.424421966075897217e-01 8.250880055129528046e-03
3.000000000000000000e+01 6.207105470821261406e-04 3.533527255058288574e-03 6.207105470821261406e-04 3.533527255058288574e-03 1.115716472268104553e-01 5.062099546194076538e-03
4.000000000000000000e+01 6.206679390743374825e-04 1.893774722702801228e-03 6.206679390743374825e-04 1.893774722702801228e-03 9.158358722925186157e-02 3.410815494135022163e-03
5.000000000000000000e+01 4.746107733808457851e-04 1.053657964803278446e-03 4.746107733808457851e-04 1.053657964803278446e-03 7.606755942106246948e-02 2.352999988943338394e-03
6.000000000000000000e+01 4.373702395241707563e-04 6.449223146773874760e-04 4.373702395241707563e-04 6.449223146773874760e-04 7.012654095888137817e-02 1.999805681407451630e-03
7.000000000000000000e+01 2.702373312786221504e-04 4.075848555658012629e-04 2.702373312786221504e-04 4.075848555658012629e-04 6.901861727237701416e-02 1.937115448527038097e-03
8.000000000000000000e+01 1.701942819636315107e-04 2.585183538030833006e-04 1.701942819636315107e-04 2.585183538030833006e-04 6.382946670055389404e-02 1.656781998462975025e-03
9.000000000000000000e+01 1.136538558057509363e-04 1.616555091459304094e-04 1.136538558057509363e-04 1.616555091459304094e-04 5.931469798088073730e-02 1.430696924217045307e-03
1.000000000000000000e+02 7.897787872934713960e-05 1.022690412355586886e-04 7.897787872934713960e-05 1.022690412355586886e-04 5.699690058827400208e-02 1.321068732067942619e-03
1.100000000000000000e+02 4.930475188302807510e-05 6.184594531077891588e-05 4.930475188302807510e-05 6.184594531077891588e-05 5.490298569202423096e-02 1.225786749273538589e-03
1.200000000000000000e+02 3.511713293846696615e-05 3.790687333093956113e-05 3.511713293846696615e-05 3.790687333093956113e-05 5.599056556820869446e-02 1.274831127375364304e-03
1.300000000000000000e+02 2.728784238570369780e-05 2.755734021775424480e-05 2.728784238570369780e-05 2.755734021775424480e-05 5.541506782174110413e-02 1.248759101144969463e-03
1.400000000000000000e+02 2.725431113503873348e-05 3.074459164054132998e-05 2.725431113503873348e-05 3.074459164054132998e-05 5.604230239987373352e-02 1.277188071981072426e-03
1.500000000000000000e+02 4.703061858890578151e-05 1.508352215751074255e-05 4.703061858890578151e-05 1.508352215751074255e-05 5.531112477183341980e-02 1.244079088792204857e-03
1.600000000000000000e+02 3.918514630640856922e-05 1.011270069284364581e-04 3.918514630640856922e-05 1.011270069284364581e-04 5.947743356227874756e-02 1.438558101654052734e-03
1.700000000000000000e+02 2.863362351490650326e-05 1.231095484399702400e-05 2.863362351490650326e-05 1.231095484399702400e-05 5.610456690192222595e-02 1.280027790926396847e-03
1.800000000000000000e+02 1.894263004942331463e-05 2.468130151100922376e-05 1.894263004942331463e-05 2.468130151100922376e-05 5.702235177159309387e-02 1.322248834185302258e-03
1.900000000000000000e+02 2.781375405902508646e-05 8.673431693750899285e-06 2.781375405902508646e-05 8.673431693750899285e-06 5.666924268007278442e-02 1.305923564359545708e-03
2.000000000000000000e+02 5.030582906329073012e-05 2.300008782185614109e-04 5.030582906329073012e-05 2.300008782185614109e-04 6.204420700669288635e-02 1.565400278195738792e-03
2.100000000000000000e+02 3.128073149127885699e-05 7.813218689989298582e-05 3.128073149127885699e-05 7.813218689989298582e-05 5.782655626535415649e-02 1.359808258712291718e-03
2.200000000000000000e+02 2.586682785477023572e-05 9.405883247382007539e-06 2.586682785477023572e-05 9.405883247382007539e-06 5.460273846983909607e-02 1.212416333146393299e-03
2.300000000000000000e+02 2.160517942684236914e-05 9.415422027814202011e-06 2.160517942684236914e-05 9.415422027814202011e-06 5.468536913394927979e-02 1.216088654473423958e-03
2.400000000000000000e+02 3.331720654387027025e-05 5.523239451576955616e-06 3.331720654387027025e-05 5.523239451576955616e-06 5.568223819136619568e-02 1.260829507373273373e-03
2.500000000000000000e+02 1.467152014811290428e-05 8.845993761497084051e-06 1.467152014811290428e-05 8.845993761497084051e-06 5.510074272751808167e-02 1.234633033163845539e-03
2.600000000000000000e+02 2.571981531218625605e-05 7.869862201914656907e-06 2.571981531218625605e-05 7.869862201914656907e-06 5.415914207696914673e-02 1.192796858958899975e-03
2.700000000000000000e+02 1.490614613430807367e-05 5.393403625930659473e-06 1.490614613430807367e-05 5.393403625930659473e-06 5.463335290551185608e-02 1.213776413351297379e-03
2.800000000000000000e+02 1.631860868656076491e-05 7.293169619515538216e-05 1.631860868656076491e-05 7.293169619515538216e-05 5.618538707494735718e-02 1.283718156628310680e-03
2.900000000000000000e+02 1.371966391161549836e-05 5.692556442227214575e-06 1.371966391161549836e-05 5.692556442227214575e-06 5.397910252213478088e-02 1.184879685752093792e-03
3.000000000000000000e+02 1.947163036675192416e-05 3.267508873250335455e-05 1.947163036675192416e-05 3.267508873250335455e-05 5.451139435172080994e-02 1.208363450132310390e-03
3.100000000000000000e+02 1.394906848872778937e-05 4.123866165173240006e-05 1.394906848872778937e-05 4.123866165173240006e-05 5.296458676457405090e-02 1.140759792178869247e-03
3.200000000000000000e+02 1.618532769498415291e-05 2.309632145625073463e-05 1.618532769498415291e-05 2.309632145625073463e-05 5.376897752285003662e-02 1.175673212856054306e-03
3.300000000000000000e+02 1.410951335856225342e-05 5.932573549216613173e-05 1.410951335856225342e-05 5.932573549216613173e-05 5.459813401103019714e-02 1.212211907841265202e-03
3.400000000000000000e+02 1.476073975936742499e-05 3.062102405237965286e-05 1.476073975936742499e-05 3.062102405237965286e-05 5.197726190090179443e-02 1.098625711165368557e-03
3.500000000000000000e+02 1.170747054857201874e-05 3.159348852932453156e-05 1.170747054857201874e-05 3.159348852932453156e-05 5.367419496178627014e-02 1.171531621366739273e-03
3.600000000000000000e+02 3.339148679515346885e-05 2.519402478355914354e-04 3.339148679515346885e-05 2.519402478355914354e-04 5.945201590657234192e-02 1.437328872270882130e-03
3.700000000000000000e+02 1.841443372541107237e-05 9.427647455595433712e-05 1.841443372541107237e-05 9.427647455595433712e-05 5.281535163521766663e-02 1.134340069256722927e-03
3.800000000000000000e+02 1.635525222809519619e-05 4.921212166664190590e-05 1.635525222809519619e-05 4.921212166664190590e-05 5.409716442227363586e-02 1.190068549476563931e-03
3.900000000000000000e+02 5.134618731972295791e-06 2.286395101691596210e-06 5.134618731972295791e-06 2.286395101691596210e-06 5.184297263622283936e-02 1.092956168577075005e-03
4.000000000000000000e+02 7.934803761600051075e-06 1.821011892388924025e-06 7.934803761600051075e-06 1.821011892388924025e-06 5.237440019845962524e-02 1.115477993153035641e-03
4.100000000000000000e+02 9.092884283745661378e-06 1.260178009943047073e-06 9.092884283745661378e-06 1.260178009943047073e-06 5.239506438374519348e-02 1.116358675062656403e-03
4.200000000000000000e+02 2.753796434262767434e-05 2.412606845609843731e-04 2.753796434262767434e-05 2.412606845609843731e-04 5.934592336416244507e-02 1.432203571312129498e-03
4.300000000000000000e+02 7.583082333439961076e-05 5.336409085430204868e-04 7.583082333439961076e-05 5.336409085430204868e-04 6.231220811605453491e-02 1.578953233547508717e-03
4.400000000000000000e+02 3.563422797014936805e-05 1.421881315764039755e-04 3.563422797014936805e-05 1.421881315764039755e-04 5.414178594946861267e-02 1.192032592371106148e-03
4.500000000000000000e+02 1.093417722586309537e-05 1.232436989084817469e-05 1.093417722586309537e-05 1.232436989084817469e-05 5.357689782977104187e-02 1.167288050055503845e-03
4.600000000000000000e+02 1.591331965755671263e-05 3.790794653468765318e-05 1.591331965755671263e-05 3.790794653468765318e-05 5.554978176951408386e-02 1.254838192835450172e-03
4.700000000000000000e+02 1.398739641444990411e-05 1.824847640818916261e-05 1.398739641444990411e-05 1.824847640818916261e-05 5.416788533329963684e-02 1.193182193674147129e-03
4.800000000000000000e+02 8.061554581217933446e-06 1.070522012014407665e-05 8.061554581217933446e-06 1.070522012014407665e-05 5.367904528975486755e-02 1.171743148006498814e-03
4.900000000000000000e+02 7.736047336948104203e-06 1.370563222735654563e-05 7.736047336948104203e-06 1.370563222735654563e-05 5.348764732480049133e-02 1.163402223028242588e-03
5.000000000000000000e+02 5.700948349840473384e-06 3.575005393940955400e-06 5.700948349840473384e-06 3.575005393940955400e-06 5.329989269375801086e-02 1.155248959548771381e-03
5.100000000000000000e+02 3.405146117074764334e-06 3.979523171437904239e-06 3.405146117074764334e-06 3.979523171437904239e-06 5.274109914898872375e-02 1.131152966991066933e-03
5.200000000000000000e+02 2.980376848427113146e-06 4.002634796052007005e-06 2.980376848427113146e-06 4.002634796052007005e-06 5.322203412652015686e-02 1.151876407675445080e-03
5.300000000000000000e+02 5.460764441522769630e-06 1.316004045293084346e-06 5.460764441522769630e-06 1.316004045293084346e-06 5.271834880113601685e-02 1.130177290178835392e-03
5.400000000000000000e+02 3.741448608707287349e-06 5.745161502090923022e-07 3.741448608707287349e-06 5.745161502090923022e-07 5.271562933921813965e-02 1.130060525611042976e-03
5.500000000000000000e+02 3.536250460456358269e-06 8.382822898056474514e-07 3.536250460456358269e-06 8.382822898056474514e-07 5.285265296697616577e-02 1.135942991822957993e-03
5.600000000000000000e+02 4.916813395539065823e-06 5.749845968239242211e-06 4.916813395539065823e-06 5.749845968239242211e-06 5.224095657467842102e-02 1.109801349230110645e-03
5.700000000000000000e+02 8.248753147199749947e-06 3.212946103303693235e-05 8.248753147199749947e-06 3.212946103303693235e-05 5.268267914652824402e-02 1.128648407757282257e-03
5.800000000000000000e+02 3.826184183708392084e-05 2.984932216349989176e-04 3.826184183708392084e-05 2.984932216349989176e-04 5.703203380107879639e-02 1.322697964496910572e-03
5.900000000000000000e+02 1.824653372750617564e-05 1.962665264727547765e-04 1.824653372750617564e-05 1.962665264727547765e-04 6.009770184755325317e-02 1.468718866817653179e-03
6.000000000000000000e+02 1.203335432364838198e-05 5.756452810601331294e-05 1.203335432364838198e-05 5.756452810601331294e-05 5.320737138390541077e-02 1.151241711340844631e-03
6.100000000000000000e+02 7.017059033387340605e-06 1.382665595883736387e-05 7.017059033387340605e-06 1.382665595883736387e-05 5.172776058316230774e-02 1.088103512302041054e-03
6.200000000000000000e+02 7.157078925956739113e-06 2.713437061174772680e-05 7.157078925956739113e-06 2.713437061174772680e-05 5.331537127494812012e-02 1.155919977463781834e-03
6.300000000000000000e+02 1.055431312124710530e-05 5.158415206096833572e-06 1.055431312124710530e-05 5.158415206096833572e-06 5.160201713442802429e-02 1.082820002920925617e-03
6.400000000000000000e+02 4.177145910944091156e-06 1.231014630320714787e-05 4.177145910944091156e-06 1.231014630320714787e-05 5.269038677215576172e-02 1.128978678025305271e-03
6.500000000000000000e+02 5.059987870481563732e-06 1.538521610200405121e-05 5.059987870481563732e-06 1.538521610200405121e-05 5.268202349543571472e-02 1.128620351664721966e-03
6.600000000000000000e+02 4.463533514353912324e-06 2.675672112673055381e-05 4.463533514353912324e-06 2.675672112673055381e-05 5.341459810733795166e-02 1.160226645879447460e-03
6.700000000000000000e+02 7.969839316501747817e-06 8.284182695206254721e-05 7.969839316501747817e-06 8.284182695206254721e-05 5.526758357882499695e-02 1.242121099494397640e-03
6.800000000000000000e+02 2.443178891553543508e-05 2.433994377497583628e-04 2.443178891553543508e-05 2.433994377497583628e-04 5.958730354905128479e-02 1.443877816200256348e-03
6.900000000000000000e+02 1.360684746032347903e-05 1.356668799417093396e-04 1.360684746032347903e-05 1.356668799417093396e-04 5.298082157969474792e-02 1.141459099017083645e-03
7.000000000000000000e+02 8.177985364454798400e-06 6.013513484504073858e-05 8.177985364454798400e-06 6.013513484504073858e-05 5.440788716077804565e-02 1.203778781928122044e-03
7.100000000000000000e+02 5.993148079141974449e-06 3.032404129044152796e-05 5.993148079141974449e-06 3.032404129044152796e-05 5.114156752824783325e-02 1.063582138158380985e-03
7.200000000000000000e+02 5.228696409176336601e-06 1.200251290356391110e-06 5.228696409176336601e-06 1.200251290356391110e-06 5.152012035250663757e-02 1.079385867342352867e-03
7.300000000000000000e+02 4.657791578210890293e-06 2.478261376381851733e-05 4.657791578210890293e-06 2.478261376381851733e-05 5.296108871698379517e-02 1.140608917921781540e-03
7.400000000000000000e+02 1.572520523041021079e-05 1.708176132524386048e-04 1.572520523041021079e-05 1.708176132524386048e-04 5.732478201389312744e-02 1.336311572231352329e-03
7.500000000000000000e+02 3.243197852498269640e-06 6.397351626219460741e-06 3.243197852498269640e-06 6.397351626219460741e-06 5.224204063415527344e-02 1.109847333282232285e-03
7.600000000000000000e+02 5.216496447246754542e-06 1.594036439200863242e-05 5.216496447246754542e-06 1.594036439200863242e-05 5.152701959013938904e-02 1.079674810171127319e-03
7.700000000000000000e+02 2.847844143616384827e-06 1.867509308794979006e-05 2.847844143616384827e-06 1.867509308794979006e-05 5.270148813724517822e-02 1.129454467445611954e-03
7.800000000000000000e+02 1.160333795269252732e-06 1.676897340985306073e-06 1.160333795269252732e-06 1.676897340985306073e-06 5.136649683117866516e-02 1.072958228178322315e-03
7.900000000000000000e+02 5.018398951506242156e-06 2.905715155065990984e-05 5.018398951506242156e-06 2.905715155065990984e-05 5.098747089505195618e-02 1.057182322256267071e-03
8.000000000000000000e+02 2.083499794025556184e-06 2.192165084125008434e-06 2.083499794025556184e-06 2.192165084125008434e-06 5.109623074531555176e-02 1.061697257682681084e-03
8.100000000000000000e+02 2.315608253411483020e-05 2.331758296350017190e-04 2.315608253411483020e-05 2.331758296350017190e-04 5.421509966254234314e-02 1.195263001136481762e-03
8.200000000000000000e+02 1.245647217729128897e-05 9.573574061505496502e-05 1.245647217729128897e-05 9.573574061505496502e-05 5.545354634523391724e-02 1.250493922270834446e-03
8.300000000000000000e+02 1.325008452113252133e-05 1.332430474576540291e-05 1.325008452113252133e-05 1.332430474576540291e-05 5.155910179018974304e-02 1.081019872799515724e-03
8.400000000000000000e+02 1.423936646460788324e-05 1.079943012882722542e-05 1.423936646460788324e-05 1.079943012882722542e-05 5.171885713934898376e-02 1.087729004211723804e-03
8.500000000000000000e+02 8.723630344320554286e-06 1.203675583383301273e-05 8.723630344320554286e-06 1.203675583383301273e-05 5.170170590281486511e-02 1.087007811293005943e-03
8.600000000000000000e+02 7.395349712169263512e-06 7.260664460773114115e-06 7.395349712169263512e-06 7.260664460773114115e-06 5.112682655453681946e-02 1.062969211488962173e-03
8.700000000000000000e+02 6.731472694809781387e-06 2.099359562635072507e-06 6.731472694809781387e-06 2.099359562635072507e-06 5.120098963379859924e-02 1.066055148839950562e-03
8.800000000000000000e+02 6.613401183130918071e-06 2.204035581598873250e-06 6.613401183130918071e-06 2.204035581598873250e-06 5.134303122758865356e-02 1.071978243999183178e-03
8.900000000000000000e+02 9.394965672981925309e-06 5.160756700206547976e-06 9.394965672981925309e-06 5.160756700206547976e-06 5.090326443314552307e-02 1.053693238645792007e-03
9.000000000000000000e+02 1.421296747139422223e-05 2.752538875938626006e-06 1.421296747139422223e-05 2.752538875938626006e-06 5.093811079859733582e-02 1.055136672221124172e-03
9.100000000000000000e+02 1.858559335232712328e-05 1.353534389636479318e-05 1.858559335232712328e-05 1.353534389636479318e-05 5.216908827424049377e-02 1.106749754399061203e-03
9.200000000000000000e+02 1.959932706085965037e-05 1.499432109994813800e-04 1.959932706085965037e-05 1.499432109994813800e-04 5.687542259693145752e-02 1.315443660132586956e-03
9.300000000000000000e+02 1.424785750714363530e-05 2.689358370844274759e-05 1.424785750714363530e-05 2.689358370844274759e-05 5.195343121886253357e-02 1.097618369385600090e-03
9.400000000000000000e+02 8.670344868733081967e-06 3.832123638858320192e-06 8.670344868733081967e-06 3.832123638858320192e-06 5.235231295228004456e-02 1.114537590183317661e-03
9.500000000000000000e+02 5.495252480613999069e-06 2.310069248778745532e-06 5.495252480613999069e-06 2.310069248778745532e-06 5.252515152096748352e-02 1.121909008361399174e-03
9.600000000000000000e+02 1.088182852981844917e-05 1.600951009095297195e-06 1.088182852981844917e-05 1.600951009095297195e-06 5.302624776959419250e-02 1.143417321145534515e-03
9.700000000000000000e+02 2.160697476938366890e-05 1.852898276410996914e-04 2.160697476938366890e-05 1.852898276410996914e-04 5.927808210253715515e-02 1.428930787369608879e-03
9.800000000000000000e+02 7.933207962196320295e-05 5.652524996548891068e-04 7.933207962196320295e-05 5.652524996548891068e-04 6.131626665592193604e-02 1.528883236460387707e-03
9.900000000000000000e+02 7.805066707078367472e-05 3.656764456536620855e-04 7.805066707078367472e-05 3.656764456536620855e-04 5.804934725165367126e-02 1.370306359604001045e-03
1.000000000000000000e+03 4.392335904412902892e-05 1.654393781791441143e-05 4.392335904412902892e-05 1.654393781791441143e-05 5.481784418225288391e-02 1.221987768076360226e-03
1.010000000000000000e+03 4.941900988342240453e-05 6.703108374495059252e-05 4.941900988342240453e-05 6.703108374495059252e-05 5.951397866010665894e-02 1.440326333977282047e-03
1.020000000000000000e+03 3.697281135828234255e-05 3.583591023925691843e-05 3.697281135828234255e-05 3.583591023925691843e-05 5.912848934531211853e-02 1.421728054992854595e-03
1.030000000000000000e+03 2.226326614618301392e-05 2.580075124569702893e-05 2.226326614618301392e-05 2.580075124569702893e-05 5.775834992527961731e-02 1.356602064333856106e-03
1.040000000000000000e+03 2.261544614157173783e-05 1.606475052540190518e-05 2.261544614157173783e-05 1.606475052540190518e-05 5.654371902346611023e-02 1.300144940614700317e-03
1.050000000000000000e+03 2.019614476012066007e-05 1.170422456198139116e-05 2.019614476012066007e-05 1.170422456198139116e-05 5.551055073738098145e-02 1.253066235221922398e-03
1.060000000000000000e+03 1.683971640886738896e-05 6.081641913624480367e-06 1.683971640886738896e-05 6.081641913624480367e-06 5.642278492450714111e-02 1.294589135795831680e-03
1.070000000000000000e+03 2.758182017714716494e-05 6.150790795800276101e-06 2.758182017714716494e-05 6.150790795800276101e-06 5.653034150600433350e-02 1.299529685638844967e-03
1.080000000000000000e+03 1.050179707817733288e-05 6.184527592267841101e-06 1.050179707817733288e-05 6.184527592267841101e-06 5.460271611809730530e-02 1.212415401823818684e-03
1.090000000000000000e+03 1.228089604410342872e-05 1.304575289395870641e-05 1.228089604410342872e-05 1.304575289395870641e-05 5.656612291932106018e-02 1.301175216212868690e-03
1.100000000000000000e+03 8.223384611483197659e-06 3.148567657262901776e-06 8.223384611483197659e-06 3.148567657262901776e-06 5.554514378309249878e-02 1.254628528840839863e-03
1.110000000000000000e+03 2.551500801928341389e-05 4.676100797951221466e-05 2.551500801928341389e-05 4.676100797951221466e-05 5.465633049607276917e-02 1.214797259308397770e-03
1.120000000000000000e+03 1.174721637653419748e-05 4.890827403869479895e-05 1.174721637653419748e-05 4.890827403869479895e-05 5.389072373509407043e-02 1.181002939119935036e-03
1.130000000000000000e+03 1.596152287675067782e-05 1.577422335685696453e-05 1.596152287675067782e-05 1.577422335685696453e-05 5.495988205075263977e-02 1.228328561410307884e-03
1.140000000000000000e+03 2.000390486500691622e-05 2.446369035169482231e-05 2.000390486500691622e-05 2.446369035169482231e-05 5.574583262205123901e-02 1.263711019419133663e-03
1.150000000000000000e+03 1.043308020598487929e-05 5.040012911194935441e-05 1.043308020598487929e-05 5.040012911194935441e-05 5.590828880667686462e-02 1.271086977794766426e-03
1.160000000000000000e+03 2.990946086356416345e-05 2.137028059223666787e-04 2.990946086356416345e-05 2.137028059223666787e-04 6.040262430906295776e-02 1.483660656958818436e-03
1.170000000000000000e+03 3.044544610020238906e-05 5.864500417374074459e-05 3.044544610020238906e-05 5.864500417374074459e-05 5.490229651331901550e-02 1.225755782797932625e-03
1.180000000000000000e+03 1.908414014906156808e-05 9.333502930530812591e-06 1.908414014906156808e-05 9.333502930530812591e-06 5.503646656870841980e-02 1.231754082255065441e-03
1.190000000000000000e+03 1.552708454255480319e-05 6.867505362606607378e-06 1.552708454255480319e-05 6.867505362606607378e-06 5.640837550163269043e-02 1.293927896767854691e-03
1.200000000000000000e+03 1.882477772596757859e-05 1.885349774966016412e-05 1.882477772596757859e-05 1.885349774966016412e-05 5.688900500535964966e-02 1.316071720793843269e-03
1.210000000000000000e+03 6.525577191496267915e-05 6.674191681668162346e-04 6.525577191496267915e-05 6.674191681668162346e-04 6.674455851316452026e-02 1.811568392440676689e-03
1.220000000000000000e+03 2.611873060232028365e-05 5.439417873276397586e-05 2.611873060232028365e-05 5.439417873276397586e-05 5.895286053419113159e-02 1.413294696249067783e-03
1.230000000000000000e+03 3.105969517491757870e-05 6.006993862683884799e-05 3.105969517491757870e-05 6.006993862683884799e-05 5.999555066227912903e-02 1.463730353862047195e-03
1.240000000000000000e+03 1.748219256114680320e-05 4.064990935148671269e-05 1.748219256114680320e-05 4.064990935148671269e-05 6.010719016194343567e-02 1.469182549044489861e-03
1.250000000000000000e+03 1.086547217710176483e-05 3.141475417578476481e-06 1.086547217710176483e-05 3.141475417578476481e-06 5.809164792299270630e-02 1.372304279357194901e-03
1.260000000000000000e+03 6.834892246843082830e-06 2.021788077399833128e-06 6.834892246843082830e-06 2.021788077399833128e-06 5.779205262660980225e-02 1.358186011202633381e-03
1.270000000000000000e+03 7.098755759216146544e-06 1.824252990445529576e-06 7.098755759216146544e-06 1.824252990445529576e-06 5.789382010698318481e-02 1.362973242066800594e-03
1.280000000000000000e+03 6.058052804291946813e-06 2.161153588531306013e-06 6.058052804291946813e-06 2.161153588531306013e-06 5.739211663603782654e-02 1.339452923275530338e-03
1.290000000000000000e+03 3.068773366976529360e-06 1.520299406365666073e-06 3.068773366976529360e-06 1.520299406365666073e-06 5.661542341113090515e-02 1.303444500081241131e-03
1.300000000000000000e+03 3.230454012737027369e-06 3.375655296622426249e-06 3.230454012737027369e-06 3.375655296622426249e-06 5.633469671010971069e-02 1.290550106205046177e-03
1.310000000000000000e+03 1.661489136495220009e-06 5.345974614101578481e-07 1.661489136495220009e-06 5.345974614101578481e-07 5.631970241665840149e-02 1.289863139390945435e-03
1.320000000000000000e+03 3.146751396343461238e-06 4.006907602160936221e-06 3.146751396343461238e-06 4.006907602160936221e-06 5.652044713497161865e-02 1.299074734561145306e-03
1.330000000000000000e+03 4.434399306774139404e-05 5.833208560943603516e-04 4.434399306774139404e-05 5.833208560943603516e-04 7.047069072723388672e-02 2.019482199102640152e-03
1.340000000000000000e+03 9.048746505868621171e-06 7.963860116433352232e-05 9.048746505868621171e-06 7.963860116433352232e-05 5.719329789280891418e-02 1.330188591964542866e-03
1.350000000000000000e+03 1.505248656030744314e-05 5.227999645285308361e-05 1.505248656030744314e-05 5.227999645285308361e-05 5.756000056862831116e-02 1.347300829365849495e-03
1.360000000000000000e+03 6.963434771023457870e-06 2.310909849256859161e-06 6.963434771023457870e-06 2.310909849256859161e-06 5.684439465403556824e-02 1.314008724875748158e-03
1.370000000000000000e+03 2.506906093913130462e-05 1.764431726769544184e-05 2.506906093913130462e-05 1.764431726769544184e-05 5.829467624425888062e-02 1.381913083605468273e-03
1.380000000000000000e+03 1.086504653358133510e-05 8.698199962964281440e-06 1.086504653358133510e-05 8.698199962964281440e-06 5.745550617575645447e-02 1.342413364909589291e-03
1.390000000000000000e+03 3.673067567433463410e-06 3.376078666406101547e-06 3.673067567433463410e-06 3.376078666406101547e-06 5.717461556196212769e-02 1.329319900833070278e-03
1.400000000000000000e+03 3.247885842938558199e-06 7.546661890955874696e-06 3.247885842938558199e-06 7.546661890955874696e-06 5.732637643814086914e-02 1.336385961621999741e-03
1.410000000000000000e+03 3.474035338513203897e-06 1.520523142062302213e-06 3.474035338513203897e-06 1.520523142062302213e-06 5.683963373303413391e-02 1.313788583502173424e-03
1.420000000000000000e+03 4.067782356287352741e-06 2.196732111769961193e-06 4.067782356287352741e-06 2.196732111769961193e-06 5.654212832450866699e-02 1.300071482546627522e-03
1.430000000000000000e+03 3.742886974578141235e-06 1.063490913111309055e-06 3.742886974578141235e-06 1.063490913111309055e-06 5.734207108616828918e-02 1.337117981165647507e-03
1.440000000000000000e+03 3.074360847676871344e-06 1.592625949342618696e-06 3.074360847676871344e-06 1.592625949342618696e-06 5.755117163062095642e-02 1.346887205727398396e-03
1.450000000000000000e+03 9.908286301651969552e-06 8.919924584915861487e-05 9.908286301651969552e-06 8.919924584915861487e-05 6.033147498965263367e-02 1.480167382396757603e-03
1.460000000000000000e+03 1.651477396080736071e-05 2.796369335555937141e-05 1.651477396080736071e-05 2.796369335555937141e-05 5.822805687785148621e-02 1.378756132908165455e-03
1.470000000000000000e+03 2.074587064271327108e-05 1.064207390299998224e-04 2.074587064271327108e-05 1.064207390299998224e-04 6.102817878127098083e-02 1.514550531283020973e-03
1.480000000000000000e+03 1.284532481804490089e-05 4.755900226882658899e-05 1.284532481804490089e-05 4.755900226882658899e-05 6.023930758237838745e-02 1.475648256018757820e-03
1.490000000000000000e+03 1.164127388619817793e-05 3.207979898434132338e-05 1.164127388619817793e-05 3.207979898434132338e-05 5.974281951785087585e-02 1.451424206607043743e-03
1.500000000000000000e+03 1.034260549204191193e-05 9.103132470045238733e-06 1.034260549204191193e-05 9.103132470045238733e-06 5.833016708493232727e-02 1.383596216328442097e-03
1.510000000000000000e+03 1.304097077081678435e-05 5.338365554052870721e-06 1.304097077081678435e-05 5.338365554052870721e-06 5.789421126246452332e-02 1.362991984933614731e-03
1.520000000000000000e+03 6.116454642324242741e-06 8.784400051808916032e-06 6.116454642324242741e-06 8.784400051808916032e-06 5.708895623683929443e-02 1.325339428149163723e-03
1.530000000000000000e+03 8.526921192242298275e-06 2.704141252252156846e-06 8.526921192242298275e-06 2.704141252252156846e-06 5.774284526705741882e-02 1.355873886495828629e-03
1.540000000000000000e+03 6.930082690814742818e-06 1.591979980730684474e-06 6.930082690814742818e-06 1.591979980730684474e-06 5.800319463014602661e-02 1.368128112517297268e-03
1.550000000000000000e+03 4.345375600678380579e-06 1.281695494981249794e-05 4.345375600678380579e-06 1.281695494981249794e-05 5.791727825999259949e-02 1.364078139886260033e-03
1.560000000000000000e+03 3.231497203159960918e-06 9.695407243270892650e-06 3.231497203159960918e-06 9.695407243270892650e-06 5.867634713649749756e-02 1.400067820213735104e-03
1.570000000000000000e+03 3.644751132014789619e-06 1.191717456094920635e-05 3.644751132014789619e-06 1.191717456094920635e-05 5.899619683623313904e-02 1.415373291820287704e-03
1.580000000000000000e+03 3.791263452512794174e-06 2.069733818643726408e-05 3.791263452512794174e-06 2.069733818643726408e-05 5.951445177197456360e-02 1.440349267795681953e-03
1.590000000000000000e+03 5.351907930162269622e-06 5.032246917835436761e-05 5.351907930162269622e-06 5.032246917835436761e-05 6.050242483615875244e-02 1.488567446358501911e-03
1.600000000000000000e+03 2.118022166541777551e-06 9.459936336497776210e-06 2.118022166541777551e-06 9.459936336497776210e-06 5.829937383532524109e-02 1.382135902531445026e-03
1.610000000000000000e+03 2.497453124306048267e-06 6.912619937793351710e-06 2.497453124306048267e-06 6.912619937793351710e-06 5.805812031030654907e-02 1.370720681734383106e-03
1.620000000000000000e+03 2.402100108156446368e-06 2.200903145421762019e-05 2.402100108156446368e-06 2.200903145421762019e-05 5.821327865123748779e-02 1.378056942485272884e-03
1.630000000000000000e+03 2.659675601535127498e-06 1.518530734756495804e-05 2.659675601535127498e-06 1.518530734756495804e-05 5.788302421569824219e-02 1.362464972771704197e-03
1.640000000000000000e+03 1.305803721152187791e-06 7.176542567322030663e-06 1.305803721152187791e-06 7.176542567322030663e-06 5.810629948973655701e-02 1.372996252030134201e-03
1.650000000000000000e+03 4.089924914296716452e-06 3.853991802316159010e-05 4.089924914296716452e-06 3.853991802316159010e-05 5.828977748751640320e-02 1.381680835038423538e-03
1.660000000000000000e+03 1.294717640121234581e-05 1.525571424281224608e-04 1.294717640121234581e-05 1.525571424281224608e-04 5.963378027081489563e-02 1.446131034754216671e-03
1.670000000000000000e+03 1.586923985996691044e-06 5.292224045660987031e-07 1.586923985996691044e-06 5.292224045660987031e-07 5.808603391051292419e-02 1.372038852423429489e-03
1.680000000000000000e+03 2.994153192048543133e-06 1.676807551120873541e-05 2.994153192048543133e-06 1.676807551120873541e-05 5.907293781638145447e-02 1.419057720340788364e-03
1.690000000000000000e+03 1.288815042244095821e-06 8.826163139019627124e-06 1.288815042244095821e-06 8.826163139019627124e-06 5.807833373546600342e-02 1.371674938127398491e-03
1.700000000000000000e+03 8.057616582846094389e-07 2.952461386485083494e-07 8.057616582846094389e-07 2.952461386485083494e-07 5.815973132848739624e-02 1.375522464513778687e-03
1.710000000000000000e+03 1.148247406490554567e-06 6.013370239088544622e-06 1.148247406490554567e-06 6.013370239088544622e-06 5.856489762663841248e-02 1.394754392094910145e-03
1.720000000000000000e+03 8.041353112275828607e-07 3.577814140953705646e-06 8.041353112275828607e-07 3.577814140953705646e-06 5.789720267057418823e-02 1.363132731057703495e-03
1.730000000000000000e+03 1.056472865457180887e-05 1.198227255372330546e-04 1.056472865457180887e-05 1.198227255372330546e-04 5.929350480437278748e-02 1.429674564860761166e-03
1.740000000000000000e+03 1.506761418568203226e-05 1.533986651338636875e-04 1.506761418568203226e-05 1.533986651338636875e-04 5.964187160134315491e-02 1.446523354388773441e-03
1.750000000000000000e+03 8.915275429899338633e-06 2.522011163819115609e-05 8.915275429899338633e-06 2.522011163819115609e-05 5.783309414982795715e-02 1.360115478746592999e-03
1.760000000000000000e+03 6.253902029129676521e-06 5.249501191428862512e-05 6.253902029129676521e-06 5.249501191428862512e-05 5.982077494263648987e-02 1.455214456655085087e-03
1.770000000000000000e+03 1.583351377121289261e-06 5.618272552965208888e-06 1.583351377121289261e-06 5.618272552965208888e-06 5.821914598345756531e-02 1.378334476612508297e-03
1.780000000000000000e+03 2.836892008417635225e-06 1.168250946648186073e-05 2.836892008417635225e-06 1.168250946648186073e-05 5.783573910593986511e-02 1.360239926725625992e-03
1.790000000000000000e+03 8.240152737926109694e-07 1.419043883288395591e-06 8.240152737926109694e-07 1.419043883288395591e-06 5.775887146592140198e-02 1.356626744382083416e-03
1.800000000000000000e+03 7.358150355685211252e-07 2.476372173987329006e-07 7.358150355685211252e-07 2.476372173987329006e-07 5.771937221288681030e-02 1.354771899059414864e-03
1.810000000000000000e+03 1.011460767585958820e-06 3.274977018463687273e-07 1.011460767585958820e-06 3.274977018463687273e-07 5.790168792009353638e-02 1.363343792036175728e-03
1.820000000000000000e+03 1.073668045137310401e-06 3.482331010218331357e-07 1.073668045137310401e-06 3.482331010218331357e-07 5.768874287605285645e-02 1.353334402665495872e-03
1.830000000000000000e+03 3.475716425782593433e-07 1.584013347155632800e-07 3.475716425782593433e-07 1.584013347155632800e-07 5.790285393595695496e-02 1.363398856483399868e-03
1.840000000000000000e+03 2.504837368633161532e-07 6.295317120930121746e-07 2.504837368633161532e-07 6.295317120930121746e-07 5.787711963057518005e-02 1.362187322229146957e-03
1.850000000000000000e+03 1.908158395735881641e-07 1.416870105686030001e-07 1.908158395735881641e-07 1.416870105686030001e-07 5.789401754736900330e-02 1.362982671707868576e-03
1.860000000000000000e+03 1.560611053719185293e-06 1.782468279998283833e-05 1.560611053719185293e-06 1.782468279998283833e-05 5.874448269605636597e-02 1.403321279212832451e-03
1.870000000000000000e+03 2.195612751165754162e-06 2.639788726810365915e-05 2.195612751165754162e-06 2.639788726810365915e-05 5.898126214742660522e-02 1.414656639099121094e-03
1.880000000000000000e+03 5.147122124071756843e-07 2.413705487924744375e-06 5.147122124071756843e-07 2.413705487924744375e-06 5.796708166599273682e-02 1.366424956358969212e-03
1.890000000000000000e+03 3.020101758011151105e-06 2.157256494683679193e-05 3.020101758011151105e-06 2.157256494683679193e-05 5.866723135113716125e-02 1.399632659740746021e-03
1.900000000000000000e+03 1.254125709237996489e-05 1.431229466106742620e-04 1.254125709237996489e-05 1.431229466106742620e-04 6.213040277361869812e-02 1.569752930663526058e-03
1.910000000000000000e+03 1.323310607403982431e-05 1.130170712713152170e-04 1.323310607403982431e-05 1.130170712713152170e-04 6.179318949580192566e-02 1.552759436890482903e-03
1.920000000000000000e+03 3.792599727603374049e-06 1.332751821792044211e-06 3.792599727603374049e-06 1.332751821792044211e-06 5.770000070333480835e-02 1.353862462565302849e-03
1.930000000000000000e+03 4.372362127469386905e-06 2.747662256297189742e-05 4.372362127469386905e-06 2.747662256297189742e-05 5.828062817454338074e-02 1.381247071549296379e-03
1.940000000000000000e+03 3.939315774914575741e-06 1.424044421582948416e-05 3.939315774914575741e-06 1.424044421582948416e-05 5.882514640688896179e-02 1.407177885994315147e-03
1.950000000000000000e+03 5.988500106468563899e-06 8.920617801777552813e-06 5.988500106468563899e-06 8.920617801777552813e-06 5.734143778681755066e-02 1.337088295258581638e-03
1.960000000000000000e+03 2.894335693781613372e-06 4.334724508225917816e-06 2.894335693781613372e-06 4.334724508225917816e-06 5.784207209944725037e-02 1.360537833534181118e-03
1.970000000000000000e+03 3.009007059517898597e-06 8.036644771891587880e-07 3.009007059517898597e-06 8.036644771891587880e-07 5.726131051778793335e-02 1.333353924565017223e-03
1.980000000000000000e+03 1.891348802018910646e-06 1.343827989330748096e-06 1.891348802018910646e-06 1.343827989330748096e-06 5.800307542085647583e-02 1.368122408166527748e-03
1.990000000000000000e+03 7.629682272636273410e-07 4.836122684537258465e-07 7.629682272636273410e-07 4.836122684537258465e-07 5.776883661746978760e-02 1.357094501145184040e-03
2.000000000000000000e+03 5.457512202156067360e-07 2.132011331923422404e-07 5.457512202156067360e-07 2.132011331923422404e-07 5.788266286253929138e-02 1.362448092550039291e-03
2.010000000000000000e+03 7.161944495237548836e-07 1.279155071642890107e-06 7.161944495237548836e-07 1.279155071642890107e-06 5.808645859360694885e-02 1.372058875858783722e-03
2.020000000000000000e+03 7.171649940573843196e-07 4.500961097164690727e-07 7.171649940573843196e-07 4.500961097164690727e-07 5.783123522996902466e-02 1.360027934424579144e-03
2.030000000000000000e+03 4.459132924239384010e-06 4.515294858720153570e-05 4.459132924239384010e-06 4.515294858720153570e-05 5.815011635422706604e-02 1.375067862682044506e-03
2.040000000000000000e+03 7.531357550760731101e-05 7.900965865701436996e-04 7.531357550760731101e-05 7.900965865701436996e-04 6.892524659633636475e-02 1.931877341121435165e-03
2.050000000000000000e+03 4.357098441687412560e-05 2.201500610681250691e-04 4.357098441687412560e-05 2.201500610681250691e-04 6.018619611859321594e-02 1.473047537729144096e-03
2.060000000000000000e+03 2.248462988063693047e-05 8.261050970759242773e-05 2.248462988063693047e-05 8.261050970759242773e-05 5.924535170197486877e-02 1.427353592589497566e-03
2.070000000000000000e+03 1.275113027077168226e-05 2.629224400152452290e-05 1.275113027077168226e-05 2.629224400152452290e-05 5.694031342864036560e-02 1.318447175435721874e-03
2.080000000000000000e+03 9.053725079866126180e-06 4.599432486429577693e-06 9.053725079866126180e-06 4.599432486429577693e-06 5.833372101187705994e-02 1.383764785714447498e-03
2.090000000000000000e+03 4.110243025934323668e-06 3.326897058286704123e-06 4.110243025934323668e-06 3.326897058286704123e-06 5.792874842882156372e-02 1.364618539810180664e-03
2.100000000000000000e+03 2.562150939411367290e-06 2.728969775489531457e-06 2.562150939411367290e-06 2.728969775489531457e-06 5.752593278884887695e-02 1.345706288702785969e-03
2.110000000000000000e+03 2.578140538389561698e-06 6.329365760393557139e-07 2.578140538389561698e-06 6.329365760393557139e-07 5.738927051424980164e-02 1.339320093393325806e-03
2.120000000000000000e+03 1.302343321185617242e-06 5.895640242670197040e-07 1.302343321185617242e-06 5.895640242670197040e-07 5.740195885300636292e-02 1.339912298135459423e-03
2.130000000000000000e+03 1.069427753463969566e-06 5.553177402362052817e-07 1.069427753463969566e-06 5.553177402362052817e-07 5.753425136208534241e-02 1.346095465123653412e-03
2.140000000000000000e+03 7.953075282784993760e-07 3.017180745246150764e-07 7.953075282784993760e-07 3.017180745246150764e-07 5.777733400464057922e-02 1.357494038529694080e-03
2.150000000000000000e+03 8.240095326073060278e-07 1.876478989970564726e-07 8.240095326073060278e-07 1.876478989970564726e-07 5.779490992426872253e-02 1.358320238068699837e-03
2.160000000000000000e+03 5.338650339581363369e-07 1.438658898678113474e-07 5.338650339581363369e-07 1.438658898678113474e-07 5.789944529533386230e-02 1.363237970508635044e-03
2.170000000000000000e+03 1.184906182061240543e-06 1.004654350822420383e-07 1.184906182061240543e-06 1.004654350822420383e-07 5.783305317163467407e-02 1.360113616101443768e-03
2.180000000000000000e+03 5.042866177973337471e-07 5.781255936199158896e-07 5.042866177973337471e-07 5.781255936199158896e-07 5.773371458053588867e-02 1.355445128865540028e-03
2.190000000000000000e+03 2.802823644287855132e-07 3.017278515926591353e-07 2.802823644287855132e-07 3.017278515926591353e-07 5.796846002340316772e-02 1.366490148939192295e-03
2.200000000000000000e+03 2.250309734108668636e-07 2.642817094056226779e-07 2.250309734108668636e-07 2.642817094056226779e-07 5.790760740637779236e-02 1.363622490316629410e-03
2.210000000000000000e+03 1.212082452184404247e-07 2.834275960594823118e-07 1.212082452184404247e-07 2.834275960594823118e-07 5.798245221376419067e-02 1.367149758152663708e-03
2.220000000000000000e+03 5.224156325311923865e-07 4.140279088460374624e-06 5.224156325311923865e-07 4.140279088460374624e-06 5.814835429191589355e-02 1.374984392896294594e-03
2.230000000000000000e+03 1.005711851576052140e-06 7.278585485437361058e-07 1.005711851576052140e-06 7.278585485437361058e-07 5.796211585402488708e-02 1.366190845146775246e-03
2.240000000000000000e+03 6.205742693055071868e-07 1.655435312386543956e-06 6.205742693055071868e-07 1.655435312386543956e-06 5.799268558621406555e-02 1.367632416076958179e-03
2.250000000000000000e+03 3.530804519868979696e-07 3.595806390421785181e-07 3.530804519868979696e-07 3.595806390421785181e-07 5.789735540747642517e-02 1.363139948807656765e-03
2.260000000000000000e+03 6.520987199110095389e-07 1.259732016478665173e-07 6.520987199110095389e-07 1.259732016478665173e-07 5.798705294728279114e-02 1.367366639897227287e-03
2.270000000000000000e+03 5.281039534565934446e-07 3.867586144679080462e-07 5.281039534565934446e-07 3.867586144679080462e-07 5.800074711441993713e-02 1.368012512102723122e-03
2.280000000000000000e+03 1.972946250816676184e-07 1.037211987409136782e-07 1.972946250816676184e-07 1.037211987409136782e-07 5.803951621055603027e-02 1.369842328131198883e-03
2.290000000000000000e+03 8.030948265513870865e-06 1.061289876815862954e-04 8.030948265513870865e-06 1.061289876815862954e-04 6.116683036088943481e-02 1.521440106444060802e-03
2.300000000000000000e+03 3.304676647530868649e-05 3.789082984440028667e-04 3.304676647530868649e-05 3.789082984440028667e-04 6.263796240091323853e-02 1.595504931174218655e-03
2.310000000000000000e+03 5.163101013749837875e-05 4.365873755887150764e-04 5.163101013749837875e-05 4.365873755887150764e-04 6.384751945734024048e-02 1.657719374634325504e-03
2.320000000000000000e+03 9.712109203974250704e-06 2.690695328055880964e-05 9.712109203974250704e-06 2.690695328055880964e-05 6.065401807427406311e-02 1.496036071330308914e-03
2.330000000000000000e+03 1.377268745272886008e-05 2.935712836915627122e-05 1.377268745272886008e-05 2.935712836915627122e-05 5.988628417253494263e-02 1.458403537981212139e-03
2.340000000000000000e+03 1.243006317963590845e-05 1.416847044310998172e-05 1.243006317963590845e-05 1.416847044310998172e-05 5.892269313335418701e-02 1.411848585121333599e-03
2.350000000000000000e+03 1.287301620322978124e-05 1.543979669804684818e-05 1.287301620322978124e-05 1.543979669804684818e-05 5.998512730002403259e-02 1.463221851736307144e-03
2.360000000000000000e+03 1.293057903239969164e-05 1.299912764807231724e-05 1.293057903239969164e-05 1.299912764807231724e-05 5.933690816164016724e-02 1.431768294423818588e-03
2.370000000000000000e+03 8.514264663972426206e-06 4.526640623225830495e-06 8.514264663972426206e-06 4.526640623225830495e-06 5.861957371234893799e-02 1.397359766997396946e-03
2.380000000000000000e+03 6.078285423427587375e-06 2.509902060410240665e-06 6.078285423427587375e-06 2.509902060410240665e-06 5.968464538455009460e-02 1.448599039576947689e-03
2.390000000000000000e+03 2.133255975422798656e-06 1.995500042539788410e-06 2.133255975422798656e-06 1.995500042539788410e-06 5.984098091721534729e-02 1.456197584047913551e-03
2.400000000000000000e+03 1.221874526891042478e-06 9.331469641438161489e-07 1.221874526891042478e-06 9.331469641438161489e-07 5.941472202539443970e-02 1.435526064597070217e-03
2.410000000000000000e+03 1.124051209444587585e-06 3.879328289713157574e-07 1.124051209444587585e-06 3.879328289713157574e-07 5.996633693575859070e-02 1.462305081076920033e-03
2.420000000000000000e+03 5.726524818783218507e-07 1.691344237997327582e-07 5.726524818783218507e-07 1.691344237997327582e-07 5.991618707776069641e-02 1.459860126487910748e-03
2.430000000000000000e+03 4.462836500351841096e-07 2.432788335227087373e-07 4.462836500351841096e-07 2.432788335227087373e-07 5.995646119117736816e-02 1.461823820136487484e-03
2.440000000000000000e+03 4.717993817848764593e-07 7.406352153793704929e-08 4.717993817848764593e-07 7.406352153793704929e-08 5.995181947946548462e-02 1.461597159504890442e-03
2.450000000000000000e+03 3.146571430079347920e-07 5.474503836921940092e-07 3.146571430079347920e-07 5.474503836921940092e-07 6.014055386185646057e-02 1.470814109779894352e-03
2.460000000000000000e+03 2.320953598200503620e-07 1.783903087471117033e-07 2.320953598200503620e-07 1.783903087471117033e-07 6.006839498877525330e-02 1.467286492697894573e-03
2.470000000000000000e+03 8.616536888439441100e-07 1.406312577501012129e-07 8.616536888439441100e-07 1.406312577501012129e-07 6.017895415425300598e-02 1.472693053074181080e-03
2.480000000000000000e+03 4.716277715033356799e-07 6.576210864750464680e-08 4.716277715033356799e-07 6.576210864750464680e-08 6.022316589951515198e-02 1.474857679568231106e-03
2.490000000000000000e+03 2.283051344420528039e-06 2.130461069782541017e-07 2.283051344420528039e-06 2.130461069782541017e-07 6.074316799640655518e-02 1.500437152571976185e-03
2.500000000000000000e+03 7.700813853261934128e-07 2.468711102210363606e-07 7.700813853261934128e-07 2.468711102210363606e-07 6.149393692612648010e-02 1.537756528705358505e-03
2.510000000000000000e+03 1.138566972258558962e-06 2.291493359507512650e-07 1.138566972258558962e-06 2.291493359507512650e-07 6.146047264337539673e-02 1.536083291284739971e-03
2.520000000000000000e+03 4.875072136201197281e-06 8.021048643058747984e-07 4.875072136201197281e-06 8.021048643058747984e-07 6.221160665154457092e-02 1.573858899064362049e-03
2.530000000000000000e+03 2.028254812103114091e-06 1.270474740522331558e-06 2.028254812103114091e-06 1.270474740522331558e-06 6.265510618686676025e-02 1.596378628164529800e-03
2.540000000000000000e+03 1.534396801616821904e-06 1.413690029039571527e-06 1.534396801616821904e-06 1.413690029039571527e-06 6.206993386149406433e-02 1.566698658280074596e-03
2.550000000000000000e+03 5.931475243414752185e-06 1.802225369829102419e-06 5.931475243414752185e-06 1.802225369829102419e-06 6.213922798633575439e-02 1.570199034176766872e-03
2.560000000000000000e+03 3.180067324137780815e-06 7.176325198088306934e-06 3.180067324137780815e-06 7.176325198088306934e-06 6.257209926843643188e-02 1.592151238583028316e-03
2.570000000000000000e+03 1.928136498463572934e-06 7.649317922187037766e-06 1.928136498463572934e-06 7.649317922187037766e-06 6.250682473182678223e-02 1.588831422850489616e-03
2.580000000000000000e+03 1.058433213074749801e-06 6.199733206813107245e-07 1.058433213074749801e-06 6.199733206813107245e-07 6.212918087840080261e-02 1.569691346958279610e-03
2.590000000000000000e+03 1.940828951774165034e-06 1.045100702867785003e-06 1.940828951774165034e-06 1.045100702867785003e-06 6.225737184286117554e-02 1.576175214722752571e-03
2.600000000000000000e+03 1.232479121426877100e-06 4.763939784879767103e-07 1.232479121426877100e-06 4.763939784879767103e-07 6.198272481560707092e-02 1.562299323268234730e-03
2.610000000000000000e+03 5.563330887525808066e-06 1.029345366987399757e-05 5.563330887525808066e-06 1.029345366987399757e-05 6.193529069423675537e-02 1.559909200295805931e-03
2.620000000000000000e+03 1.225548567163059488e-05 1.405908551532775164e-04 1.225548567163059488e-05 1.405908551532775164e-04 6.378401070833206177e-02 1.654423307627439499e-03
2.630000000000000000e+03 3.992044184997212142e-06 1.898682603496126831e-05 3.992044184997212142e-06 1.898682603496126831e-05 6.298833340406417847e-02 1.613404136151075363e-03
2.640000000000000000e+03 4.550618541543371975e-06 2.348861198697704822e-05 4.550618541543371975e-06 2.348861198697704822e-05 6.256476789712905884e-02 1.591778593137860298e-03
2.650000000000000000e+03 3.293377631052862853e-06 8.551819519198033959e-06 3.293377631052862853e-06 8.551819519198033959e-06 6.336252391338348389e-02 1.632630475796759129e-03
2.660000000000000000e+03 2.495504986654850654e-06 2.269222932227421552e-06 2.495504986654850654e-06 2.269222932227421552e-06 6.239615753293037415e-02 1.583210541866719723e-03
2.670000000000000000e+03 2.223464662165497430e-06 9.465830430599453393e-07 2.223464662165497430e-06 9.465830430599453393e-07 6.225317344069480896e-02 1.575962756760418415e-03
2.680000000000000000e+03 5.389883881434798241e-06 6.800225946790305898e-06 5.389883881434798241e-06 6.800225946790305898e-06 6.247879937291145325e-02 1.587406848557293415e-03
2.690000000000000000e+03 3.568384499885723926e-06 9.749233868205919862e-06 3.568384499885723926e-06 9.749233868205919862e-06 6.323422491550445557e-02 1.626025186851620674e-03
2.700000000000000000e+03 4.224845724820625037e-06 7.201588232419453561e-06 4.224845724820625037e-06 7.201588232419453561e-06 6.322603672742843628e-02 1.625604229047894478e-03
2.710000000000000000e+03 2.779893520710174926e-06 1.479516072322439868e-06 2.779893520710174926e-06 1.479516072322439868e-06 6.298004090785980225e-02 1.612979453057050705e-03
2.720000000000000000e+03 1.900854385894490406e-06 2.579162583060679026e-06 1.900854385894490406e-06 2.579162583060679026e-06 6.277155131101608276e-02 1.602318021468818188e-03
2.730000000000000000e+03 1.276351099477324169e-06 5.489059276442276314e-06 1.276351099477324169e-06 5.489059276442276314e-06 6.263508647680282593e-02 1.595358480699360371e-03
2.740000000000000000e+03 5.411482106865150854e-06 5.862279431312344968e-05 5.411482106865150854e-06 5.862279431312344968e-05 6.348274648189544678e-02 1.638831570744514465e-03
2.750000000000000000e+03 2.098210825351998210e-05 3.097578301094472408e-04 2.098210825351998210e-05 3.097578301094472408e-04 6.696379929780960083e-02 1.823488855734467506e-03
2.760000000000000000e+03 2.289075746375601739e-05 2.046985027845948935e-04 2.289075746375601739e-05 2.046985027845948935e-04 6.652615219354629517e-02 1.799731864593923092e-03
2.770000000000000000e+03 7.714548701187595725e-06 8.259103196905925870e-05 7.714548701187595725e-06 8.259103196905925870e-05 6.390067934989929199e-02 1.660480746068060398e-03
2.780000000000000000e+03 3.611087322497041896e-06 1.603358759894035757e-05 3.611087322497041896e-06 1.603358759894035757e-05 6.294392794370651245e-02 1.611130195669829845e-03
2.790000000000000000e+03 6.312550794973503798e-06 7.092612122505670413e-06 6.312550794973503798e-06 7.092612122505670413e-06 6.231949850916862488e-02 1.579322502948343754e-03
2.800000000000000000e+03 2.740525360422907397e-06 4.520341462921351194e-06 2.740525360422907397e-06 4.520341462921351194e-06 6.236653402447700500e-02 1.581707154400646687e-03
2.810000000000000000e+03 1.649072146392427385e-06 1.653013782743073534e-06 1.649072146392427385e-06 1.653013782743073534e-06 6.247297674417495728e-02 1.587111153639853001e-03
2.820000000000000000e+03 2.177250053136958741e-06 5.615339659925666638e-07 2.177250053136958741e-06 5.615339659925666638e-07 6.235721707344055176e-02 1.581234973855316639e-03
2.830000000000000000e+03 2.101811560351052321e-06 5.264089395495830104e-07 2.101811560351052321e-06 5.264089395495830104e-07 6.218888610601425171e-02 1.572709530591964722e-03
2.840000000000000000e+03 1.059007786352594849e-06 4.832666604670521338e-07 1.059007786352594849e-06 4.832666604670521338e-07 6.208139285445213318e-02 1.567277358844876289e-03
2.850000000000000000e+03 7.338702516790363006e-07 4.321040023569366895e-07 7.338702516790363006e-07 4.321040023569366895e-07 6.162760406732559204e-02 1.544448779895901680e-03
2.860000000000000000e+03 5.350255491975985933e-07 5.460299234982812777e-07 5.350255491975985933e-07 5.460299234982812777e-07 6.144501268863677979e-02 1.535310526378452778e-03
2.870000000000000000e+03 6.199609288159990683e-07 2.761691746400174452e-07 6.199609288159990683e-07 2.761691746400174452e-07 6.162025034427642822e-02 1.544080208986997604e-03
2.880000000000000000e+03 2.696633316645602463e-07 3.692858285830880050e-07 2.696633316645602463e-07 3.692858285830880050e-07 6.170625612139701843e-02 1.548393280245363712e-03
2.890000000000000000e+03 2.822983162786840694e-07 2.236973699609734467e-07 2.822983162786840694e-07 2.236973699609734467e-07 6.163413822650909424e-02 1.544776256196200848e-03
2.900000000000000000e+03 3.788617277677985840e-07 1.259486310800639330e-07 3.788617277677985840e-07 1.259486310800639330e-07 6.177479028701782227e-02 1.551834982819855213e-03
2.910000000000000000e+03 1.886620424329521484e-07 9.986594307065388421e-08 1.886620424329521484e-07 9.986594307065388421e-08 6.179163977503776550e-02 1.552681555040180683e-03
2.920000000000000000e+03 1.549870631833982770e-07 2.633319979850057280e-07 1.549870631833982770e-07 2.633319979850057280e-07 6.170642748475074768e-02 1.548402127809822559e-03
2.930000000000000000e+03 3.362782763360883109e-07 5.710696768801426515e-07 3.362782763360883109e-07 5.710696768801426515e-07 6.166539713740348816e-02 1.546343904919922352e-03
2.940000000000000000e+03 1.755240361944743199e-07 1.505360501141694840e-06 1.755240361944743199e-07 1.505360501141694840e-06 6.185908988118171692e-02 1.556073315441608429e-03
2.950000000000000000e+03 2.758281141268525971e-07 2.056923904092400335e-06 2.758281141268525971e-07 2.056923904092400335e-06 6.174471229314804077e-02 1.550323911942541599e-03
2.960000000000000000e+03 1.011209036505533732e-07 3.022196892743522767e-08 1.011209036505533732e-07 3.022196892743522767e-08 6.178081780672073364e-02 1.552137662656605244e-03
2.970000000000000000e+03 2.295250283168570604e-07 2.322341742910793982e-06 2.295250283168570604e-07 2.322341742910793982e-06 6.191436573863029480e-02 1.558855408802628517e-03
2.980000000000000000e+03 3.794926328737346921e-07 3.518929361234768294e-06 3.794926328737346921e-07 3.518929361234768294e-06 6.182749196887016296e-02 1.554483780637383461e-03
2.990000000000000000e+03 1.428056748409289867e-07 4.105621655980939977e-07 1.428056748409289867e-07 4.105621655980939977e-07 6.175690144300460815e-02 1.550936256535351276e-03
3.000000000000000000e+03 7.637716521458060015e-07 1.048064950737170875e-05 7.637716521458060015e-07 1.048064950737170875e-05 6.191063299775123596e-02 1.558667165227234364e-03
3.010000000000000000e+03 1.488274301664205268e-05 1.999473897740244865e-04 1.488274301664205268e-05 1.999473897740244865e-04 6.504700332880020142e-02 1.720590633340179920e-03
3.020000000000000000e+03 4.351677034719614312e-06 2.312023570993915200e-05 4.351677034719614312e-06 2.312023570993915200e-05 6.257569044828414917e-02 1.592334476299583912e-03
3.030000000000000000e+03 6.931067673576762900e-06 5.032845729147084057e-05 6.931067673576762900e-06 5.032845729147084057e-05 6.252493709325790405e-02 1.589752384461462498e-03
3.040000000000000000e+03 1.907703108372515999e-06 8.155537216225638986e-06 1.907703108372515999e-06 8.155537216225638986e-06 6.162383407354354858e-02 1.544259954243898392e-03
3.050000000000000000e+03 1.136669879997498356e-06 9.247964953829068691e-07 1.136669879997498356e-06 9.247964953829068691e-07 6.160629540681838989e-02 1.543381018564105034e-03
3.060000000000000000e+03 1.074795136446482502e-06 1.529436872260703240e-06 1.074795136446482502e-06 1.529436872260703240e-06 6.168765947222709656e-02 1.547460444271564484e-03
3.070000000000000000e+03 6.497324989140906837e-07 2.634097597820073133e-07 6.497324989140906837e-07 2.634097597820073133e-07 6.185333058238029480e-02 1.555783324874937534e-03
3.080000000000000000e+03 3.848907397241418948e-07 6.198940809554187581e-07 3.848907397241418948e-07 6.198940809554187581e-07 6.204332783818244934e-02 1.565355923958122730e-03
3.090000000000000000e+03 9.070801638699776959e-07 3.613763965404359624e-06 9.070801638699776959e-07 3.613763965404359624e-06 6.198332086205482483e-02 1.562329474836587906e-03
3.100000000000000000e+03 1.622136323931044899e-06 2.888279368562507443e-06 1.622136323931044899e-06 2.888279368562507443e-06 6.213852018117904663e-02 1.570162829011678696e-03
3.110000000000000000e+03 3.220783355573075823e-07 5.855942504240374546e-07 3.220783355573075823e-07 5.855942504240374546e-07 6.218212842941284180e-02 1.572367502376437187e-03
3.120000000000000000e+03 1.655841856518236455e-06 5.979422894597519189e-06 1.655841856518236455e-06 5.979422894597519189e-06 6.247379630804061890e-02 1.587152830325067043e-03
3.130000000000000000e+03 4.970721079189388547e-07 1.708373474684776738e-06 4.970721079189388547e-07 1.708373474684776738e-06 6.235347315669059753e-02 1.581044984050095081e-03
3.140000000000000000e+03 1.704365331534063444e-06 1.625271033844910562e-05 1.704365331534063444e-06 1.625271033844910562e-05 6.279334425926208496e-02 1.603430719114840031e-03
3.150000000000000000e+03 3.750714768102625385e-06 4.377005461719818413e-05 3.750714768102625385e-06 4.377005461719818413e-05 6.339298933744430542e-02 1.634200802072882652e-03
3.160000000000000000e+03 1.268795404030242935e-05 1.583965786267071962e-04 1.268795404030242935e-05 1.583965786267071962e-04 6.599630415439605713e-02 1.771177863702178001e-03
3.170000000000000000e+03 4.690772584581281990e-06 4.784974953508935869e-05 4.690772584581281990e-06 4.784974953508935869e-05 6.273658573627471924e-02 1.600533374585211277e-03
3.180000000000000000e+03 8.500028343405574560e-07 7.670560080441646278e-06 8.500028343405574560e-07 7.670560080441646278e-06 6.222677603363990784e-02 1.574626658111810684e-03
3.190000000000000000e+03 1.408477260156359989e-06 7.088460279192076996e-06 1.408477260156359989e-06 7.088460279192076996e-06 6.228660419583320618e-02 1.577655784785747528e-03
3.200000000000000000e+03 4.901851298200199381e-07 1.976093471967033111e-06 4.901851298200199381e-07 1.976093471967033111e-06 6.229713559150695801e-02 1.578189316205680370e-03
3.210000000000000000e+03 4.653527412301627919e-07 2.661564622030709870e-07 4.653527412301627919e-07 2.661564622030709870e-07 6.216764822602272034e-02 1.571635715663433075e-03
3.220000000000000000e+03 2.819507471940596588e-07 5.536621188184653874e-07 2.819507471940596588e-07 5.536621188184653874e-07 6.216745823621749878e-02 1.571625820361077785e-03
3.230000000000000000e+03 2.269313341685119667e-07 2.304361288452128065e-07 2.269313341685119667e-07 2.304361288452128065e-07 6.237660720944404602e-02 1.582218450494110584e-03
3.240000000000000000e+03 1.339058428584394278e-07 1.502868940406187903e-07 1.339058428584394278e-07 1.502868940406187903e-07 6.237416714429855347e-02 1.582094584591686726e-03
3.250000000000000000e+03 8.961715991517849034e-08 5.901128474761208054e-08 8.961715991517849034e-08 5.901128474761208054e-08 6.225935369729995728e-02 1.576275681145489216e-03
3.260000000000000000e+03 1.021530167122364219e-07 1.052451708005719411e-07 1.021530167122364219e-07 1.052451708005719411e-07 6.232167035341262817e-02 1.579432631842792034e-03
3.270000000000000000e+03 3.826321304245539068e-08 2.105537610930241499e-08 3.826321304245539068e-08 2.105537610930241499e-08 6.221491470932960510e-02 1.574026071466505527e-03
3.280000000000000000e+03 3.112537783067637065e-08 2.366776818973903573e-08 3.112537783067637065e-08 2.366776818973903573e-08 6.225888058543205261e-02 1.576251699589192867e-03
3.290000000000000000e+03 1.021733027073423727e-07 7.398835464300645981e-07 1.021733027073423727e-07 7.398835464300645981e-07 6.223097071051597595e-02 1.574838417582213879e-03
3.300000000000000000e+03 4.060539993133716052e-08 4.705313116915021965e-08 4.060539993133716052e-08 4.705313116915021965e-08 6.223838031291961670e-02 1.575213740579783916e-03
3.310000000000000000e+03 6.326640686893370003e-07 7.937263035273645073e-06 6.326640686893370003e-07 7.937263035273645073e-06 6.229979544878005981e-02 1.578324125148355961e-03
3.320000000000000000e+03 2.264549402752891183e-04 4.055875819176435471e-03 2.264549402752891183e-04 4.055875819176435471e-03 1.174168437719345093e-01 5.606395658105611801e-03
3.330000000000000000e+03 1.251191424671560526e-04 6.854197126813232899e-04 1.251191424671560526e-04 6.854197126813232899e-04 7.865137606859207153e-02 2.515565371140837669e-03
3.340000000000000000e+03 7.469618867617100477e-05 3.855625109281390905e-04 7.469618867617100477e-05 3.855625109281390905e-04 6.591453403234481812e-02 1.766791683621704578e-03
3.350000000000000000e+03 8.725377847440540791e-05 1.588285522302612662e-04 8.725377847440540791e-05 1.588285522302612662e-04 6.013548001646995544e-02 1.470565912313759327e-03
3.360000000000000000e+03 6.816379027441143990e-05 4.086639819433912635e-05 6.816379027441143990e-05 4.086639819433912635e-05 6.231589615345001221e-02 1.579139963723719120e-03
3.370000000000000000e+03 2.648520603543147445e-05 2.790882354020141065e-05 2.648520603543147445e-05 2.790882354020141065e-05 6.305154412984848022e-02 1.616643858142197132e-03
3.380000000000000000e+03 1.475140288675902411e-05 1.430595511919818819e-05 1.475140288675902411e-05 1.430595511919818819e-05 6.426367908716201782e-02 1.679399400018155575e-03
3.390000000000000000e+03 1.911847357405349612e-05 8.606712071923539042e-06 1.911847357405349612e-05 8.606712071923539042e-06 6.515974551439285278e-02 1.726559945382177830e-03
3.400000000000000000e+03 1.639944093767553568e-05 5.087869340059114620e-06 1.639944093767553568e-05 5.087869340059114620e-06 6.302982568740844727e-02 1.615530694834887981e-03
3.410000000000000000e+03 9.699140719021670520e-06 5.049974788562394679e-06 9.699140719021670520e-06 5.049974788562394679e-06 6.382124871015548706e-02 1.656355569139122963e-03
3.420000000000000000e+03 6.525489425257546827e-06 2.620961822685785592e-06 6.525489425257546827e-06 2.620961822685785592e-06 6.346320360898971558e-02 1.637822831980884075e-03
3.430000000000000000e+03 3.327026433908031322e-06 1.296029154218558688e-06 3.327026433908031322e-06 1.296029154218558688e-06 6.327080726623535156e-02 1.627907273359596729e-03
3.440000000000000000e+03 2.503545829313225113e-06 9.833826197791495360e-07 2.503545829313225113e-06 9.833826197791495360e-07 6.289672851562500000e-02 1.608714810572564602e-03
3.450000000000000000e+03 1.765876618264883291e-06 6.464532020800106693e-07 1.765876618264883291e-06 6.464532020800106693e-07 6.265324354171752930e-02 1.596283866092562675e-03
3.460000000000000000e+03 1.856316771409183275e-06 5.216844556343858130e-07 1.856316771409183275e-06 5.216844556343858130e-07 6.299187242984771729e-02 1.613585394807159901e-03
3.470000000000000000e+03 2.683152160898316652e-06 5.975261387902719434e-07 2.683152160898316652e-06 5.975261387902719434e-07 6.267336010932922363e-02 1.597308670170605183e-03
3.480000000000000000e+03 1.396330731040507089e-06 9.241068710252875462e-07 1.396330731040507089e-06 9.241068710252875462e-07 6.330018490552902222e-02 1.629419508390128613e-03
3.490000000000000000e+03 8.687455306244373787e-07 3.483983732621709350e-07 8.687455306244373787e-07 3.483983732621709350e-07 6.290192157030105591e-02 1.608980353921651840e-03
3.500000000000000000e+03 8.219368510253843851e-07 1.699823286571700010e-07 8.219368510253843851e-07 1.699823286571700010e-07 6.303619593381881714e-02 1.615857239812612534e-03
3.510000000000000000e+03 4.941703650729323272e-07 9.417504998054937460e-08 4.941703650729323272e-07 9.417504998054937460e-08 6.310719251632690430e-02 1.619498827494680882e-03
3.520000000000000000e+03 7.263316774697159417e-07 1.545795527135851444e-07 7.263316774697159417e-07 1.545795527135851444e-07 6.311134994029998779e-02 1.619712449610233307e-03
3.530000000000000000e+03 7.051957595649582800e-07 2.712858986342325807e-07 7.051957595649582800e-07 2.712858986342325807e-07 6.307187676429748535e-02 1.617686939425766468e-03
3.540000000000000000e+03 9.510444556326547172e-07 1.455843801068112953e-07 9.510444556326547172e-07 1.455843801068112953e-07 6.300593912601470947e-02 1.614306471310555935e-03
3.550000000000000000e+03 4.874401611232315190e-07 1.245005165628754185e-07 4.874401611232315190e-07 1.245005165628754185e-07 6.307980418205261230e-02 1.618093345314264297e-03
3.560000000000000000e+03 4.941728093399433419e-07 1.747943798591222730e-07 4.941728093399433419e-07 1.747943798591222730e-07 6.308154016733169556e-02 1.618182519450783730e-03
3.570000000000000000e+03 4.818737693312868942e-07 6.509163767987047322e-07 4.818737693312868942e-07 6.509163767987047322e-07 6.313096731901168823e-02 1.620719674974679947e-03
3.580000000000000000e+03 3.175834422108891886e-07 3.418974756641546264e-07 3.175834422108891886e-07 3.418974756641546264e-07 6.295228749513626099e-02 1.611558254808187485e-03
3.590000000000000000e+03 2.468350430717691779e-07 6.457578649587958353e-08 2.468350430717691779e-07 6.457578649587958353e-08 6.288333237171173096e-02 1.608029939234256744e-03
3.600000000000000000e+03 2.038959792116656899e-07 6.885681358426154475e-08 2.038959792116656899e-07 6.885681358426154475e-08 6.283609569072723389e-02 1.605614670552313328e-03
3.610000000000000000e+03 1.444287107688069227e-07 5.442888806328483042e-08 1.444287107688069227e-07 5.442888806328483042e-08 6.281670928001403809e-02 1.604624208994209766e-03
3.620000000000000000e+03 1.260924165080723469e-07 8.620819613724961528e-08 1.260924165080723469e-07 8.620819613724961528e-08 6.284703314304351807e-02 1.606173580512404442e-03
3.630000000000000000e+03 1.432017882052605273e-07 4.144165757224982372e-07 1.432017882052605273e-07 4.144165757224982372e-07 6.280352175235748291e-02 1.603950629942119122e-03
3.640000000000000000e+03 3.831524679753783857e-07 6.168241952764219604e-07 3.831524679753783857e-07 6.168241952764219604e-07 6.274889409542083740e-02 1.601161318831145763e-03
3.650000000000000000e+03 4.479142035052063875e-07 1.969368099707935471e-07 4.479142035052063875e-07 1.969368099707935471e-07 6.298076361417770386e-02 1.613016589544713497e-03
3.660000000000000000e+03 2.255386419847127399e-07 5.760339760740862403e-08 2.255386419847127399e-07 5.760339760740862403e-08 6.299956142902374268e-02 1.613979227840900421e-03
3.670000000000000000e+03 1.669158109507407062e-07 3.688748222430149326e-07 1.669158109507407062e-07 3.688748222430149326e-07 6.295900046825408936e-02 1.611901912838220596e-03
3.680000000000000000e+03 1.835962564200599445e-07 4.999184852749749552e-07 1.835962564200599445e-07 4.999184852749749552e-07 6.289313733577728271e-02 1.608531223610043526e-03
3.690000000000000000e+03 1.548825423469679663e-07 6.990541123741422780e-08 1.548825423469679663e-07 6.990541123741422780e-08 6.289871037006378174e-02 1.608816324733197689e-03
3.700000000000000000e+03 2.421278679776150966e-07 2.974160793201008346e-07 2.421278679776150966e-07 2.974160793201008346e-07 6.286521255970001221e-02 1.607103040441870689e-03
3.710000000000000000e+03 2.040396367419816670e-07 4.627926841749285813e-08 2.040396367419816670e-07 4.627926841749285813e-08 6.282154470682144165e-02 1.604871125891804695e-03
3.720000000000000000e+03 1.235766831086948514e-07 6.153872078584754490e-08 1.235766831086948514e-07 6.153872078584754490e-08 6.288333982229232788e-02 1.608029939234256744e-03
3.730000000000000000e+03 1.018805662056365691e-07 1.938320437488982861e-08 1.018805662056365691e-07 1.938320437488982861e-08 6.284429877996444702e-02 1.606033882126212120e-03
3.740000000000000000e+03 8.053358868664872716e-08 1.196613830245496501e-08 8.053358868664872716e-08 1.196613830245496501e-08 6.283334642648696899e-02 1.605474273674190044e-03
3.750000000000000000e+03 2.614191089378437027e-06 2.140074320777785033e-05 2.614191089378437027e-06 2.140074320777785033e-05 6.269705295562744141e-02 1.598516711965203285e-03
3.760000000000000000e+03 5.680943104380276054e-06 1.458963197364937514e-05 5.680943104380276054e-06 1.458963197364937514e-05 6.305085122585296631e-02 1.616608467884361744e-03
3.770000000000000000e+03 8.048567906371317804e-06 3.720834865816868842e-05 8.048567906371317804e-06 3.720834865816868842e-05 6.381986290216445923e-02 1.656283740885555744e-03
3.780000000000000000e+03 4.680434358306229115e-06 2.113716072926763445e-05 4.680434358306229115e-06 2.113716072926763445e-05 6.352742761373519897e-02 1.641139388084411621e-03
3.790000000000000000e+03 9.535808203509077430e-06 2.704705593714606948e-06 9.535808203509077430e-06 2.704705593714606948e-06 6.323785334825515747e-02 1.626212149858474731e-03
3.800000000000000000e+03 4.455371254152851179e-06 3.703904667418100871e-06 4.455371254152851179e-06 3.703904667418100871e-06 6.261963397264480591e-02 1.594571396708488464e-03
3.810000000000000000e+03 4.190316303720464930e-06 2.260744849991169758e-06 4.190316303720464930e-06 2.260744849991169758e-06 6.292090564966201782e-02 1.609951956197619438e-03
3.820000000000000000e+03 4.096675638720626011e-06 8.294888402815558948e-07 4.096675638720626011e-06 8.294888402815558948e-07 6.305481493473052979e-02 1.616811496205627918e-03
3.830000000000000000e+03 1.973370444829924963e-06 6.000163352837262210e-07 1.973370444829924963e-06 6.000163352837262210e-07 6.323379278182983398e-02 1.626003300771117210e-03
3.840000000000000000e+03 1.527123345113068353e-06 4.679600351664703339e-07 1.527123345113068353e-06 4.679600351664703339e-07 6.283582001924514771e-02 1.605600467883050442e-03
3.850000000000000000e+03 2.983206513818004169e-06 5.828964617649035063e-07 2.983206513818004169e-06 5.828964617649035063e-07 6.291533261537551880e-02 1.609666738659143448e-03
3.860000000000000000e+03 2.012660843320190907e-06 5.341079258869285695e-07 2.012660843320190907e-06 5.341079258869285695e-07 6.282151490449905396e-02 1.604869496077299118e-03
3.870000000000000000e+03 1.621299361431738362e-06 3.189084338828251930e-07 1.621299361431738362e-06 3.189084338828251930e-07 6.278323382139205933e-02 1.602914417162537575e-03
3.880000000000000000e+03 2.048995838777045719e-06 3.860581614389957394e-07 2.048995838777045719e-06 3.860581614389957394e-07 6.282815337181091309e-02 1.605208730325102806e-03
3.890000000000000000e+03 1.576500494593346957e-06 2.364927382814130397e-07 1.576500494593346957e-06 2.364927382814130397e-07 6.301534175872802734e-02 1.614788314327597618e-03
3.900000000000000000e+03 1.514508880973153282e-06 9.219394314641249366e-07 1.514508880973153282e-06 9.219394314641249366e-07 6.405351310968399048e-02 1.668433309532701969e-03
3.910000000000000000e+03 1.177261083284975030e-06 3.806480322054994758e-07 1.177261083284975030e-06 3.806480322054994758e-07 6.418652832508087158e-02 1.675369683653116226e-03
3.920000000000000000e+03 9.169548889076395426e-07 2.403541827789013041e-07 9.169548889076395426e-07 2.403541827789013041e-07 6.400515884160995483e-02 1.665915246121585369e-03
3.930000000000000000e+03 1.744700625749828760e-06 1.805925080589076970e-07 1.744700625749828760e-06 1.805925080589076970e-07 6.409570574760437012e-02 1.670631812885403633e-03
3.940000000000000000e+03 8.425487294516642578e-07 2.493682131898822263e-07 8.425487294516642578e-07 2.493682131898822263e-07 6.402710825204849243e-02 1.667058211751282215e-03
3.950000000000000000e+03 1.274916371585277375e-06 7.806135613463993650e-07 1.274916371585277375e-06 7.806135613463993650e-07 6.409829854965209961e-02 1.670767320320010185e-03
3.960000000000000000e+03 8.222254450629407074e-07 2.090394701781406184e-07 8.222254450629407074e-07 2.090394701781406184e-07 6.403815001249313354e-02 1.667633070610463619e-03
3.970000000000000000e+03 4.762875676078692777e-07 1.490895868982988759e-07 4.762875676078692777e-07 1.490895868982988759e-07 6.397968530654907227e-02 1.664589392021298409e-03
3.980000000000000000e+03 3.146936933262622915e-06 2.379165835009189323e-06 3.146936933262622915e-06 2.379165835009189323e-06 6.422977894544601440e-02 1.677628373727202415e-03
3.990000000000000000e+03 2.028023573075188324e-06 6.393618150468682870e-06 2.028023573075188324e-06 6.393618150468682870e-06 6.479411572217941284e-02 1.707237912341952324e-03
4.000000000000000000e+03 2.148328803741605952e-06 2.578035719125182368e-06 2.148328803741605952e-06 2.578035719125182368e-06 6.512951850891113281e-02 1.724958652630448341e-03
4.010000000000000000e+03 3.906414349330589175e-06 8.678734047862235457e-06 3.906414349330589175e-06 8.678734047862235457e-06 6.562846153974533081e-02 1.751488889567553997e-03
4.020000000000000000e+03 1.435131139260192867e-06 2.714505171752534807e-06 1.435131139260192867e-06 2.714505171752534807e-06 6.549227982759475708e-02 1.744227833114564419e-03
4.030000000000000000e+03 1.000129941530758515e-06 3.355236003699246794e-06 1.000129941530758515e-06 3.355236003699246794e-06 6.509797275066375732e-02 1.723287859931588173e-03
4.040000000000000000e+03 8.674740001879399642e-07 1.963260700676983106e-07 8.674740001879399642e-07 1.963260700676983106e-07 6.515371799468994141e-02 1.726240967400372028e-03
4.050000000000000000e+03 6.524895184156775940e-07 4.972566784999798983e-07 6.524895184156775940e-07 4.972566784999798983e-07 6.501868367195129395e-02 1.719092950224876404e-03
4.060000000000000000e+03 5.014856014895485714e-07 2.693369935968803475e-07 5.014856014895485714e-07 2.693369935968803475e-07 6.504813581705093384e-02 1.720650587230920792e-03
4.070000000000000000e+03 3.417646325942769181e-07 2.017204252524607000e-07 3.417646325942769181e-07 2.017204252524607000e-07 6.508574634790420532e-02 1.722640590742230415e-03
4.080000000000000000e+03 3.338240333050634945e-07 2.385002346727560507e-07 3.338240333050634945e-07 2.385002346727560507e-07 6.494811922311782837e-02 1.715363468974828720e-03
4.090000000000000000e+03 2.079160594803397544e-06 1.336601962975692004e-05 2.079160594803397544e-06 1.336601962975692004e-05 6.494118273258209229e-02 1.714997109957039356e-03
4.100000000000000000e+03 5.866488208994269371e-05 7.573446491733193398e-04 5.866488208994269371e-05 7.573446491733193398e-04 7.532681524753570557e-02 2.307396149262785912e-03
4.110000000000000000e+03 3.400897548999637365e-05 2.677762531675398350e-04 3.400897548999637365e-05 2.677762531675398350e-04 6.866307556629180908e-02 1.917208777740597725e-03
4.120000000000000000e+03 1.716504812065977603e-05 1.113653997890651226e-04 1.716504812065977603e-05 1.113653997890651226e-04 6.370510905981063843e-02 1.650332356803119183e-03
4.130000000000000000e+03 6.811271759943338111e-06 2.675064024515450001e-05 6.811271759943338111e-06 2.675064024515450001e-05 6.445852667093276978e-02 1.689598779194056988e-03
4.140000000000000000e+03 4.811166490981122479e-06 7.420356723741861060e-06 4.811166490981122479e-06 7.420356723741861060e-06 6.354327499866485596e-02 1.641958137042820454e-03
4.150000000000000000e+03 1.872054417617619038e-05 6.234119609871413559e-06 1.872054417617619038e-05 6.234119609871413559e-06 6.492614001035690308e-02 1.714202575385570526e-03
4.160000000000000000e+03 5.530786893359618261e-06 3.938940608350094408e-06 5.530786893359618261e-06 3.938940608350094408e-06 6.571938097476959229e-02 1.756345387548208237e-03
4.170000000000000000e+03 4.342314241512212902e-06 3.175729489157674834e-06 4.342314241512212902e-06 3.175729489157674834e-06 6.608378887176513672e-02 1.775877084583044052e-03
4.180000000000000000e+03 2.172491576857282780e-06 1.707021738184266724e-06 2.172491576857282780e-06 1.707021738184266724e-06 6.652025878429412842e-02 1.799412770196795464e-03
4.190000000000000000e+03 1.881265575320867356e-06 1.311699861616943963e-06 1.881265575320867356e-06 1.311699861616943963e-06 6.607653945684432983e-02 1.775487442500889301e-03
4.200000000000000000e+03 1.828199515330197755e-06 6.596210937459545676e-07 1.828199515330197755e-06 6.596210937459545676e-07 6.654106825590133667e-02 1.800538739189505577e-03
4.210000000000000000e+03 1.141730763265513815e-06 3.732803293132747058e-07 1.141730763265513815e-06 3.732803293132747058e-07 6.671722233295440674e-02 1.810085028409957886e-03
4.220000000000000000e+03 8.654957923681649845e-07 2.051536682756704977e-07 8.654957923681649845e-07 2.051536682756704977e-07 6.681028753519058228e-02 1.815137686207890511e-03
4.230000000000000000e+03 1.148470914813515265e-06 1.854561872960402980e-07 1.148470914813515265e-06 1.854561872960402980e-07 6.667830049991607666e-02 1.807973138056695461e-03
4.240000000000000000e+03 7.142537015170091763e-07 1.165079339671137859e-07 7.142537015170091763e-07 1.165079339671137859e-07 6.679243594408035278e-02 1.814168295823037624e-03
4.250000000000000000e+03 7.082682600412226748e-07 7.973937954375287518e-08 7.082682600412226748e-07 7.973937954375287518e-08 6.687965989112854004e-02 1.818909426219761372e-03
4.260000000000000000e+03 2.098877075695781969e-06 2.409403805359033868e-07 2.098877075695781969e-06 2.409403805359033868e-07 6.690022349357604980e-02 1.820027828216552734e-03
4.270000000000000000e+03 5.966838216409087181e-06 5.328732299858529586e-07 5.966838216409087181e-06 5.328732299858529586e-07 6.745576858520507812e-02 1.850380911491811275e-03
4.280000000000000000e+03 2.740100171649828553e-06 6.068776201573200524e-07 2.740100171649828553e-06 6.068776201573200524e-07 6.704457849264144897e-02 1.827891101129353046e-03
4.290000000000000000e+03 2.105650537487235852e-06 8.832100775180151686e-07 2.105650537487235852e-06 8.832100775180151686e-07 6.668777763843536377e-02 1.808486762456595898e-03
4.300000000000000000e+03 2.386968162682023831e-06 5.129587634655763395e-07 2.386968162682023831e-06 5.129587634655763395e-07 6.661884486675262451e-02 1.804750179871916771e-03
4.310000000000000000e+03 6.237011803023051471e-06 4.540102054306771606e-07 6.237011803023051471e-06 4.540102054306771606e-07 6.715684384107589722e-02 1.834017690271139145e-03
4.320000000000000000e+03 3.922735686501255259e-06 6.614566814278077800e-07 3.922735686501255259e-06 6.614566814278077800e-07 6.744481623172760010e-02 1.849780441261827946e-03
4.330000000000000000e+03 1.762391093507176265e-06 5.707270815946685616e-07 1.762391093507176265e-06 5.707270815946685616e-07 6.767757236957550049e-02 1.862569595687091351e-03
4.340000000000000000e+03 9.939479923559702002e-07 4.690359105552488472e-07 9.939479923559702002e-07 4.690359105552488472e-07 6.767938286066055298e-02 1.862669014371931553e-03
4.350000000000000000e+03 1.576955469317908864e-06 2.386153141742397565e-07 1.576955469317908864e-06 2.386153141742397565e-07 6.789693236351013184e-02 1.874663284979760647e-03
4.360000000000000000e+03 8.352519671461777762e-07 2.010876016811380396e-07 8.352519671461777762e-07 2.010876016811380396e-07 6.768374145030975342e-02 1.862908946350216866e-03
4.370000000000000000e+03 9.445028013033152092e-07 2.241531404933994054e-07 9.445028013033152092e-07 2.241531404933994054e-07 6.798016279935836792e-02 1.879261923022568226e-03
4.380000000000000000e+03 4.894416179013205692e-07 3.670515411613450851e-07 4.894416179013205692e-07 3.670515411613450851e-07 6.793572753667831421e-02 1.876806258223950863e-03
4.390000000000000000e+03 7.535648478551593143e-07 2.006292447731539141e-07 7.535648478551593143e-07 2.006292447731539141e-07 6.796521693468093872e-02 1.878436189144849777e-03
4.400000000000000000e+03 4.247315530392370420e-07 2.016497973045261460e-07 4.247315530392370420e-07 2.016497973045261460e-07 6.795776635408401489e-02 1.878023962490260601e-03
4.410000000000000000e+03 2.824636169407312991e-07 9.945546253220527433e-08 2.824636169407312991e-07 9.945546253220527433e-08 6.791272759437561035e-02 1.875535235740244389e-03
4.420000000000000000e+03 4.527817338839668082e-07 1.141213346045333310e-07 4.527817338839668082e-07 1.141213346045333310e-07 6.796739995479583740e-02 1.878556795418262482e-03
4.430000000000000000e+03 8.966207474259135779e-07 1.153628232941628085e-07 8.966207474259135779e-07 1.153628232941628085e-07 6.808125227689743042e-02 1.884855446405708790e-03
4.440000000000000000e+03 3.127681509340618504e-07 8.387745964455461944e-08 3.127681509340618504e-07 8.387745964455461944e-08 6.811926513910293579e-02 1.886960817500948906e-03
4.450000000000000000e+03 1.630711636835258105e-07 8.265425321951624937e-08 1.630711636835258105e-07 8.265425321951624937e-08 6.817971915006637573e-02 1.890311483293771744e-03
4.460000000000000000e+03 3.715029208706255304e-07 6.862209289693055325e-08 3.715029208706255304e-07 6.862209289693055325e-08 6.825684010982513428e-02 1.894590677693486214e-03
4.470000000000000000e+03 2.994320311699993908e-07 1.672662364171628724e-07 2.994320311699993908e-07 1.672662364171628724e-07 6.816501170396804810e-02 1.889495993964374065e-03
4.480000000000000000e+03 1.264527185185215785e-07 1.545806043168340693e-07 1.264527185185215785e-07 1.545806043168340693e-07 6.799351423978805542e-02 1.880000461824238300e-03
4.490000000000000000e+03 5.386862511613799143e-08 4.697893274396847119e-08 5.386862511613799143e-08 4.697893274396847119e-08 6.803875416517257690e-02 1.882502692751586437e-03
4.500000000000000000e+03 1.500526281006386853e-07 1.409598837653902592e-08 1.500526281006386853e-07 1.409598837653902592e-08 6.803664565086364746e-02 1.882386044599115849e-03
4.510000000000000000e+03 1.298892158274611575e-07 2.275930555128979904e-08 1.298892158274611575e-07 2.275930555128979904e-08 6.798875331878662109e-02 1.879736781120300293e-03
4.520000000000000000e+03 8.389611849679567968e-08 2.435303869674498856e-08 8.389611849679567968e-08 2.435303869674498856e-08 6.794855743646621704e-02 1.877515111118555069e-03
4.530000000000000000e+03 5.375781242378252500e-08 1.773197055854325299e-08 5.375781242378252500e-08 1.773197055854325299e-08 6.791226565837860107e-02 1.875510206446051598e-03
4.540000000000000000e+03 4.775083084496145602e-08 1.115276333507608797e-07 4.775083084496145602e-08 1.115276333507608797e-07 6.800422817468643188e-02 1.880592666566371918e-03
4.550000000000000000e+03 3.252351007176912390e-06 2.815580228343605995e-05 3.252351007176912390e-06 2.815580228343605995e-05 6.906584650278091431e-02 1.939766807481646538e-03
4.560000000000000000e+03 2.471962261552107520e-06 7.681433999096043408e-06 2.471962261552107520e-06 7.681433999096043408e-06 6.707683205604553223e-02 1.829650253057479858e-03
4.570000000000000000e+03 5.483187123900279403e-06 1.756782148731872439e-05 5.483187123900279403e-06 1.756782148731872439e-05 6.588385254144668579e-02 1.765147200785577297e-03
4.580000000000000000e+03 6.018150088493712246e-06 3.374592051841318607e-05 6.018150088493712246e-06 3.374592051841318607e-05 6.688500195741653442e-02 1.819200115278363228e-03
4.590000000000000000e+03 2.102716052831965499e-06 1.053790765581652522e-05 2.102716052831965499e-06 1.053790765581652522e-05 6.644415110349655151e-02 1.795297837816178799e-03
4.600000000000000000e+03 6.164240176076418720e-07 5.398359235186944716e-07 6.164240176076418720e-07 5.398359235186944716e-07 6.653860211372375488e-02 1.800405560061335564e-03
4.610000000000000000e+03 6.943725452401849907e-07 3.770731780150526902e-07 6.943725452401849907e-07 3.770731780150526902e-07 6.652895361185073853e-02 1.799883088096976280e-03
4.620000000000000000e+03 4.669322493100480642e-07 1.746445832395693287e-07 4.669322493100480642e-07 1.746445832395693287e-07 6.659933179616928101e-02 1.803693361580371857e-03
4.630000000000000000e+03 1.042370399773062672e-06 1.207266961955610896e-07 1.042370399773062672e-06 1.207266961955610896e-07 6.664700806140899658e-02 1.806276384741067886e-03
4.640000000000000000e+03 1.821824525904958136e-06 1.392233883734661504e-07 1.821824525904958136e-06 1.392233883734661504e-07 6.670557707548141479e-02 1.809452776797115803e-03
4.650000000000000000e+03 7.138801834116748068e-07 1.958029827164864400e-07 7.138801834116748068e-07 1.958029827164864400e-07 6.677240878343582153e-02 1.813080278225243092e-03
4.660000000000000000e+03 3.101590209553251043e-06 3.955572935865347972e-07 3.101590209553251043e-06 3.955572935865347972e-07 6.696797162294387817e-02 1.823716331273317337e-03
4.670000000000000000e+03 2.348854195588501170e-06 3.589931907299614977e-07 2.348854195588501170e-06 3.589931907299614977e-07 6.722783297300338745e-02 1.837897114455699921e-03
4.680000000000000000e+03 1.269615836463344749e-06 7.301537152670789510e-07 1.269615836463344749e-06 7.301537152670789510e-07 6.725067645311355591e-02 1.839146250858902931e-03
4.690000000000000000e+03 1.777763827703893185e-06 4.620705453817208763e-07 1.777763827703893185e-06 4.620705453817208763e-07 6.734482198953628540e-02 1.844299258664250374e-03
4.700000000000000000e+03 8.245834806075436063e-07 4.114825458145787707e-07 8.245834806075436063e-07 4.114825458145787707e-07 6.712807714939117432e-02 1.832447014749050140e-03
4.710000000000000000e+03 2.003525196414557286e-06 3.498653597944212379e-07 2.003525196414557286e-06 3.498653597944212379e-07 6.729613989591598511e-02 1.841633929871022701e-03
4.720000000000000000e+03 3.224869033147115260e-06 5.097323310110368766e-07 3.224869033147115260e-06 5.097323310110368766e-07 6.767939776182174683e-02 1.862669945694506168e-03
4.730000000000000000e+03 1.149567765423853416e-06 3.582125316370365908e-07 1.149567765423853416e-06 3.582125316370365908e-07 6.812972575426101685e-02 1.887540449388325214e-03
4.740000000000000000e+03 4.693112884979200317e-07 4.610653547842957778e-07 4.693112884979200317e-07 4.610653547842957778e-07 6.819854676723480225e-02 1.891355263069272041e-03
4.750000000000000000e+03 6.591992587345885113e-07 3.115403046649589669e-07 6.591992587345885113e-07 3.115403046649589669e-07 6.800033152103424072e-02 1.880377531051635742e-03
4.760000000000000000e+03 5.744990403400151990e-07 1.547709160831800546e-07 5.744990403400151990e-07 1.547709160831800546e-07 6.788822263479232788e-02 1.874182256869971752e-03
4.770000000000000000e+03 3.796839678216201719e-07 1.143434502637319383e-07 3.796839678216201719e-07 1.143434502637319383e-07 6.810617446899414062e-02 1.886235433630645275e-03
4.780000000000000000e+03 4.367641963654023129e-07 8.611763178123510443e-07 4.367641963654023129e-07 8.611763178123510443e-07 6.819261610507965088e-02 1.891026739031076431e-03
4.790000000000000000e+03 2.614640379761112854e-07 1.121197215070424136e-06 2.614640379761112854e-07 1.121197215070424136e-06 6.808240711688995361e-02 1.884919242002069950e-03
4.800000000000000000e+03 1.296846079412716790e-07 4.914262774491362507e-08 1.296846079412716790e-07 4.914262774491362507e-08 6.810078769922256470e-02 1.885937061160802841e-03
4.810000000000000000e+03 4.691420087965525454e-07 2.601864025564282201e-06 4.691420087965525454e-07 2.601864025564282201e-06 6.838607788085937500e-02 1.901771407574415207e-03
4.820000000000000000e+03 2.155337597287143581e-07 1.190449552268546540e-06 2.155337597287143581e-07 1.190449552268546540e-06 6.805072724819183350e-02 1.883165445178747177e-03
4.830000000000000000e+03 4.774207695845689159e-07 7.014309062469692435e-07 4.774207695845689159e-07 7.014309062469692435e-07 6.805232912302017212e-02 1.883254270069301128e-03
4.840000000000000000e+03 3.797076146838662680e-07 8.463597964691871312e-07 3.797076146838662680e-07 8.463597964691871312e-07 6.823500245809555054e-02 1.893377862870693207e-03
4.850000000000000000e+03 4.045260538987349719e-06 1.663851799094118178e-05 4.045260538987349719e-06 1.663851799094118178e-05 6.887161731719970703e-02 1.928872312419116497e-03
4.860000000000000000e+03 4.134534776767395670e-07 1.571105599396105390e-06 4.134534776767395670e-07 1.571105599396105390e-06 6.821722537279129028e-02 1.892392057925462723e-03
4.870000000000000000e+03 2.465621093961090082e-07 6.149676323730091099e-07 2.465621093961090082e-07 6.149676323730091099e-07 6.816692650318145752e-02 1.889602164737880230e-03
4.880000000000000000e+03 1.942699867640840239e-07 6.881445528961194213e-07 1.942699867640840239e-07 6.881445528961194213e-07 6.824496388435363770e-02 1.893931068480014801e-03
4.890000000000000000e+03 4.981010306437383406e-07 3.797088766077649780e-06 4.981010306437383406e-07 3.797088766077649780e-06 6.816468387842178345e-02 1.889477367512881756e-03
4.900000000000000000e+03 4.206682933727279305e-05 4.442036442924290895e-04 4.206682933727279305e-05 4.442036442924290895e-04 7.370822876691818237e-02 2.209300873801112175e-03
4.910000000000000000e+03 1.137484741775551811e-05 2.832239988492801785e-05 1.137484741775551811e-05 2.832239988492801785e-05 6.919654458761215210e-02 1.947115873917937279e-03
4.920000000000000000e+03 4.890623313258402050e-05 1.820246689021587372e-04 4.890623313258402050e-05 1.820246689021587372e-04 6.821417063474655151e-02 1.892222324386239052e-03
4.930000000000000000e+03 1.397641790390480310e-05 5.998480628477409482e-05 1.397641790390480310e-05 5.998480628477409482e-05 7.152620702981948853e-02 2.080431208014488220e-03
4.940000000000000000e+03 8.277434062620159239e-06 2.135484464815817773e-05 8.277434062620159239e-06 2.135484464815817773e-05 6.745216250419616699e-02 1.850182772614061832e-03
4.950000000000000000e+03 9.428538760403171182e-06 3.748803010239498690e-06 9.428538760403171182e-06 3.748803010239498690e-06 6.721542030572891235e-02 1.837218180298805237e-03
4.960000000000000000e+03 5.013744157622568309e-06 5.237539880909025669e-06 5.013744157622568309e-06 5.237539880909025669e-06 6.821522861719131470e-02 1.892280997708439827e-03
4.970000000000000000e+03 3.122148200418450870e-06 2.633235681059886701e-06 3.122148200418450870e-06 2.633235681059886701e-06 6.791952252388000488e-02 1.875910907983779907e-03
4.980000000000000000e+03 2.123255626429454423e-06 1.219027694787655491e-06 2.123255626429454423e-06 1.219027694787655491e-06 6.820122152566909790e-02 1.891504158265888691e-03
4.990000000000000000e+03 1.421803631274087820e-06 1.392712192682665773e-06 1.421803631274087820e-06 1.392712192682665773e-06 6.837259232997894287e-02 1.901021227240562439e-03
5.000000000000000000e+03 2.010727712331572548e-06 1.389331259815662634e-06 2.010727712331572548e-06 1.389331259815662634e-06 6.881391257047653198e-02 1.925641554407775402e-03
