# step, loss_train, loss_test, metrics_test
0.000000000000000000e+00 5.410238265991210938e+00 4.790779590606689453e+00 5.410238265991210938e+00 4.790779590606689453e+00 1.034002661705017090e+00 4.749179840087890625e+00
1.000000000000000000e+01 1.327207833528518677e-01 4.299297332763671875e+00 1.327207833528518677e-01 4.299297332763671875e+00 9.780427217483520508e-01 4.249041557312011719e+00
2.000000000000000000e+01 1.483617573976516724e-01 3.777027845382690430e+00 1.483617573976516724e-01 3.777027845382690430e+00 9.158608317375183105e-01 3.725926876068115234e+00
3.000000000000000000e+01 1.169554814696311951e-01 3.348884820938110352e+00 1.169554814696311951e-01 3.348884820938110352e+00 8.624908328056335449e-01 3.304336786270141602e+00
4.000000000000000000e+01 9.955142438411712646e-02 2.907286167144775391e+00 9.955142438411712646e-02 2.907286167144775391e+00 8.030083775520324707e-01 2.864279747009277344e+00
5.000000000000000000e+01 9.725929051637649536e-02 2.366810083389282227e+00 9.725929051637649536e-02 2.366810083389282227e+00 7.239207029342651367e-01 2.327862262725830078e+00
6.000000000000000000e+01 1.055841222405433655e-01 1.743348956108093262e+00 1.055841222405433655e-01 1.743348956108093262e+00 6.204454898834228516e-01 1.709946751594543457e+00
7.000000000000000000e+01 9.950949996709823608e-02 1.067035198211669922e+00 9.950949996709823608e-02 1.067035198211669922e+00 4.844616651535034180e-01 1.042543530464172363e+00
8.000000000000000000e+01 8.446333557367324829e-02 4.967665076255798340e-01 8.446333557367324829e-02 4.967665076255798340e-01 3.306732773780822754e-01 4.857060313224792480e-01
9.000000000000000000e+01 5.101941898465156555e-02 2.857045531272888184e-01 5.101941898465156555e-02 2.857045531272888184e-01 2.548862993717193604e-01 2.885813713073730469e-01
1.000000000000000000e+02 2.423523925244808197e-02 2.689678370952606201e-01 2.423523925244808197e-02 2.689678370952606201e-01 2.491482645273208618e-01 2.757344543933868408e-01
1.100000000000000000e+02 1.368057820945978165e-02 2.444719970226287842e-01 1.368057820945978165e-02 2.444719970226287842e-01 2.365085780620574951e-01 2.484672069549560547e-01
1.200000000000000000e+02 9.469523094594478607e-03 2.337668240070343018e-01 9.469523094594478607e-03 2.337668240070343018e-01 2.307316511869430542e-01 2.364773750305175781e-01
1.300000000000000000e+02 7.455303799360990524e-03 2.228553593158721924e-01 7.455303799360990524e-03 2.228553593158721924e-01 2.257072329521179199e-01 2.262904495000839233e-01
1.400000000000000000e+02 6.339230574667453766e-03 2.141006886959075928e-01 6.339230574667453766e-03 2.141006886959075928e-01 2.215856611728668213e-01 2.181014567613601685e-01
1.500000000000000000e+02 5.636578891426324844e-03 2.062129676342010498e-01 5.636578891426324844e-03 2.062129676342010498e-01 2.174408733844757080e-01 2.100185751914978027e-01
1.600000000000000000e+02 5.220918916165828705e-03 1.989438235759735107e-01 5.220918916165828705e-03 1.989438235759735107e-01 2.135285437107086182e-01 2.025289535522460938e-01
1.700000000000000000e+02 4.997161682695150375e-03 1.920803487300872803e-01 4.997161682695150375e-03 1.920803487300872803e-01 2.098889052867889404e-01 1.956835389137268066e-01
1.800000000000000000e+02 4.835871048271656036e-03 1.855669617652893066e-01 4.835871048271656036e-03 1.855669617652893066e-01 2.063829898834228516e-01 1.892008483409881592e-01
1.900000000000000000e+02 4.759927280247211456e-03 1.792676299810409546e-01 4.759927280247211456e-03 1.792676299810409546e-01 2.028882950544357300e-01 1.828476041555404663e-01
2.000000000000000000e+02 4.771451931446790695e-03 1.730787456035614014e-01 4.771451931446790695e-03 1.730787456035614014e-01 1.993880867958068848e-01 1.765930801630020142e-01
2.100000000000000000e+02 4.816266708076000214e-03 1.669669598340988159e-01 4.816266708076000214e-03 1.669669598340988159e-01 1.958798021078109741e-01 1.704333722591400146e-01
2.200000000000000000e+02 4.885246977210044861e-03 1.608721613883972168e-01 4.885246977210044861e-03 1.608721613883972168e-01 1.923112124204635620e-01 1.642799377441406250e-01
2.300000000000000000e+02 4.993332084268331528e-03 1.547039598226547241e-01 4.993332084268331528e-03 1.547039598226547241e-01 1.886182129383087158e-01 1.580311059951782227e-01
2.400000000000000000e+02 5.147178191691637039e-03 1.483899801969528198e-01 5.147178191691637039e-03 1.483899801969528198e-01 1.847532689571380615e-01 1.516210734844207764e-01
2.500000000000000000e+02 5.350040271878242493e-03 1.418729871511459351e-01 5.350040271878242493e-03 1.418729871511459351e-01 1.806686371564865112e-01 1.449909210205078125e-01
2.600000000000000000e+02 5.622094031423330307e-03 1.350872516632080078e-01 5.622094031423330307e-03 1.350872516632080078e-01 1.763047277927398682e-01 1.380712240934371948e-01
2.700000000000000000e+02 5.984767805784940720e-03 1.279779523611068726e-01 5.984767805784940720e-03 1.279779523611068726e-01 1.716046035289764404e-01 1.308076381683349609e-01
2.800000000000000000e+02 6.450203713029623032e-03 1.205255091190338135e-01 6.450203713029623032e-03 1.205255091190338135e-01 1.665297597646713257e-01 1.231853514909744263e-01
2.900000000000000000e+02 7.025020197033882141e-03 1.127345263957977295e-01 7.025020197033882141e-03 1.127345263957977295e-01 1.610501706600189209e-01 1.152119636535644531e-01
3.000000000000000000e+02 7.693706080317497253e-03 1.046589836478233337e-01 7.693706080317497253e-03 1.046589836478233337e-01 1.551667600870132446e-01 1.069479957222938538e-01
3.100000000000000000e+02 8.398785255849361420e-03 9.638608247041702271e-02 8.398785255849361420e-03 9.638608247041702271e-02 1.488994210958480835e-01 9.848300367593765259e-02
3.200000000000000000e+02 9.050751104950904846e-03 8.801472932100296021e-02 9.050751104950904846e-03 8.801472932100296021e-02 1.422728300094604492e-01 8.991232514381408691e-02
3.300000000000000000e+02 9.552198462188243866e-03 7.964046299457550049e-02 9.552198462188243866e-03 7.964046299457550049e-02 1.353032439947128296e-01 8.131895214319229126e-02
3.400000000000000000e+02 9.835199452936649323e-03 7.133097201585769653e-02 9.835199452936649323e-03 7.133097201585769653e-02 1.279823929071426392e-01 7.275716215372085571e-02
3.500000000000000000e+02 9.862056933343410492e-03 6.320153921842575073e-02 9.862056933343410492e-03 6.320153921842575073e-02 1.203521266579627991e-01 6.434025615453720093e-02
3.600000000000000000e+02 9.594010189175605774e-03 5.543828755617141724e-02 9.594010189175605774e-03 5.543828755617141724e-02 1.125553697347640991e-01 5.627399310469627380e-02
3.700000000000000000e+02 1.452347077429294586e-02 4.826998338103294373e-02 1.452347077429294586e-02 4.826998338103294373e-02 1.047576740384101868e-01 4.874689504504203796e-02
3.800000000000000000e+02 1.483523473143577576e-02 4.351416230201721191e-02 1.483523473143577576e-02 4.351416230201721191e-02 9.932744503021240234e-02 4.382418468594551086e-02
3.900000000000000000e+02 9.623757563531398773e-03 3.959288448095321655e-02 9.623757563531398773e-03 3.959288448095321655e-02 9.470655769109725952e-02 3.984147682785987854e-02
4.000000000000000000e+02 7.499369792640209198e-03 3.601252660155296326e-02 7.499369792640209198e-03 3.601252660155296326e-02 9.015288949012756348e-02 3.610228002071380615e-02
4.100000000000000000e+02 6.443959195166826248e-03 3.343898057937622070e-02 6.443959195166826248e-03 3.343898057937622070e-02 8.678482472896575928e-02 3.345514088869094849e-02
4.200000000000000000e+02 5.784100387245416641e-03 3.165209293365478516e-02 5.784100387245416641e-03 3.165209293365478516e-02 8.437479287385940552e-02 3.162283822894096375e-02
4.300000000000000000e+02 5.049740895628929138e-03 3.103525005280971527e-02 5.049740895628929138e-03 3.103525005280971527e-02 8.361957222223281860e-02 3.105927258729934692e-02
4.400000000000000000e+02 5.062759388238191605e-03 3.051139973104000092e-02 5.062759388238191605e-03 3.051139973104000092e-02 8.275648951530456543e-02 3.042141906917095184e-02
4.500000000000000000e+02 3.840132616460323334e-03 2.991860732436180115e-02 3.840132616460323334e-03 2.991860732436180115e-02 8.199968189001083374e-02 2.986755035817623138e-02
4.600000000000000000e+02 3.620836650952696800e-03 2.927986532449722290e-02 3.620836650952696800e-03 2.927986532449722290e-02 8.103939145803451538e-02 2.917209453880786896e-02
4.700000000000000000e+02 3.614350687712430954e-03 2.876440808176994324e-02 3.614350687712430954e-03 2.876440808176994324e-02 8.029028773307800293e-02 2.863527461886405945e-02
4.800000000000000000e+02 3.168070921674370766e-03 2.837868407368659973e-02 3.168070921674370766e-03 2.837868407368659973e-02 7.973157614469528198e-02 2.823813259601593018e-02
4.900000000000000000e+02 2.973897615447640419e-03 2.805290371179580688e-02 2.973897615447640419e-03 2.805290371179580688e-02 7.925075292587280273e-02 2.789858169853687286e-02
5.000000000000000000e+02 2.813287777826189995e-03 2.777263894677162170e-02 2.813287777826189995e-03 2.777263894677162170e-02 7.884489744901657104e-02 2.761356718838214874e-02
5.100000000000000000e+02 2.647114917635917664e-03 2.751182205975055695e-02 2.647114917635917664e-03 2.751182205975055695e-02 7.846434414386749268e-02 2.734765037894248962e-02
5.200000000000000000e+02 2.515498781576752663e-03 2.726140990853309631e-02 2.515498781576752663e-03 2.726140990853309631e-02 7.810030132532119751e-02 2.709447219967842102e-02
5.300000000000000000e+02 4.260016139596700668e-03 2.704018540680408478e-02 4.260016139596700668e-03 2.704018540680408478e-02 7.778760790824890137e-02 2.687795087695121765e-02
5.400000000000000000e+02 9.727078489959239960e-03 2.710125781595706940e-02 9.727078489959239960e-03 2.710125781595706940e-02 7.789289951324462891e-02 2.695075981318950653e-02
5.500000000000000000e+02 2.167836530134081841e-03 2.696213126182556152e-02 2.167836530134081841e-03 2.696213126182556152e-02 7.769601047039031982e-02 2.681468427181243896e-02
5.600000000000000000e+02 2.308843657374382019e-03 2.670612372457981110e-02 2.308843657374382019e-03 2.670612372457981110e-02 7.730098813772201538e-02 2.654271759092807770e-02
5.700000000000000000e+02 2.179313218221068382e-03 2.644108794629573822e-02 2.179313218221068382e-03 2.644108794629573822e-02 7.690531015396118164e-02 2.627168595790863037e-02
5.800000000000000000e+02 2.058768179267644882e-03 2.618863806128501892e-02 2.058768179267644882e-03 2.618863806128501892e-02 7.651592791080474854e-02 2.600632421672344208e-02
5.900000000000000000e+02 1.904331147670745850e-03 2.598143555223941803e-02 1.904331147670745850e-03 2.598143555223941803e-02 7.621241360902786255e-02 2.580041810870170593e-02
6.000000000000000000e+02 1.812464790418744087e-03 2.578924596309661865e-02 1.812464790418744087e-03 2.578924596309661865e-02 7.593072950839996338e-02 2.561005018651485443e-02
6.100000000000000000e+02 1.748763606883585453e-03 2.559957280755043030e-02 1.748763606883585453e-03 2.559957280755043030e-02 7.564711570739746094e-02 2.541909553110599518e-02
6.200000000000000000e+02 1.755833742208778858e-03 2.541071362793445587e-02 1.755833742208778858e-03 2.541071362793445587e-02 7.536884397268295288e-02 2.523242682218551636e-02
6.300000000000000000e+02 8.036978542804718018e-03 2.527548745274543762e-02 8.036978542804718018e-03 2.527548745274543762e-02 7.518067210912704468e-02 2.510658651590347290e-02
6.400000000000000000e+02 1.576971379108726978e-03 2.536773122847080231e-02 1.576971379108726978e-03 2.536773122847080231e-02 7.532579451799392700e-02 2.520360983908176422e-02
6.500000000000000000e+02 3.218280849978327751e-03 2.532050013542175293e-02 3.218280849978327751e-03 2.532050013542175293e-02 7.527939230203628540e-02 2.517256513237953186e-02
6.600000000000000000e+02 1.657586893998086452e-03 2.503747306764125824e-02 1.657586893998086452e-03 2.503747306764125824e-02 7.480020821094512939e-02 2.485311776399612427e-02
6.700000000000000000e+02 1.712267636321485043e-03 2.477582357823848724e-02 1.712267636321485043e-03 2.477582357823848724e-02 7.441274076700210571e-02 2.459631301462650299e-02
6.800000000000000000e+02 1.549020176753401756e-03 2.456812001764774323e-02 1.549020176753401756e-03 2.456812001764774323e-02 7.409397512674331665e-02 2.438602969050407410e-02
6.900000000000000000e+02 1.406578347086906433e-03 2.438509464263916016e-02 1.406578347086906433e-03 2.438509464263916016e-02 7.381622493267059326e-02 2.420354634523391724e-02
7.000000000000000000e+02 1.381928683258593082e-03 2.421492151916027069e-02 1.381928683258593082e-03 2.421492151916027069e-02 7.356207817792892456e-02 2.403716742992401123e-02
7.100000000000000000e+02 1.346807694062590599e-03 2.404126897454261780e-02 1.346807694062590599e-03 2.404126897454261780e-02 7.329735159873962402e-02 2.386447228491306305e-02
7.200000000000000000e+02 1.569278771057724953e-03 2.386401034891605377e-02 1.569278771057724953e-03 2.386401034891605377e-02 7.302769273519515991e-02 2.368920110166072845e-02
7.300000000000000000e+02 1.151206716895103455e-02 2.430454269051551819e-02 1.151206716895103455e-02 2.430454269051551819e-02 7.377420365810394287e-02 2.417599782347679138e-02
7.400000000000000000e+02 6.241578608751296997e-03 2.437529899179935455e-02 6.241578608751296997e-03 2.437529899179935455e-02 7.377305626869201660e-02 2.417523972690105438e-02
7.500000000000000000e+02 2.564576454460620880e-03 2.396668680012226105e-02 2.564576454460620880e-03 2.396668680012226105e-02 7.321584224700927734e-02 2.381142973899841309e-02
7.600000000000000000e+02 1.733620883896946907e-03 2.362151816487312317e-02 1.733620883896946907e-03 2.362151816487312317e-02 7.264287024736404419e-02 2.344020269811153412e-02
7.700000000000000000e+02 1.237419550307095051e-03 2.333495765924453735e-02 1.237419550307095051e-03 2.333495765924453735e-02 7.219576090574264526e-02 2.315254323184490204e-02
7.800000000000000000e+02 1.239714794792234898e-03 2.315631136298179626e-02 1.239714794792234898e-03 2.315631136298179626e-02 7.192854583263397217e-02 2.298147231340408325e-02
7.900000000000000000e+02 1.161213149316608906e-03 2.297811396420001984e-02 1.161213149316608906e-03 2.297811396420001984e-02 7.165071368217468262e-02 2.280427701771259308e-02
8.000000000000000000e+02 1.098901615478098392e-03 2.280901931226253510e-02 1.098901615478098392e-03 2.280901931226253510e-02 7.138632237911224365e-02 2.263629063963890076e-02
8.100000000000000000e+02 1.085655996575951576e-03 2.263663336634635925e-02 1.085655996575951576e-03 2.263663336634635925e-02 7.111832499504089355e-02 2.246664837002754211e-02
8.200000000000000000e+02 1.067484496161341667e-03 2.245595306158065796e-02 1.067484496161341667e-03 2.245595306158065796e-02 7.083446532487869263e-02 2.228766307234764099e-02
8.300000000000000000e+02 1.172710792161524296e-03 2.227409929037094116e-02 1.172710792161524296e-03 2.227409929037094116e-02 7.054875046014785767e-02 2.210823073983192444e-02
8.400000000000000000e+02 2.492809854447841644e-02 2.238900400698184967e-02 2.492809854447841644e-02 2.238900400698184967e-02 7.075931131839752197e-02 2.224039658904075623e-02
8.500000000000000000e+02 1.255528070032596588e-03 2.257334440946578979e-02 1.255528070032596588e-03 2.257334440946578979e-02 7.099499553442001343e-02 2.238879911601543427e-02
8.600000000000000000e+02 9.726446587592363358e-04 2.240984514355659485e-02 9.726446587592363358e-04 2.240984514355659485e-02 7.078366726636886597e-02 2.225571125745773315e-02
8.700000000000000000e+02 1.039206166751682758e-03 2.200010232627391815e-02 1.039206166751682758e-03 2.200010232627391815e-02 7.009587436914443970e-02 2.182530052959918976e-02
8.800000000000000000e+02 1.253494760021567345e-03 2.174243703484535217e-02 1.253494760021567345e-03 2.174243703484535217e-02 6.968191266059875488e-02 2.156827412545681000e-02
8.900000000000000000e+02 1.062793191522359848e-03 2.154281176626682281e-02 1.062793191522359848e-03 2.154281176626682281e-02 6.937538832426071167e-02 2.137893624603748322e-02
9.000000000000000000e+02 9.815623052418231964e-04 2.135601453483104706e-02 9.815623052418231964e-04 2.135601453483104706e-02 6.907453387975692749e-02 2.119391597807407379e-02
9.100000000000000000e+02 9.130365215241909027e-04 2.117310278117656708e-02 9.130365215241909027e-04 2.117310278117656708e-02 6.877985596656799316e-02 2.101347222924232483e-02
9.200000000000000000e+02 9.081232128664851189e-04 2.098930440843105316e-02 9.081232128664851189e-04 2.098930440843105316e-02 6.848286092281341553e-02 2.083239145576953888e-02
9.300000000000000000e+02 8.946934831328690052e-04 2.080114930868148804e-02 8.946934831328690052e-04 2.080114930868148804e-02 6.817597895860671997e-02 2.064610458910465240e-02
9.400000000000000000e+02 9.732965845614671707e-04 2.061449550092220306e-02 9.732965845614671707e-04 2.061449550092220306e-02 6.787037849426269531e-02 2.046142145991325378e-02
9.500000000000000000e+02 3.269575163722038269e-02 2.063152007758617401e-02 3.269575163722038269e-02 2.063152007758617401e-02 6.790080666542053223e-02 2.047977223992347717e-02
9.600000000000000000e+02 1.846851431764662266e-03 2.103977650403976440e-02 1.846851431764662266e-03 2.103977650403976440e-02 6.852370500564575195e-02 2.085725031793117523e-02
9.700000000000000000e+02 2.371670911088585854e-03 2.082079276442527771e-02 2.371670911088585854e-03 2.082079276442527771e-02 6.820745021104812622e-02 2.066517062485218048e-02
9.800000000000000000e+02 1.424526562914252281e-03 2.031052112579345703e-02 1.424526562914252281e-03 2.031052112579345703e-02 6.734824925661087036e-02 2.014780975878238678e-02
9.900000000000000000e+02 8.383229724131524563e-04 2.003783546388149261e-02 8.383229724131524563e-04 2.003783546388149261e-02 6.689698249101638794e-02 1.987871527671813965e-02
1.000000000000000000e+03 9.234492317773401737e-04 1.983905956149101257e-02 9.234492317773401737e-04 1.983905956149101257e-02 6.658061593770980835e-02 1.969113945960998535e-02
1.010000000000000000e+03 8.597646374255418777e-04 1.965171657502651215e-02 8.597646374255418777e-04 1.965171657502651215e-02 6.626761704683303833e-02 1.950643584132194519e-02
1.020000000000000000e+03 8.197826682589948177e-04 1.946567930281162262e-02 8.197826682589948177e-04 1.946567930281162262e-02 6.595298647880554199e-02 1.932165026664733887e-02
1.030000000000000000e+03 8.131529320962727070e-04 1.927077956497669220e-02 8.131529320962727070e-04 1.927077956497669220e-02 6.562417745590209961e-02 1.912947557866573334e-02
1.040000000000000000e+03 8.171262452378869057e-04 1.907482556998729706e-02 8.171262452378869057e-04 1.907482556998729706e-02 6.529205292463302612e-02 1.893633417785167694e-02
1.050000000000000000e+03 8.223970071412622929e-04 1.888171024620532990e-02 8.223970071412622929e-04 1.888171024620532990e-02 6.496331840753555298e-02 1.874613016843795776e-02
1.060000000000000000e+03 8.431234164163470268e-04 1.869471743702888489e-02 8.431234164163470268e-04 1.869471743702888489e-02 6.464272737503051758e-02 1.856156438589096069e-02
1.070000000000000000e+03 1.075721252709627151e-02 1.858642324805259705e-02 1.075721252709627151e-02 1.858642324805259705e-02 6.444851309061050415e-02 1.845020055770874023e-02
1.080000000000000000e+03 7.795206271111965179e-03 1.920310221612453461e-02 7.795206271111965179e-03 1.920310221612453461e-02 6.547190994024276733e-02 1.904080435633659363e-02
1.090000000000000000e+03 3.418378997594118118e-03 1.895788311958312988e-02 3.418378997594118118e-03 1.895788311958312988e-02 6.509096175432205200e-02 1.881987228989601135e-02
1.100000000000000000e+03 1.987461233511567116e-03 1.842321455478668213e-02 1.987461233511567116e-03 1.842321455478668213e-02 6.412948668003082275e-02 1.826798915863037109e-02
1.110000000000000000e+03 9.388078469783067703e-04 1.808353886008262634e-02 9.388078469783067703e-04 1.808353886008262634e-02 6.356462091207504272e-02 1.794759184122085571e-02
1.120000000000000000e+03 1.028288505040109158e-03 1.791265420615673065e-02 1.028288505040109158e-03 1.791265420615673065e-02 6.328146904706954956e-02 1.778805255889892578e-02
1.130000000000000000e+03 8.830219157971441746e-04 1.773761026561260223e-02 8.830219157971441746e-04 1.773761026561260223e-02 6.297063082456588745e-02 1.761373504996299744e-02
1.140000000000000000e+03 8.437221986241638660e-04 1.756135374307632446e-02 8.437221986241638660e-04 1.756135374307632446e-02 6.265570223331451416e-02 1.743799448013305664e-02
1.150000000000000000e+03 8.471505716443061829e-04 1.737581007182598114e-02 8.471505716443061829e-04 1.737581007182598114e-02 6.232650578022003174e-02 1.725523360073566437e-02
1.160000000000000000e+03 8.452287293039262295e-04 1.719444431364536285e-02 8.452287293039262295e-04 1.719444431364536285e-02 6.200310960412025452e-02 1.707663200795650482e-02
1.170000000000000000e+03 8.565664174966514111e-04 1.701863855123519897e-02 8.565664174966514111e-04 1.701863855123519897e-02 6.168796867132186890e-02 1.690348237752914429e-02
1.180000000000000000e+03 8.660305757075548172e-04 1.684528961777687073e-02 8.660305757075548172e-04 1.684528961777687073e-02 6.137604266405105591e-02 1.673297025263309479e-02
1.190000000000000000e+03 8.750135893933475018e-04 1.667343825101852417e-02 8.750135893933475018e-04 1.667343825101852417e-02 6.106501072645187378e-02 1.656380854547023773e-02
1.200000000000000000e+03 9.881416335701942444e-04 1.649954542517662048e-02 9.881416335701942444e-04 1.649954542517662048e-02 6.074951961636543274e-02 1.639309525489807129e-02
1.210000000000000000e+03 2.873211354017257690e-02 1.699257828295230865e-02 2.873211354017257690e-02 1.699257828295230865e-02 6.169736385345458984e-02 1.690863259136676788e-02
1.220000000000000000e+03 1.007161661982536316e-02 1.790266297757625580e-02 1.007161661982536316e-02 1.790266297757625580e-02 6.314282864332199097e-02 1.771019585430622101e-02
1.230000000000000000e+03 1.297956332564353943e-03 1.688792183995246887e-02 1.297956332564353943e-03 1.688792183995246887e-02 6.140516698360443115e-02 1.674885675311088562e-02
1.240000000000000000e+03 2.703038509935140610e-03 1.632631756365299225e-02 2.703038509935140610e-03 1.632631756365299225e-02 6.041596084833145142e-02 1.621357165277004242e-02
1.250000000000000000e+03 1.887770602479577065e-03 1.609532535076141357e-02 1.887770602479577065e-03 1.609532535076141357e-02 5.998051911592483521e-02 1.598069630563259125e-02
1.260000000000000000e+03 1.176549470983445644e-03 1.592588238418102264e-02 1.176549470983445644e-03 1.592588238418102264e-02 5.968039110302925110e-02 1.582116819918155670e-02
1.270000000000000000e+03 8.868928416632115841e-04 1.578678376972675323e-02 8.868928416632115841e-04 1.578678376972675323e-02 5.942283943295478821e-02 1.568491198122501373e-02
1.280000000000000000e+03 8.666589274071156979e-04 1.561056543141603470e-02 8.666589274071156979e-04 1.561056543141603470e-02 5.909172445535659790e-02 1.551059912890195847e-02
1.290000000000000000e+03 8.942191489040851593e-04 1.543704327195882797e-02 8.942191489040851593e-04 1.543704327195882797e-02 5.876532942056655884e-02 1.533972751349210739e-02
1.300000000000000000e+03 8.848253637552261353e-04 1.527567859739065170e-02 8.848253637552261353e-04 1.527567859739065170e-02 5.846117809414863586e-02 1.518135052174329758e-02
1.310000000000000000e+03 8.878969238139688969e-04 1.511823385953903198e-02 8.878969238139688969e-04 1.511823385953903198e-02 5.816314369440078735e-02 1.502695772796869278e-02
1.320000000000000000e+03 8.955153753049671650e-04 1.496060192584991455e-02 8.955153753049671650e-04 1.496060192584991455e-02 5.786301568150520325e-02 1.487227622419595718e-02
1.330000000000000000e+03 9.026134503073990345e-04 1.480605266988277435e-02 9.026134503073990345e-04 1.480605266988277435e-02 5.756701156497001648e-02 1.472050324082374573e-02
1.340000000000000000e+03 9.069757070392370224e-04 1.465582940727472305e-02 9.069757070392370224e-04 1.465582940727472305e-02 5.727823451161384583e-02 1.457318942993879318e-02
1.350000000000000000e+03 9.104342898353934288e-04 1.450803503394126892e-02 9.104342898353934288e-04 1.450803503394126892e-02 5.699218809604644775e-02 1.442799437791109085e-02
1.360000000000000000e+03 9.134071297012269497e-04 1.436145044863224030e-02 9.134071297012269497e-04 1.436145044863224030e-02 5.670761317014694214e-02 1.428426988422870636e-02
1.370000000000000000e+03 9.154604631476104259e-04 1.421735435724258423e-02 9.154604631476104259e-04 1.421735435724258423e-02 5.642672255635261536e-02 1.414311025291681290e-02
1.380000000000000000e+03 9.293463081121444702e-04 1.407383568584918976e-02 9.293463081121444702e-04 1.407383568584918976e-02 5.614610388875007629e-02 1.400278881192207336e-02
1.390000000000000000e+03 2.534750383347272873e-03 1.391650829464197159e-02 2.534750383347272873e-03 1.391650829464197159e-02 5.584283918142318726e-02 1.385193038731813431e-02
1.400000000000000000e+03 6.633947603404521942e-03 1.432727277278900146e-02 6.633947603404521942e-03 1.432727277278900146e-02 5.664063617587089539e-02 1.425054855644702911e-02
1.410000000000000000e+03 2.431900473311543465e-03 1.414911355823278427e-02 2.431900473311543465e-03 1.414911355823278427e-02 5.624765902757644653e-02 1.405349001288414001e-02
1.420000000000000000e+03 9.121636976487934589e-04 1.367411110550165176e-02 9.121636976487934589e-04 1.367411110550165176e-02 5.532642826437950134e-02 1.359692029654979706e-02
1.430000000000000000e+03 8.998870034702122211e-04 1.352247036993503571e-02 8.998870034702122211e-04 1.352247036993503571e-02 5.504660680890083313e-02 1.345973368734121323e-02
1.440000000000000000e+03 8.814659086056053638e-04 1.343201193958520889e-02 8.814659086056053638e-04 1.343201193958520889e-02 5.486762896180152893e-02 1.337234675884246826e-02
1.450000000000000000e+03 9.064895566552877426e-04 1.328141894191503525e-02 9.064895566552877426e-04 1.328141894191503525e-02 5.456336215138435364e-02 1.322444900870323181e-02
1.460000000000000000e+03 8.626626222394406796e-04 1.312102004885673523e-02 8.626626222394406796e-04 1.312102004885673523e-02 5.424021929502487183e-02 1.306827180087566376e-02
1.470000000000000000e+03 8.653425029478967190e-04 1.298342924565076828e-02 8.653425029478967190e-04 1.298342924565076828e-02 5.396066978573799133e-02 1.293391454964876175e-02
1.480000000000000000e+03 8.560678688809275627e-04 1.284883636981248856e-02 8.560678688809275627e-04 1.284883636981248856e-02 5.368506535887718201e-02 1.280213333666324615e-02
1.490000000000000000e+03 8.540701819583773613e-04 1.271162275224924088e-02 8.540701819583773613e-04 1.271162275224924088e-02 5.340439081192016602e-02 1.266861893236637115e-02
1.500000000000000000e+03 8.548597106710076332e-04 1.257024612277746201e-02 8.548597106710076332e-04 1.257024612277746201e-02 5.311371013522148132e-02 1.253108214586973190e-02
1.510000000000000000e+03 8.619605796411633492e-04 1.243546139448881149e-02 8.619605796411633492e-04 1.243546139448881149e-02 5.283450707793235779e-02 1.239968370646238327e-02
1.520000000000000000e+03 6.395550910383462906e-03 1.228065695613622665e-02 6.395550910383462906e-03 1.228065695613622665e-02 5.252853035926818848e-02 1.225647982209920883e-02
1.530000000000000000e+03 9.115217253565788269e-04 1.277658715844154358e-02 9.115217253565788269e-04 1.277658715844154358e-02 5.348306149244308472e-02 1.270596962422132492e-02
1.540000000000000000e+03 1.543711172416806221e-03 1.257761288434267044e-02 1.543711172416806221e-03 1.257761288434267044e-02 5.309830233454704285e-02 1.252381224185228348e-02
1.550000000000000000e+03 1.961141824722290039e-03 1.209661643952131271e-02 1.961141824722290039e-03 1.209661643952131271e-02 5.210038647055625916e-02 1.205749902874231339e-02
1.560000000000000000e+03 1.037423731759190559e-03 1.196673978120088577e-02 1.037423731759190559e-03 1.196673978120088577e-02 5.183977261185646057e-02 1.193717215210199356e-02
1.570000000000000000e+03 7.421984919346868992e-04 1.185288093984127045e-02 7.421984919346868992e-04 1.185288093984127045e-02 5.160176008939743042e-02 1.182780880481004715e-02
1.580000000000000000e+03 7.796659483574330807e-04 1.168628316372632980e-02 7.796659483574330807e-04 1.168628316372632980e-02 5.125417187809944153e-02 1.166900061070919037e-02
1.590000000000000000e+03 7.679357659071683884e-04 1.153578795492649078e-02 7.679357659071683884e-04 1.153578795492649078e-02 5.093141272664070129e-02 1.152249984443187714e-02
1.600000000000000000e+03 7.548577268607914448e-04 1.139489375054836273e-02 7.548577268607914448e-04 1.139489375054836273e-02 5.062243342399597168e-02 1.138312090188264847e-02
1.610000000000000000e+03 7.535128970630466938e-04 1.125597860664129257e-02 7.535128970630466938e-04 1.125597860664129257e-02 5.031973496079444885e-02 1.124739646911621094e-02
1.620000000000000000e+03 7.546134293079376221e-04 1.111199427396059036e-02 7.546134293079376221e-04 1.111199427396059036e-02 5.000700801610946655e-02 1.110802777111530304e-02
1.630000000000000000e+03 7.530119037255644798e-04 1.097341254353523254e-02 7.530119037255644798e-04 1.097341254353523254e-02 4.970292747020721436e-02 1.097334921360015869e-02
1.640000000000000000e+03 7.497189799323678017e-04 1.083535328507423401e-02 7.497189799323678017e-04 1.083535328507423401e-02 4.939687624573707581e-02 1.083862874656915665e-02
1.650000000000000000e+03 7.462890353053808212e-04 1.069866213947534561e-02 7.462890353053808212e-04 1.069866213947534561e-02 4.909265413880348206e-02 1.070553343743085861e-02
1.660000000000000000e+03 7.444737129844725132e-04 1.056060101836919785e-02 7.444737129844725132e-04 1.056060101836919785e-02 4.878416657447814941e-02 1.057141181081533432e-02
1.670000000000000000e+03 7.519318605773150921e-04 1.042458042502403259e-02 7.519318605773150921e-04 1.042458042502403259e-02 4.847869649529457092e-02 1.043943967670202255e-02
1.680000000000000000e+03 2.367080887779593468e-03 1.027319952845573425e-02 2.367080887779593468e-03 1.027319952845573425e-02 4.814748093485832214e-02 1.029727980494499207e-02
1.690000000000000000e+03 4.571380559355020523e-03 1.058408990502357483e-02 4.571380559355020523e-03 1.058408990502357483e-02 4.879628121852874756e-02 1.057666447013616562e-02
1.700000000000000000e+03 2.668509259819984436e-03 1.037144474685192108e-02 2.668509259819984436e-03 1.037144474685192108e-02 4.830306768417358398e-02 1.036393456161022186e-02
1.710000000000000000e+03 1.617507892660796642e-03 9.988361969590187073e-03 1.617507892660796642e-03 9.988361969590187073e-03 4.746050015091896057e-02 1.000552624464035034e-02
1.720000000000000000e+03 7.707006880082190037e-04 9.870430454611778259e-03 7.707006880082190037e-04 9.870430454611778259e-03 4.719615727663040161e-02 9.894380345940589905e-03
1.730000000000000000e+03 6.870127981528639793e-04 9.737812913954257965e-03 6.870127981528639793e-04 9.737812913954257965e-03 4.689271003007888794e-02 9.767557494342327118e-03
1.740000000000000000e+03 7.215729565359652042e-04 9.581019170582294464e-03 7.215729565359652042e-04 9.581019170582294464e-03 4.653399437665939331e-02 9.618692100048065186e-03
1.750000000000000000e+03 6.863228045403957367e-04 9.447000920772552490e-03 6.863228045403957367e-04 9.447000920772552490e-03 4.621188342571258545e-02 9.485989809036254883e-03
1.760000000000000000e+03 6.795310764573514462e-04 9.303899481892585754e-03 6.795310764573514462e-04 9.303899481892585754e-03 4.587062448263168335e-02 9.346404112875461578e-03
1.770000000000000000e+03 6.727039581164717674e-04 9.166891686618328094e-03 6.727039581164717674e-04 9.166891686618328094e-03 4.553991556167602539e-02 9.212123230099678040e-03
1.780000000000000000e+03 6.771901971660554409e-04 9.030470624566078186e-03 6.771901971660554409e-04 9.030470624566078186e-03 4.521026089787483215e-02 9.079235605895519257e-03
1.790000000000000000e+03 8.214609115384519100e-04 8.904768154025077820e-03 8.214609115384519100e-04 8.904768154025077820e-03 4.489978030323982239e-02 8.954962715506553650e-03
1.800000000000000000e+03 1.024273689836263657e-02 8.948042988777160645e-03 1.024273689836263657e-02 8.948042988777160645e-03 4.497332498431205750e-02 8.984322659671306610e-03
1.810000000000000000e+03 8.416282944381237030e-04 8.873379789292812347e-03 8.416282944381237030e-04 8.873379789292812347e-03 4.474718496203422546e-02 8.894197642803192139e-03
1.820000000000000000e+03 7.867508684284985065e-04 8.556463755667209625e-03 7.867508684284985065e-04 8.556463755667209625e-03 4.402418807148933411e-02 8.609104901552200317e-03
1.830000000000000000e+03 1.050361082889139652e-03 8.437393233180046082e-03 1.050361082889139652e-03 8.437393233180046082e-03 4.375380277633666992e-02 8.503679186105728149e-03
1.840000000000000000e+03 6.975220749154686928e-04 8.346844464540481567e-03 6.975220749154686928e-04 8.346844464540481567e-03 4.351224005222320557e-02 8.410043083131313324e-03
1.850000000000000000e+03 6.291972822509706020e-04 8.188812062144279480e-03 6.291972822509706020e-04 8.188812062144279480e-03 4.312204942107200623e-02 8.259885944426059723e-03
1.860000000000000000e+03 6.384063744917511940e-04 8.056472986936569214e-03 6.384063744917511940e-04 8.056472986936569214e-03 4.277838766574859619e-02 8.128757588565349579e-03
1.870000000000000000e+03 6.569904508069157600e-04 7.919621653854846954e-03 6.569904508069157600e-04 7.919621653854846954e-03 4.242587834596633911e-02 7.995341904461383820e-03
1.880000000000000000e+03 9.014453389681875706e-04 7.784917019307613373e-03 9.014453389681875706e-04 7.784917019307613373e-03 4.208057373762130737e-02 7.865722291171550751e-03
1.890000000000000000e+03 5.864193663001060486e-03 7.702905219048261642e-03 5.864193663001060486e-03 7.702905219048261642e-03 4.189335554838180542e-02 7.795888930559158325e-03
1.900000000000000000e+03 1.073780702427029610e-03 7.695638574659824371e-03 1.073780702427029610e-03 7.695638574659824371e-03 4.178198054432868958e-02 7.754491176456212997e-03
1.910000000000000000e+03 8.813600288704037666e-04 7.471678312867879868e-03 8.813600288704037666e-04 7.471678312867879868e-03 4.122618958353996277e-02 7.549560628831386566e-03
1.920000000000000000e+03 7.549019064754247665e-04 7.357539609074592590e-03 7.549019064754247665e-04 7.357539609074592590e-03 4.093920066952705383e-02 7.444816641509532928e-03
1.930000000000000000e+03 5.941420095041394234e-04 7.253932766616344452e-03 5.941420095041394234e-04 7.253932766616344452e-03 4.065944626927375793e-02 7.343417499214410782e-03
1.940000000000000000e+03 8.129939087666571140e-04 7.137598004192113876e-03 8.129939087666571140e-04 7.137598004192113876e-03 4.034136235713958740e-02 7.228969596326351166e-03
1.950000000000000000e+03 1.627143705263733864e-03 7.040358148515224457e-03 1.627143705263733864e-03 7.040358148515224457e-03 4.005970060825347900e-02 7.128377445042133331e-03
1.960000000000000000e+03 1.109897857531905174e-03 6.969477050006389618e-03 1.109897857531905174e-03 6.969477050006389618e-03 3.985435888171195984e-02 7.055486086755990982e-03
1.970000000000000000e+03 1.474417163990437984e-03 6.803638767451047897e-03 1.474417163990437984e-03 6.803638767451047897e-03 3.943508863449096680e-02 6.907819304615259171e-03
1.980000000000000000e+03 6.330601754598319530e-04 6.702578160911798477e-03 6.330601754598319530e-04 6.702578160911798477e-03 3.912966325879096985e-02 6.801231764256954193e-03
1.990000000000000000e+03 2.165389480069279671e-03 6.629764102399349213e-03 2.165389480069279671e-03 6.629764102399349213e-03 3.890984132885932922e-02 6.725029554218053818e-03
2.000000000000000000e+03 6.104274652898311615e-04 6.553853861987590790e-03 6.104274652898311615e-04 6.553853861987590790e-03 3.869046270847320557e-02 6.649410352110862732e-03
2.010000000000000000e+03 7.580801029689610004e-04 6.445922423154115677e-03 7.580801029689610004e-04 6.445922423154115677e-03 3.839424625039100647e-02 6.547984201461076736e-03
2.020000000000000000e+03 5.660353926941752434e-04 6.328896153718233109e-03 5.660353926941752434e-04 6.328896153718233109e-03 3.806993737816810608e-02 6.437832489609718323e-03
2.030000000000000000e+03 9.323104168288409710e-04 6.218707188963890076e-03 9.323104168288409710e-04 6.218707188963890076e-03 3.776511549949645996e-02 6.335149053484201431e-03
2.040000000000000000e+03 6.988980458118021488e-04 6.115851923823356628e-03 6.988980458118021488e-04 6.115851923823356628e-03 3.745478764176368713e-02 6.231463048607110977e-03
2.050000000000000000e+03 1.977696781978011131e-03 6.008571479469537735e-03 1.977696781978011131e-03 6.008571479469537735e-03 3.715239837765693665e-02 6.131250411272048950e-03
2.060000000000000000e+03 6.230664439499378204e-04 6.057905498892068863e-03 6.230664439499378204e-04 6.057905498892068863e-03 3.724333271384239197e-02 6.161300465464591980e-03
2.070000000000000000e+03 1.544802216812968254e-03 5.883556324988603592e-03 1.544802216812968254e-03 5.883556324988603592e-03 3.676763176918029785e-02 6.004911381751298904e-03
2.080000000000000000e+03 1.029619830660521984e-03 5.814739037305116653e-03 1.029619830660521984e-03 5.814739037305116653e-03 3.653920441865921021e-02 5.930529441684484482e-03
2.090000000000000000e+03 8.006481220945715904e-04 5.703771021217107773e-03 8.006481220945715904e-04 5.703771021217107773e-03 3.622326254844665527e-02 5.828414577990770340e-03
2.100000000000000000e+03 5.412663449533283710e-04 5.616257898509502411e-03 5.412663449533283710e-04 5.616257898509502411e-03 3.594546020030975342e-02 5.739359185099601746e-03
2.110000000000000000e+03 7.751340745016932487e-04 5.538702476769685745e-03 7.751340745016932487e-04 5.538702476769685745e-03 3.569556772708892822e-02 5.659835878759622574e-03
2.120000000000000000e+03 5.997913889586925507e-03 5.589894019067287445e-03 5.997913889586925507e-03 5.589894019067287445e-03 3.582561388611793518e-02 5.701151210814714432e-03
2.130000000000000000e+03 1.148045645095407963e-03 5.434240680187940598e-03 1.148045645095407963e-03 5.434240680187940598e-03 3.536782041192054749e-02 5.556378513574600220e-03
2.140000000000000000e+03 6.666121771559119225e-04 5.317938048392534256e-03 6.666121771559119225e-04 5.317938048392534256e-03 3.502751886844635010e-02 5.449968855828046799e-03
2.150000000000000000e+03 6.296819192357361317e-04 5.277459975332021713e-03 6.296819192357361317e-04 5.277459975332021713e-03 3.487284481525421143e-02 5.401944741606712341e-03
2.160000000000000000e+03 5.109821213409304619e-04 5.184799898415803909e-03 5.109821213409304619e-04 5.184799898415803909e-03 3.459408134222030640e-02 5.315925925970077515e-03
2.170000000000000000e+03 7.573975017294287682e-04 5.099811125546693802e-03 7.573975017294287682e-04 5.099811125546693802e-03 3.432868421077728271e-02 5.234673619270324707e-03
2.180000000000000000e+03 1.582055352628231049e-03 5.026145372539758682e-03 1.582055352628231049e-03 5.026145372539758682e-03 3.409910202026367188e-02 5.164891015738248825e-03
2.190000000000000000e+03 8.864690316841006279e-04 4.991534631699323654e-03 8.864690316841006279e-04 4.991534631699323654e-03 3.396696969866752625e-02 5.124941468238830566e-03
2.200000000000000000e+03 1.349402940832078457e-03 4.949193447828292847e-03 1.349402940832078457e-03 4.949193447828292847e-03 3.382080793380737305e-02 5.080929491668939590e-03
2.210000000000000000e+03 4.873070865869522095e-04 4.862595815211534500e-03 4.873070865869522095e-04 4.862595815211534500e-03 3.354593738913536072e-02 4.998677410185337067e-03
2.220000000000000000e+03 1.439312123693525791e-03 4.780953750014305115e-03 1.439312123693525791e-03 4.780953750014305115e-03 3.330675512552261353e-02 4.927651491016149521e-03
2.230000000000000000e+03 7.194126956164836884e-04 4.804897587746381760e-03 7.194126956164836884e-04 4.804897587746381760e-03 3.335714340209960938e-02 4.942572675645351410e-03
2.240000000000000000e+03 7.180019747465848923e-04 4.716932307928800583e-03 7.180019747465848923e-04 4.716932307928800583e-03 3.308261930942535400e-02 4.861553199589252472e-03
2.250000000000000000e+03 6.399880512617528439e-04 4.661018028855323792e-03 6.399880512617528439e-04 4.661018028855323792e-03 3.286876156926155090e-02 4.798902664333581924e-03
2.260000000000000000e+03 4.677333054132759571e-04 4.589010495692491531e-03 4.677333054132759571e-04 4.589010495692491531e-03 3.264105692505836487e-02 4.732642322778701782e-03
2.270000000000000000e+03 7.319001015275716782e-04 4.520327784121036530e-03 7.319001015275716782e-04 4.520327784121036530e-03 3.241441398859024048e-02 4.667147994041442871e-03
2.280000000000000000e+03 7.733472157269716263e-04 4.464501515030860901e-03 7.733472157269716263e-04 4.464501515030860901e-03 3.221892565488815308e-02 4.611024633049964905e-03
2.290000000000000000e+03 2.916788915172219276e-03 4.417305812239646912e-03 2.916788915172219276e-03 4.417305812239646912e-03 3.208233043551445007e-02 4.572009202092885971e-03
2.300000000000000000e+03 1.262872596271336079e-03 4.429642111063003540e-03 1.262872596271336079e-03 4.429642111063003540e-03 3.204140812158584595e-02 4.560352303087711334e-03
2.310000000000000000e+03 7.783516193740069866e-04 4.318026360124349594e-03 7.783516193740069866e-04 4.318026360124349594e-03 3.171004354953765869e-02 4.466517362743616104e-03
2.320000000000000000e+03 4.488183185458183289e-04 4.291263874620199203e-03 4.488183185458183289e-04 4.291263874620199203e-03 3.159998357295989990e-02 4.435565322637557983e-03
2.330000000000000000e+03 9.442249429412186146e-04 4.258400294929742813e-03 9.442249429412186146e-04 4.258400294929742813e-03 3.148000687360763550e-02 4.401948302984237671e-03
2.340000000000000000e+03 9.982296032831072807e-04 4.224456846714019775e-03 9.982296032831072807e-04 4.224456846714019775e-03 3.134988248348236084e-02 4.365632310509681702e-03
2.350000000000000000e+03 6.466166814789175987e-04 4.161956254392862320e-03 6.466166814789175987e-04 4.161956254392862320e-03 3.113941289484500885e-02 4.307210445404052734e-03
2.360000000000000000e+03 1.901279320009052753e-03 4.142542835325002670e-03 1.901279320009052753e-03 4.142542835325002670e-03 3.105645067989826202e-02 4.284290596842765808e-03
2.370000000000000000e+03 4.900081548839807510e-04 4.114370793104171753e-03 4.900081548839807510e-04 4.114370793104171753e-03 3.095904551446437836e-02 4.257458262145519257e-03
2.380000000000000000e+03 8.334383019246160984e-04 4.062852822244167328e-03 8.334383019246160984e-04 4.062852822244167328e-03 3.078105114400386810e-02 4.208643455058336258e-03
2.390000000000000000e+03 6.389585323631763458e-04 4.009040538221597672e-03 6.389585323631763458e-04 4.009040538221597672e-03 3.059865161776542664e-02 4.158913623541593552e-03
2.400000000000000000e+03 4.124879487790167332e-04 3.972511738538742065e-03 4.124879487790167332e-04 3.972511738538742065e-03 3.046591579914093018e-02 4.122909158468246460e-03
2.410000000000000000e+03 6.249305442906916142e-04 3.937988076359033585e-03 6.249305442906916142e-04 3.937988076359033585e-03 3.032897971570491791e-02 4.085930529981851578e-03
2.420000000000000000e+03 6.343526765704154968e-04 3.895374946296215057e-03 6.343526765704154968e-04 3.895374946296215057e-03 3.017080947756767273e-02 4.043423570692539215e-03
2.430000000000000000e+03 3.122891299426555634e-03 3.910607658326625824e-03 3.122891299426555634e-03 3.910607658326625824e-03 3.020736388862133026e-02 4.053226672112941742e-03
2.440000000000000000e+03 1.563443336635828018e-03 3.818769706413149834e-03 1.563443336635828018e-03 3.818769706413149834e-03 2.989753335714340210e-02 3.970507532358169556e-03
2.450000000000000000e+03 1.219697878696024418e-03 3.816107753664255142e-03 1.219697878696024418e-03 3.816107753664255142e-03 2.987550944089889526e-02 3.964659292250871658e-03
2.460000000000000000e+03 7.601860561408102512e-04 3.763809800148010254e-03 7.601860561408102512e-04 3.763809800148010254e-03 2.971167489886283875e-02 3.921295516192913055e-03
2.470000000000000000e+03 4.314022080507129431e-04 3.738286672160029411e-03 4.314022080507129431e-04 3.738286672160029411e-03 2.960072085261344910e-02 3.892063861712813377e-03
2.480000000000000000e+03 5.401344387792050838e-04 3.709940239787101746e-03 5.401344387792050838e-04 3.709940239787101746e-03 2.949080243706703186e-02 3.863211022689938545e-03
2.490000000000000000e+03 8.527162135578691959e-04 3.679955611005425453e-03 8.527162135578691959e-04 3.679955611005425453e-03 2.937186695635318756e-02 3.832113696262240410e-03
2.500000000000000000e+03 2.823664573952555656e-03 3.740380052477121353e-03 2.823664573952555656e-03 3.740380052477121353e-03 2.958119288086891174e-02 3.886929946020245552e-03
