# step, loss_train, loss_test, metrics_test
0.000000000000000000e+00 6.997704029083251953e+00 2.056984138488769531e+01 3.693371295928955078e+00 3.194798088073730469e+01 6.997704029083251953e+00 2.056984138488769531e+01 3.693371295928955078e+00 3.194798088073730469e+01 9.853973388671875000e-01 6.869673252105712891e+00
1.000000000000000000e+01 5.967460155487060547e+00 2.065010643005371094e+01 3.763490915298461914e+00 2.376857948303222656e+01 5.967460155487060547e+00 2.065010643005371094e+01 3.763490915298461914e+00 2.376857948303222656e+01 8.506355881690979004e-01 5.119179725646972656e+00
2.000000000000000000e+01 4.968106269836425781e+00 2.121405982971191406e+01 3.842590332031250000e+00 1.986456680297851562e+01 4.968106269836425781e+00 2.121405982971191406e+01 3.842590332031250000e+00 1.986456680297851562e+01 7.818738222122192383e-01 4.325005054473876953e+00
3.000000000000000000e+01 3.923477649688720703e+00 2.136133766174316406e+01 3.951218843460083008e+00 1.749387741088867188e+01 3.923477649688720703e+00 2.136133766174316406e+01 3.951218843460083008e+00 1.749387741088867188e+01 7.494006156921386719e-01 3.973209619522094727e+00
4.000000000000000000e+01 3.281539916992187500e+00 2.143968009948730469e+01 4.336813449859619141e+00 1.512411785125732422e+01 3.281539916992187500e+00 2.143968009948730469e+01 4.336813449859619141e+00 1.512411785125732422e+01 7.384514212608337402e-01 3.857955694198608398e+00
5.000000000000000000e+01 2.566321611404418945e+00 2.184123229980468750e+01 4.316878795623779297e+00 1.313995456695556641e+01 2.566321611404418945e+00 2.184123229980468750e+01 4.316878795623779297e+00 1.313995456695556641e+01 7.073794603347778320e-01 3.540122509002685547e+00
6.000000000000000000e+01 1.904168128967285156e+00 2.254443740844726562e+01 4.232898712158203125e+00 1.085327148437500000e+01 1.904168128967285156e+00 2.254443740844726562e+01 4.232898712158203125e+00 1.085327148437500000e+01 6.589114069938659668e-01 3.071619510650634766e+00
7.000000000000000000e+01 1.276719689369201660e+00 2.336399269104003906e+01 4.150081157684326172e+00 8.625847816467285156e+00 1.276719689369201660e+00 2.336399269104003906e+01 4.150081157684326172e+00 8.625847816467285156e+00 6.152644157409667969e-01 2.678162574768066406e+00
8.000000000000000000e+01 9.061477780342102051e-01 2.376124382019042969e+01 4.056665420532226562e+00 7.047344207763671875e+00 9.061477780342102051e-01 2.376124382019042969e+01 4.056665420532226562e+00 7.047344207763671875e+00 5.969297885894775391e-01 2.520924568176269531e+00
9.000000000000000000e+01 8.880370259284973145e-01 2.389672470092773438e+01 3.973618984222412109e+00 6.030281066894531250e+00 8.880370259284973145e-01 2.389672470092773438e+01 3.973618984222412109e+00 6.030281066894531250e+00 5.916373133659362793e-01 2.476421117782592773e+00
1.000000000000000000e+02 8.841553926467895508e-01 2.374368095397949219e+01 3.963568925857543945e+00 5.503865718841552734e+00 8.841553926467895508e-01 2.374368095397949219e+01 3.963568925857543945e+00 5.503865718841552734e+00 5.997645258903503418e-01 2.544924736022949219e+00
1.100000000000000000e+02 9.350729584693908691e-01 2.353520393371582031e+01 3.983739137649536133e+00 5.036353588104248047e+00 9.350729584693908691e-01 2.353520393371582031e+01 3.983739137649536133e+00 5.036353588104248047e+00 6.040702462196350098e-01 2.581595420837402344e+00
1.200000000000000000e+02 9.914944767951965332e-01 2.320961380004882812e+01 3.973829984664916992e+00 4.713347434997558594e+00 9.914944767951965332e-01 2.320961380004882812e+01 3.973829984664916992e+00 4.713347434997558594e+00 6.139178872108459473e-01 2.666452646255493164e+00
1.300000000000000000e+02 1.075404047966003418e+00 2.280847167968750000e+01 3.968474149703979492e+00 4.346403598785400391e+00 1.075404047966003418e+00 2.280847167968750000e+01 3.968474149703979492e+00 4.346403598785400391e+00 6.232877373695373535e-01 2.748466730117797852e+00
1.400000000000000000e+02 1.149824500083923340e+00 2.235704612731933594e+01 3.955674648284912109e+00 3.922485351562500000e+00 1.149824500083923340e+00 2.235704612731933594e+01 3.955674648284912109e+00 3.922485351562500000e+00 6.343384981155395508e-01 2.846790552139282227e+00
1.500000000000000000e+02 1.196448206901550293e+00 2.182936286926269531e+01 3.942160606384277344e+00 3.484869956970214844e+00 1.196448206901550293e+00 2.182936286926269531e+01 3.942160606384277344e+00 3.484869956970214844e+00 6.497796177864074707e-01 2.987070322036743164e+00
1.600000000000000000e+02 1.350078105926513672e+00 2.193625450134277344e+01 3.962996959686279297e+00 2.635767698287963867e+00 1.350078105926513672e+00 2.193625450134277344e+01 3.962996959686279297e+00 2.635767698287963867e+00 6.376174688339233398e-01 2.876296758651733398e+00
1.700000000000000000e+02 1.181416749954223633e+00 2.110415267944335938e+01 3.949169158935546875e+00 2.950537681579589844e+00 1.181416749954223633e+00 2.110415267944335938e+01 3.949169158935546875e+00 2.950537681579589844e+00 6.693876981735229492e-01 3.170069217681884766e+00
1.800000000000000000e+02 1.169852733612060547e+00 2.090993690490722656e+01 3.941956758499145508e+00 2.658159494400024414e+00 1.169852733612060547e+00 2.090993690490722656e+01 3.941956758499145508e+00 2.658159494400024414e+00 6.797254681587219238e-01 3.268740177154541016e+00
1.900000000000000000e+02 1.193125367164611816e+00 2.100267791748046875e+01 3.943401098251342773e+00 2.205125570297241211e+00 1.193125367164611816e+00 2.100267791748046875e+01 3.943401098251342773e+00 2.205125570297241211e+00 6.796724200248718262e-01 3.268229246139526367e+00
2.000000000000000000e+02 1.083389163017272949e+00 2.074829292297363281e+01 3.944235086441040039e+00 2.178185462951660156e+00 1.083389163017272949e+00 2.074829292297363281e+01 3.944235086441040039e+00 2.178185462951660156e+00 6.955987811088562012e-01 3.423189401626586914e+00
2.100000000000000000e+02 9.775862693786621094e-01 2.050540542602539062e+01 3.946757793426513672e+00 2.198358058929443359e+00 9.775862693786621094e-01 2.050540542602539062e+01 3.946757793426513672e+00 2.198358058929443359e+00 7.058387398719787598e-01 3.524716854095458984e+00
2.200000000000000000e+02 8.979327082633972168e-01 2.051216316223144531e+01 3.958593368530273438e+00 1.955714941024780273e+00 8.979327082633972168e-01 2.051216316223144531e+01 3.958593368530273438e+00 1.955714941024780273e+00 7.015634179115295410e-01 3.482147693634033203e+00
2.300000000000000000e+02 8.093863725662231445e-01 2.038900184631347656e+01 3.959547281265258789e+00 1.865001082420349121e+00 8.093863725662231445e-01 2.038900184631347656e+01 3.959547281265258789e+00 1.865001082420349121e+00 7.075023055076599121e-01 3.541351318359375000e+00
2.400000000000000000e+02 7.344744801521301270e-01 2.028050422668457031e+01 3.959819316864013672e+00 1.756963491439819336e+00 7.344744801521301270e-01 2.028050422668457031e+01 3.959819316864013672e+00 1.756963491439819336e+00 7.136288881301879883e-01 3.602949380874633789e+00
2.500000000000000000e+02 6.664115190505981445e-01 2.019771957397460938e+01 3.959898948669433594e+00 1.629864215850830078e+00 6.664115190505981445e-01 2.019771957397460938e+01 3.959898948669433594e+00 1.629864215850830078e+00 7.187967300415039062e-01 3.655321359634399414e+00
2.500000000000000000e+02 5.267258882522583008e-01 2.019771957397460938e+01 3.959898948669433594e+00 1.629864215850830078e+00 6.664115190505981445e-01 2.019771957397460938e+01 3.959898948669433594e+00 1.629864215850830078e+00 7.187967300415039062e-01 3.655321359634399414e+00
2.600000000000000000e+02 1.236003398895263672e+00 2.116374397277832031e+01 3.961587667465209961e+00 1.273536086082458496e+00 1.682579517364501953e+00 2.116374397277832031e+01 3.961587667465209961e+00 1.273536086082458496e+00 6.771081089973449707e-01 3.243615388870239258e+00
2.700000000000000000e+02 8.224709033966064453e-01 2.093518257141113281e+01 3.990001678466796875e+00 1.223542571067810059e+00 1.115864992141723633e+00 2.093518257141113281e+01 3.990001678466796875e+00 1.223542571067810059e+00 6.846213340759277344e-01 3.315997123718261719e+00
2.800000000000000000e+02 7.245084643363952637e-01 2.033930206298828125e+01 3.974400281906127930e+00 1.329747319221496582e+00 9.830942749977111816e-01 2.033930206298828125e+01 3.974400281906127930e+00 1.329747319221496582e+00 7.123662233352661133e-01 3.590211629867553711e+00
2.900000000000000000e+02 6.049878597259521484e-01 2.023171043395996094e+01 3.982589721679687500e+00 1.315696358680725098e+00 8.241858482360839844e-01 2.023171043395996094e+01 3.982589721679687500e+00 1.315696358680725098e+00 7.150501608848571777e-01 3.617315292358398438e+00
3.000000000000000000e+02 5.433208346366882324e-01 2.016838073730468750e+01 3.963794708251953125e+00 1.336726903915405273e+00 7.400917410850524902e-01 2.016838073730468750e+01 3.963794708251953125e+00 1.336726903915405273e+00 7.211989164352416992e-01 3.679793357849121094e+00
3.100000000000000000e+02 4.982802271842956543e-01 2.006488800048828125e+01 3.941427469253540039e+00 1.392119050025939941e+00 6.774073839187622070e-01 2.006488800048828125e+01 3.941427469253540039e+00 1.392119050025939941e+00 7.310191988945007324e-01 3.780688285827636719e+00
3.200000000000000000e+02 4.818066358566284180e-01 2.002733421325683594e+01 3.936695814132690430e+00 1.361783981323242188e+00 6.557741165161132812e-01 2.002733421325683594e+01 3.936695814132690430e+00 1.361783981323242188e+00 7.372507452964782715e-01 3.845420360565185547e+00
3.300000000000000000e+02 4.758138358592987061e-01 2.002796173095703125e+01 3.940654754638671875e+00 1.273147106170654297e+00 6.479778885841369629e-01 2.002796173095703125e+01 3.940654754638671875e+00 1.273147106170654297e+00 7.364157438278198242e-01 3.836714029312133789e+00
3.400000000000000000e+02 4.522782564163208008e-01 2.000327301025390625e+01 3.936968088150024414e+00 1.238240599632263184e+00 6.156270503997802734e-01 2.000327301025390625e+01 3.936968088150024414e+00 1.238240599632263184e+00 7.392743825912475586e-01 3.866558551788330078e+00
3.500000000000000000e+02 4.302630126476287842e-01 1.998174095153808594e+01 3.931682586669921875e+00 1.201375246047973633e+00 5.856780409812927246e-01 1.998174095153808594e+01 3.931682586669921875e+00 1.201375246047973633e+00 7.427567839622497559e-01 3.903072118759155273e+00
3.600000000000000000e+02 4.108085930347442627e-01 1.996733665466308594e+01 3.930176019668579102e+00 1.151683688163757324e+00 5.592894554138183594e-01 1.996733665466308594e+01 3.930176019668579102e+00 1.151683688163757324e+00 7.445875406265258789e-01 3.922336578369140625e+00
3.700000000000000000e+02 3.882697224617004395e-01 1.994608688354492188e+01 3.926087856292724609e+00 1.115186452865600586e+00 5.285434126853942871e-01 1.994608688354492188e+01 3.926087856292724609e+00 1.115186452865600586e+00 7.476664185523986816e-01 3.954841375350952148e+00
3.800000000000000000e+02 3.670122921466827393e-01 1.993040084838867188e+01 3.922517061233520508e+00 1.072257161140441895e+00 4.996210634708404541e-01 1.993040084838867188e+01 3.922517061233520508e+00 1.072257161140441895e+00 7.502397298812866211e-01 3.982111454010009766e+00
3.900000000000000000e+02 3.451600968837738037e-01 1.991496658325195312e+01 3.918369054794311523e+00 1.031494855880737305e+00 4.698570668697357178e-01 1.991496658325195312e+01 3.918369054794311523e+00 1.031494855880737305e+00 7.528575062751770020e-01 4.009949684143066406e+00
4.000000000000000000e+02 3.240560293197631836e-01 1.989901733398437500e+01 3.913981199264526367e+00 9.924670457839965820e-01 4.411209821701049805e-01 1.989901733398437500e+01 3.913981199264526367e+00 9.924670457839965820e-01 7.557026147842407227e-01 4.040314197540283203e+00
4.100000000000000000e+02 3.040074706077575684e-01 1.988503265380859375e+01 3.909586906433105469e+00 9.527850747108459473e-01 4.138237833976745605e-01 1.988503265380859375e+01 3.909586906433105469e+00 9.527850747108459473e-01 7.583163976669311523e-01 4.068311691284179688e+00
4.200000000000000000e+02 2.854725122451782227e-01 1.987146377563476562e+01 3.904759168624877930e+00 9.146825671195983887e-01 3.885805606842041016e-01 1.987146377563476562e+01 3.904759168624877930e+00 9.146825671195983887e-01 7.609392404556274414e-01 4.096503257751464844e+00
4.300000000000000000e+02 2.690046131610870361e-01 1.985855865478515625e+01 3.899692058563232422e+00 8.777770996093750000e-01 3.661532402038574219e-01 1.985855865478515625e+01 3.899692058563232422e+00 8.777770996093750000e-01 7.634712457656860352e-01 4.123810768127441406e+00
4.400000000000000000e+02 2.546217739582061768e-01 1.984657859802246094e+01 3.894536256790161133e+00 8.419744968414306641e-01 3.465698659420013428e-01 1.984657859802246094e+01 3.894536256790161133e+00 8.419744968414306641e-01 7.658274173736572266e-01 4.149303913116455078e+00
4.500000000000000000e+02 2.421617507934570312e-01 1.983541297912597656e+01 3.889371871948242188e+00 8.074120283126831055e-01 3.296119570732116699e-01 1.983541297912597656e+01 3.889371871948242188e+00 8.074120283126831055e-01 7.679983377456665039e-01 4.172860622406005859e+00
4.600000000000000000e+02 2.313069105148315430e-01 1.982495498657226562e+01 3.884290695190429688e+00 7.740376591682434082e-01 3.148460090160369873e-01 1.982495498657226562e+01 3.884290695190429688e+00 7.740376591682434082e-01 7.699714899063110352e-01 4.194329738616943359e+00
4.700000000000000000e+02 2.217174768447875977e-01 1.981512451171875000e+01 3.879317045211791992e+00 7.417122721672058105e-01 3.018078505992889404e-01 1.981512451171875000e+01 3.879317045211791992e+00 7.417122721672058105e-01 7.717384696006774902e-01 4.213603496551513672e+00
4.800000000000000000e+02 2.131523489952087402e-01 1.980585861206054688e+01 3.874387025833129883e+00 7.102632522583007812e-01 2.901683151721954346e-01 1.980585861206054688e+01 3.874387025833129883e+00 7.102632522583007812e-01 7.732906341552734375e-01 4.230568885803222656e+00
4.900000000000000000e+02 2.054132223129272461e-01 1.979709434509277344e+01 3.869370222091674805e+00 6.796284317970275879e-01 2.796557247638702393e-01 1.979709434509277344e+01 3.869370222091674805e+00 6.796284317970275879e-01 7.746262550354003906e-01 4.245196342468261719e+00
5.000000000000000000e+02 1.983699798583984375e-01 1.978878784179687500e+01 3.864145994186401367e+00 6.497773528099060059e-01 2.700911760330200195e-01 1.978878784179687500e+01 3.864145994186401367e+00 6.497773528099060059e-01 7.757551074028015137e-01 4.257578372955322266e+00
5.000000000000000000e+02 1.568218618631362915e-01 1.978866958618164062e+01 3.864151716232299805e+00 6.498214602470397949e-01 2.700911760330200195e-01 1.978878784179687500e+01 3.864145994186401367e+00 6.497773528099060059e-01 7.757551074028015137e-01 4.257578372955322266e+00
5.100000000000000000e+02 4.652062356472015381e-01 1.981247520446777344e+01 3.849658489227294922e+00 1.009650588035583496e+00 8.016415238380432129e-01 1.981268310546875000e+01 3.849715232849121094e+00 1.010961174964904785e+00 8.005881309509277344e-01 4.534523487091064453e+00
5.200000000000000000e+02 2.861150503158569336e-01 1.977605628967285156e+01 3.848062753677368164e+00 8.163902759552001953e-01 4.932663440704345703e-01 1.977598190307617188e+01 3.848041057586669922e+00 8.169505000114440918e-01 7.973105907440185547e-01 4.497471332550048828e+00
5.300000000000000000e+02 1.618040502071380615e-01 1.976368141174316406e+01 3.830020666122436523e+00 7.395989894866943359e-01 2.790148258209228516e-01 1.976386260986328125e+01 3.830032587051391602e+00 7.391505837440490723e-01 7.834270596504211426e-01 4.342206954956054688e+00
5.400000000000000000e+02 1.873277872800827026e-01 1.981955718994140625e+01 3.859557628631591797e+00 5.776383876800537109e-01 3.200138509273529053e-01 1.981894302368164062e+01 3.859627246856689453e+00 5.782176256179809570e-01 7.697550654411315918e-01 4.191972255706787109e+00
5.500000000000000000e+02 1.765919029712677002e-01 1.978750228881835938e+01 3.853481292724609375e+00 5.828571319580078125e-01 3.033234775066375732e-01 1.978682899475097656e+01 3.853510856628417969e+00 5.836268663406372070e-01 7.703397274017333984e-01 4.198343276977539062e+00
5.600000000000000000e+02 1.647567898035049438e-01 1.978116989135742188e+01 3.841517925262451172e+00 5.809616446495056152e-01 2.835169732570648193e-01 1.978116416931152344e+01 3.841491699218750000e+00 5.809481143951416016e-01 7.765832543373107910e-01 4.266672611236572266e+00
5.700000000000000000e+02 1.630941182374954224e-01 1.976514625549316406e+01 3.841145038604736328e+00 5.724520683288574219e-01 2.811115682125091553e-01 1.976502799987792969e+01 3.841160535812377930e+00 5.726691484451293945e-01 7.775265574455261230e-01 4.277044773101806641e+00
5.800000000000000000e+02 1.637928038835525513e-01 1.976543807983398438e+01 3.839197635650634766e+00 5.504812002182006836e-01 2.825221419334411621e-01 1.976505279541015625e+01 3.839198827743530273e+00 5.508775115013122559e-01 7.774263024330139160e-01 4.275942325592041016e+00
5.900000000000000000e+02 1.626603156328201294e-01 1.976137161254882812e+01 3.833910226821899414e+00 5.382432937622070312e-01 2.806164026260375977e-01 1.976162147521972656e+01 3.833946943283081055e+00 5.379328131675720215e-01 7.785445451736450195e-01 4.288251876831054688e+00
6.000000000000000000e+02 1.610889583826065063e-01 1.975921249389648438e+01 3.830646038055419922e+00 5.222172141075134277e-01 2.776364982128143311e-01 1.975907135009765625e+01 3.830682992935180664e+00 5.224462151527404785e-01 7.785969376564025879e-01 4.288829803466796875e+00
6.100000000000000000e+02 1.598908901214599609e-01 1.975351905822753906e+01 3.826705932617187500e+00 5.099755525588989258e-01 2.754988074302673340e-01 1.975327873229980469e+01 3.826725006103515625e+00 5.103760361671447754e-01 7.797414064407348633e-01 4.301446914672851562e+00
6.200000000000000000e+02 1.584202647209167480e-01 1.975123023986816406e+01 3.822631835937500000e+00 4.947669804096221924e-01 2.730898559093475342e-01 1.975096893310546875e+01 3.822597980499267578e+00 4.950953423976898193e-01 7.796774506568908691e-01 4.300741195678710938e+00
6.300000000000000000e+02 1.568410098552703857e-01 1.974588775634765625e+01 3.818431854248046875e+00 4.828996062278747559e-01 2.704615890979766846e-01 1.974611091613769531e+01 3.818437814712524414e+00 4.826634824275970459e-01 7.802616953849792480e-01 4.307188034057617188e+00
6.400000000000000000e+02 1.556147187948226929e-01 1.974352073669433594e+01 3.814271688461303711e+00 4.676176309585571289e-01 2.682655751705169678e-01 1.974325180053710938e+01 3.814302921295166016e+00 4.679114520549774170e-01 7.805178165435791016e-01 4.310017108917236328e+00
6.500000000000000000e+02 1.543630361557006836e-01 1.974162673950195312e+01 3.810124397277832031e+00 4.521989226341247559e-01 2.661654651165008545e-01 1.974132156372070312e+01 3.810140371322631836e+00 4.524700939655303955e-01 7.803264260292053223e-01 4.307903766632080078e+00
6.600000000000000000e+02 1.527444869279861450e-01 1.973680305480957031e+01 3.805872201919555664e+00 4.403619170188903809e-01 2.632502913475036621e-01 1.973648071289062500e+01 3.805822372436523438e+00 4.408046901226043701e-01 7.807364463806152344e-01 4.312432289123535156e+00
6.700000000000000000e+02 1.513387858867645264e-01 1.973432159423828125e+01 3.801442384719848633e+00 4.264543056488037109e-01 2.608942091464996338e-01 1.973420143127441406e+01 3.801431894302368164e+00 4.266363382339477539e-01 7.805944085121154785e-01 4.310863018035888672e+00
6.800000000000000000e+02 1.494886428117752075e-01 1.972832870483398438e+01 3.796951293945312500e+00 4.170484840869903564e-01 2.576865553855895996e-01 1.972805404663085938e+01 3.796983480453491211e+00 4.173152148723602295e-01 7.814249396324157715e-01 4.320040225982666016e+00
6.900000000000000000e+02 1.481791287660598755e-01 1.972557640075683594e+01 3.792567729949951172e+00 4.037707448005676270e-01 2.554488480091094971e-01 1.972518920898437500e+01 3.792579650878906250e+00 4.042383432388305664e-01 7.814006209373474121e-01 4.319772720336914062e+00
7.000000000000000000e+02 1.467987000942230225e-01 1.972274780273437500e+01 3.788180828094482422e+00 3.912442028522491455e-01 2.529762983322143555e-01 1.972254562377929688e+01 3.788160324096679688e+00 3.915554583072662354e-01 7.811821103096008301e-01 4.317356586456298828e+00
7.100000000000000000e+02 1.453077048063278198e-01 1.971935462951660156e+01 3.783645868301391602e+00 3.799680173397064209e-01 2.504102587699890137e-01 1.971900177001953125e+01 3.783612489700317383e+00 3.803896009922027588e-01 7.813180685043334961e-01 4.318860054016113281e+00
7.200000000000000000e+02 1.435112655162811279e-01 1.971504974365234375e+01 3.779191255569458008e+00 3.701178133487701416e-01 2.474708557128906250e-01 1.971501922607421875e+01 3.779221057891845703e+00 3.701436221599578857e-01 7.814813852310180664e-01 4.320665836334228516e+00
7.300000000000000000e+02 1.421330720186233521e-01 1.971151542663574219e+01 3.774870157241821289e+00 3.594637215137481689e-01 2.451169937849044800e-01 1.971151161193847656e+01 3.774844646453857422e+00 3.595040738582611084e-01 7.815968990325927734e-01 4.321942329406738281e+00
7.400000000000000000e+02 1.405326724052429199e-01 1.970819282531738281e+01 3.770457267761230469e+00 3.493920862674713135e-01 2.425641566514968872e-01 1.970870780944824219e+01 3.770476341247558594e+00 3.487631976604461670e-01 7.813974022865295410e-01 4.319736480712890625e+00
7.500000000000000000e+02 1.389477998018264771e-01 1.970504379272460938e+01 3.766209840774536133e+00 3.394827842712402344e-01 2.397001981735229492e-01 1.970491218566894531e+01 3.766246795654296875e+00 3.395152986049652100e-01 7.815577983856201172e-01 4.321509838104248047e+00
7.500000000000000000e+02 1.148589029908180237e-01 1.970491218566894531e+01 3.766246795654296875e+00 3.395152986049652100e-01 2.397001981735229492e-01 1.970491218566894531e+01 3.766246795654296875e+00 3.395152986049652100e-01 7.815577983856201172e-01 4.321509838104248047e+00
7.600000000000000000e+02 5.322807431221008301e-01 1.988027000427246094e+01 3.744256496429443359e+00 9.401393532752990723e-01 1.110497593879699707e+00 1.988027000427246094e+01 3.744256496429443359e+00 9.401393532752990723e-01 8.334328532218933105e-01 4.914219379425048828e+00
7.700000000000000000e+02 2.830928564071655273e-01 1.975276756286621094e+01 3.738905906677246094e+00 5.744461417198181152e-01 5.824583768844604492e-01 1.975276756286621094e+01 3.738905906677246094e+00 5.744461417198181152e-01 8.110510110855102539e-01 4.653821468353271484e+00
7.800000000000000000e+02 1.927399337291717529e-01 1.970538711547851562e+01 3.747917413711547852e+00 4.246998131275177002e-01 4.020020663738250732e-01 1.970538711547851562e+01 3.747917413711547852e+00 4.246998131275177002e-01 7.822189927101135254e-01 4.328825950622558594e+00
7.900000000000000000e+02 1.390066146850585938e-01 1.977321624755859375e+01 3.764461517333984375e+00 3.172912597656250000e-01 2.869665324687957764e-01 1.977321624755859375e+01 3.764461517333984375e+00 3.172912597656250000e-01 7.654743194580078125e-01 4.145477771759033203e+00
8.000000000000000000e+02 1.267129033803939819e-01 1.969280052185058594e+01 3.753176212310791016e+00 3.533443510532379150e-01 2.617577016353607178e-01 1.969280052185058594e+01 3.753176212310791016e+00 3.533443510532379150e-01 7.792510986328125000e-01 4.296038627624511719e+00
8.100000000000000000e+02 1.250189095735549927e-01 1.970022773742675781e+01 3.755892276763916016e+00 3.263459205627441406e-01 2.608595788478851318e-01 1.970022773742675781e+01 3.755892276763916016e+00 3.263459205627441406e-01 7.756397128105163574e-01 4.256310939788818359e+00
8.200000000000000000e+02 1.191539913415908813e-01 1.968668937683105469e+01 3.754098415374755859e+00 3.346523940563201904e-01 2.485235929489135742e-01 1.968668937683105469e+01 3.754098415374755859e+00 3.346523940563201904e-01 7.798596620559692383e-01 4.302751541137695312e+00
8.300000000000000000e+02 1.200760304927825928e-01 1.969523811340332031e+01 3.752071142196655273e+00 3.170527219772338867e-01 2.502011060714721680e-01 1.969523811340332031e+01 3.752071142196655273e+00 3.170527219772338867e-01 7.788069844245910645e-01 4.291142940521240234e+00
8.400000000000000000e+02 1.184008121490478516e-01 1.969382476806640625e+01 3.749691724777221680e+00 3.138431012630462646e-01 2.470964193344116211e-01 1.969382476806640625e+01 3.749691724777221680e+00 3.138431012630462646e-01 7.797891497611999512e-01 4.301973342895507812e+00
8.500000000000000000e+02 1.187928467988967896e-01 1.969026184082031250e+01 3.747610092163085938e+00 3.106406629085540771e-01 2.478979676961898804e-01 1.969026184082031250e+01 3.747610092163085938e+00 3.106406629085540771e-01 7.805435061454772949e-01 4.310300350189208984e+00
8.600000000000000000e+02 1.194949522614479065e-01 1.968801307678222656e+01 3.746017456054687500e+00 3.056953251361846924e-01 2.493796348571777344e-01 1.968801307678222656e+01 3.746017456054687500e+00 3.056953251361846924e-01 7.813421487808227539e-01 4.319125175476074219e+00
8.700000000000000000e+02 1.195545345544815063e-01 1.968684768676757812e+01 3.743516683578491211e+00 3.012857437133789062e-01 2.495044916868209839e-01 1.968684768676757812e+01 3.743516683578491211e+00 3.012857437133789062e-01 7.817350625991821289e-01 4.323471069335937500e+00
8.800000000000000000e+02 1.197181493043899536e-01 1.968586921691894531e+01 3.741592407226562500e+00 2.959919571876525879e-01 2.498461753129959106e-01 1.968586921691894531e+01 3.741592407226562500e+00 2.959919571876525879e-01 7.820108532905578613e-01 4.326522350311279297e+00
8.900000000000000000e+02 1.198183521628379822e-01 1.968456268310546875e+01 3.739627599716186523e+00 2.911043167114257812e-01 2.500550150871276855e-01 1.968456268310546875e+01 3.739627599716186523e+00 2.911043167114257812e-01 7.822941541671752930e-01 4.329656600952148438e+00
9.000000000000000000e+02 1.197507753968238831e-01 1.968296432495117188e+01 3.737648487091064453e+00 2.866539955139160156e-01 2.499145120382308960e-01 1.968296432495117188e+01 3.737648487091064453e+00 2.866539955139160156e-01 7.824802398681640625e-01 4.331716537475585938e+00
9.100000000000000000e+02 1.195867061614990234e-01 1.968120765686035156e+01 3.735696315765380859e+00 2.823979258537292480e-01 2.495722025632858276e-01 1.968120765686035156e+01 3.735696315765380859e+00 2.823979258537292480e-01 7.827095985412597656e-01 4.334257125854492188e+00
9.200000000000000000e+02 1.193236708641052246e-01 1.967952537536621094e+01 3.733727216720581055e+00 2.781522274017333984e-01 2.490232884883880615e-01 1.967952537536621094e+01 3.733727216720581055e+00 2.781522274017333984e-01 7.829167246818542480e-01 4.336551189422607422e+00
9.300000000000000000e+02 1.189853698015213013e-01 1.967783164978027344e+01 3.731787681579589844e+00 2.739351093769073486e-01 2.483173012733459473e-01 1.967783164978027344e+01 3.731787681579589844e+00 2.739351093769073486e-01 7.830759286880493164e-01 4.338314533233642578e+00
9.400000000000000000e+02 1.185646057128906250e-01 1.967603302001953125e+01 3.729830265045166016e+00 2.699074745178222656e-01 2.474391907453536987e-01 1.967603302001953125e+01 3.729830265045166016e+00 2.699074745178222656e-01 7.832685112953186035e-01 4.340448856353759766e+00
9.500000000000000000e+02 1.180971786379814148e-01 1.967423820495605469e+01 3.727882385253906250e+00 2.659003436565399170e-01 2.464636415243148804e-01 1.967423820495605469e+01 3.727882385253906250e+00 2.659003436565399170e-01 7.834398746490478516e-01 4.342348575592041016e+00
9.600000000000000000e+02 1.175619140267372131e-01 1.967239379882812500e+01 3.725932598114013672e+00 2.620098888874053955e-01 2.453465610742568970e-01 1.967239379882812500e+01 3.725932598114013672e+00 2.620098888874053955e-01 7.836253046989440918e-01 4.344404220581054688e+00
9.700000000000000000e+02 1.169774159789085388e-01 1.967053604125976562e+01 3.723987579345703125e+00 2.581767737865447998e-01 2.441266775131225586e-01 1.967053604125976562e+01 3.723987579345703125e+00 2.581767737865447998e-01 7.838076353073120117e-01 4.346426486968994141e+00
9.800000000000000000e+02 1.163445934653282166e-01 1.966865921020507812e+01 3.722049713134765625e+00 2.544156908988952637e-01 2.428059577941894531e-01 1.966865921020507812e+01 3.722049713134765625e+00 2.544156908988952637e-01 7.839930057525634766e-01 4.348482131958007812e+00
9.900000000000000000e+02 1.156654804944992065e-01 1.966676139831542969e+01 3.720119237899780273e+00 2.507236897945404053e-01 2.413886785507202148e-01 1.966676139831542969e+01 3.720119237899780273e+00 2.507236897945404053e-01 7.841832637786865234e-01 4.350593090057373047e+00
1.000000000000000000e+03 1.149433925747871399e-01 1.966485786437988281e+01 3.718203544616699219e+00 2.470891773700714111e-01 2.398816347122192383e-01 1.966485786437988281e+01 3.718203544616699219e+00 2.470891773700714111e-01 7.843734622001647949e-01 4.352704048156738281e+00
1.000000000000000000e+03 1.149433925747871399e-01 1.966485786437988281e+01 3.718203544616699219e+00 2.470891773700714111e-01 2.398816347122192383e-01 1.966485786437988281e+01 3.718203544616699219e+00 2.470891773700714111e-01 7.843734622001647949e-01 4.352704048156738281e+00
1.000000000000000000e+03 1.149433925747871399e-01 1.966485786437988281e+01 3.718203544616699219e+00 2.470891773700714111e-01 2.398816347122192383e-01 1.966485786437988281e+01 3.718203544616699219e+00 2.470891773700714111e-01 7.843734622001647949e-01 4.352704048156738281e+00
1.000000000000000000e+03 1.149433925747871399e-01 1.966485786437988281e+01 3.718203544616699219e+00 2.470891773700714111e-01 2.398816347122192383e-01 1.966485786437988281e+01 3.718203544616699219e+00 2.470891773700714111e-01 7.843734622001647949e-01 4.352704048156738281e+00
1.000000000000000000e+03 1.149433925747871399e-01 1.966485786437988281e+01 3.718203544616699219e+00 2.470891773700714111e-01 2.398816347122192383e-01 1.966485786437988281e+01 3.718203544616699219e+00 2.470891773700714111e-01 7.843734622001647949e-01 4.352704048156738281e+00
1.000000000000000000e+03 1.149433925747871399e-01 1.966485786437988281e+01 3.718203544616699219e+00 2.470891773700714111e-01 2.398816347122192383e-01 1.966485786437988281e+01 3.718203544616699219e+00 2.470891773700714111e-01 7.843734622001647949e-01 4.352704048156738281e+00
1.010000000000000000e+03 6.601557135581970215e-01 2.205177497863769531e+01 3.736057043075561523e+00 2.231054008007049561e-01 1.349427103996276855e+00 2.205177497863769531e+01 3.736057043075561523e+00 2.231054008007049561e-01 7.145870327949523926e-01 3.612630844116210938e+00
1.020000000000000000e+03 3.849412798881530762e-01 2.022810935974121094e+01 3.740403413772583008e+00 3.088339269161224365e-01 7.732626199722290039e-01 2.022810935974121094e+01 3.740403413772583008e+00 3.088339269161224365e-01 7.618310451507568359e-01 4.106110572814941406e+00
1.030000000000000000e+03 1.697453260421752930e-01 1.977797317504882812e+01 3.701755046844482422e+00 3.229711055755615234e-01 3.463218212127685547e-01 1.977797317504882812e+01 3.701755046844482422e+00 3.229711055755615234e-01 7.851086854934692383e-01 4.360867500305175781e+00
1.040000000000000000e+03 1.462130546569824219e-01 1.970288467407226562e+01 3.697864294052124023e+00 3.496348559856414795e-01 3.043587803840637207e-01 1.970288467407226562e+01 3.697864294052124023e+00 3.496348559856414795e-01 7.728562951087951660e-01 4.225818634033203125e+00
1.050000000000000000e+03 1.206508874893188477e-01 1.969548797607421875e+01 3.712368726730346680e+00 2.687630355358123779e-01 2.500120103359222412e-01 1.969548797607421875e+01 3.712368726730346680e+00 2.687630355358123779e-01 7.690152525901794434e-01 4.183918476104736328e+00
1.050000000000000000e+03 1.582916975021362305e-01 1.969548797607421875e+01 3.712368726730346680e+00 2.687630355358123779e-01 2.500120103359222412e-01 1.969548797607421875e+01 3.712368726730346680e+00 2.687630355358123779e-01 7.690152525901794434e-01 4.183918476104736328e+00
1.060000000000000000e+03 8.758991360664367676e-01 1.993686294555664062e+01 3.688737154006958008e+00 1.920956969261169434e+00 1.589983224868774414e+00 1.993686294555664062e+01 3.688737154006958008e+00 1.920956969261169434e+00 8.438737392425537109e-01 5.038117885589599609e+00
1.070000000000000000e+03 2.792253196239471436e-01 1.974760055541992188e+01 3.750216245651245117e+00 6.196317672729492188e-01 6.234076619148254395e-01 1.974760055541992188e+01 3.750216245651245117e+00 6.196317672729492188e-01 7.850867509841918945e-01 4.360623836517333984e+00
1.080000000000000000e+03 1.277167797088623047e-01 1.975913429260253906e+01 3.729387521743774414e+00 3.315886557102203369e-01 3.102796077728271484e-01 1.975913429260253906e+01 3.729387521743774414e+00 3.315886557102203369e-01 7.600396871566772461e-01 4.086823940277099609e+00
1.090000000000000000e+03 1.434075683355331421e-01 1.973482322692871094e+01 3.720350980758666992e+00 2.806772589683532715e-01 3.233123123645782471e-01 1.973482322692871094e+01 3.720350980758666992e+00 2.806772589683532715e-01 7.641950845718383789e-01 4.131633758544921875e+00
1.100000000000000000e+03 1.222117245197296143e-01 1.967502212524414062e+01 3.720790863037109375e+00 2.883707284927368164e-01 2.925578355789184570e-01 1.967502212524414062e+01 3.720790863037109375e+00 2.883707284927368164e-01 7.744175791740417480e-01 4.242909908294677734e+00
1.100000000000000000e+03 1.085874885320663452e-01 1.967502212524414062e+01 3.720790863037109375e+00 2.883707284927368164e-01 2.925578355789184570e-01 1.967502212524414062e+01 3.720790863037109375e+00 2.883707284927368164e-01 7.744175791740417480e-01 4.242909908294677734e+00
1.110000000000000000e+03 1.028380393981933594e+00 1.973227882385253906e+01 3.754424571990966797e+00 1.342759490013122559e+00 1.735424995422363281e+00 1.973227882385253906e+01 3.754424571990966797e+00 1.342759490013122559e+00 7.813122272491455078e-01 4.318795680999755859e+00
1.120000000000000000e+03 2.747426033020019531e-01 1.970501136779785156e+01 3.713306188583374023e+00 4.719147384166717529e-01 5.901142954826354980e-01 1.970501136779785156e+01 3.713306188583374023e+00 4.719147384166717529e-01 7.797054052352905273e-01 4.301049709320068359e+00
1.130000000000000000e+03 1.584693640470504761e-01 1.971388053894042969e+01 3.729132652282714844e+00 3.441753983497619629e-01 4.209024012088775635e-01 1.971388053894042969e+01 3.729132652282714844e+00 3.441753983497619629e-01 7.747790813446044922e-01 4.246871471405029297e+00
1.140000000000000000e+03 1.846567839384078979e-01 1.967463111877441406e+01 3.730522394180297852e+00 3.007267713546752930e-01 4.391255974769592285e-01 1.967463111877441406e+01 3.730522394180297852e+00 3.007267713546752930e-01 7.748170495033264160e-01 4.247287273406982422e+00
1.150000000000000000e+03 1.334714144468307495e-01 1.968132972717285156e+01 3.723908662796020508e+00 2.663701474666595459e-01 3.432830870151519775e-01 1.968132972717285156e+01 3.723908662796020508e+00 2.663701474666595459e-01 7.724779844284057617e-01 4.221682548522949219e+00
1.150000000000000000e+03 1.231422722339630127e-01 1.968132972717285156e+01 3.723908662796020508e+00 2.663701474666595459e-01 3.432830870151519775e-01 1.968132972717285156e+01 3.723908662796020508e+00 2.663701474666595459e-01 7.724779844284057617e-01 4.221682548522949219e+00
1.160000000000000000e+03 8.224440217018127441e-01 1.982054710388183594e+01 3.699745655059814453e+00 9.925484061241149902e-01 1.412096858024597168e+00 1.982054710388183594e+01 3.699745655059814453e+00 9.925484061241149902e-01 7.608688473701477051e-01 4.095745086669921875e+00
1.170000000000000000e+03 1.259364783763885498e-01 1.985271835327148438e+01 3.785009145736694336e+00 3.646254241466522217e-01 3.932735919952392578e-01 1.985271835327148438e+01 3.785009145736694336e+00 3.646254241466522217e-01 7.452432513236999512e-01 3.929248094558715820e+00
1.180000000000000000e+03 1.210461482405662537e-01 1.968589973449707031e+01 3.731088876724243164e+00 3.342406749725341797e-01 3.639948964118957520e-01 1.968589973449707031e+01 3.731088876724243164e+00 3.342406749725341797e-01 7.765107750892639160e-01 4.265876293182373047e+00
1.190000000000000000e+03 1.051547676324844360e-01 1.966831398010253906e+01 3.737505435943603516e+00 3.123094439506530762e-01 3.294932246208190918e-01 1.966831398010253906e+01 3.737505435943603516e+00 3.123094439506530762e-01 7.875643372535705566e-01 4.388190269470214844e+00
1.200000000000000000e+03 9.706581383943557739e-02 1.965770149230957031e+01 3.723747968673706055e+00 2.882968485355377197e-01 3.031041026115417480e-01 1.965770149230957031e+01 3.723747968673706055e+00 2.882968485355377197e-01 7.844224572181701660e-01 4.353247642517089844e+00
1.200000000000000000e+03 9.706581383943557739e-02 1.965770149230957031e+01 3.723747968673706055e+00 2.882968485355377197e-01 3.031041026115417480e-01 1.965770149230957031e+01 3.723747968673706055e+00 2.882968485355377197e-01 7.844224572181701660e-01 4.353247642517089844e+00
1.210000000000000000e+03 3.988657891750335693e-01 1.980822563171386719e+01 3.786130189895629883e+00 6.922198534011840820e-01 8.867580294609069824e-01 1.980822563171386719e+01 3.786130189895629883e+00 6.922198534011840820e-01 7.575169205665588379e-01 4.059738636016845703e+00
1.220000000000000000e+03 3.138367533683776855e-01 1.967522811889648438e+01 3.721955060958862305e+00 4.113015532493591309e-01 6.900267601013183594e-01 1.967522811889648438e+01 3.721955060958862305e+00 4.113015532493591309e-01 7.872192263603210449e-01 4.384345054626464844e+00
1.230000000000000000e+03 1.358742117881774902e-01 1.964568138122558594e+01 3.723189115524291992e+00 3.332141041755676270e-01 3.837615549564361572e-01 1.964568138122558594e+01 3.723189115524291992e+00 3.332141041755676270e-01 7.919902801513671875e-01 4.437649726867675781e+00
1.240000000000000000e+03 9.592422097921371460e-02 1.968208885192871094e+01 3.728135824203491211e+00 2.561685144901275635e-01 3.043855130672454834e-01 1.968208885192871094e+01 3.728135824203491211e+00 2.561685144901275635e-01 7.718525528907775879e-01 4.214848518371582031e+00
1.250000000000000000e+03 8.787968009710311890e-02 1.967355346679687500e+01 3.722000360488891602e+00 2.571607828140258789e-01 2.785667777061462402e-01 1.967355346679687500e+01 3.722000360488891602e+00 2.571607828140258789e-01 7.724351286888122559e-01 4.221214294433593750e+00
1.250000000000000000e+03 7.938456535339355469e-02 1.967355346679687500e+01 3.722000360488891602e+00 2.571607828140258789e-01 2.785667777061462402e-01 1.967355346679687500e+01 3.722000360488891602e+00 2.571607828140258789e-01 7.724351286888122559e-01 4.221214294433593750e+00
1.260000000000000000e+03 8.013470768928527832e-01 1.965760803222656250e+01 3.817616462707519531e+00 6.560623049736022949e-01 1.807607650756835938e+00 1.965760803222656250e+01 3.817616462707519531e+00 6.560623049736022949e-01 8.152596354484558105e-01 4.702244758605957031e+00
1.270000000000000000e+03 1.846331059932708740e-01 1.981613540649414062e+01 3.783261299133300781e+00 2.909230887889862061e-01 4.783357977867126465e-01 1.981613540649414062e+01 3.783261299133300781e+00 2.909230887889862061e-01 7.556613683700561523e-01 4.039874553680419922e+00
1.280000000000000000e+03 8.376754820346832275e-02 1.967767333984375000e+01 3.719547033309936523e+00 2.776168882846832275e-01 2.885150611400604248e-01 1.967767333984375000e+01 3.719547033309936523e+00 2.776168882846832275e-01 7.743466496467590332e-01 4.242131710052490234e+00
1.290000000000000000e+03 1.046585142612457275e-01 1.963980865478515625e+01 3.721810817718505859e+00 3.094439208507537842e-01 3.371416628360748291e-01 1.963980865478515625e+01 3.721810817718505859e+00 3.094439208507537842e-01 7.944993972778320312e-01 4.465812206268310547e+00
1.300000000000000000e+03 9.179424494504928589e-02 1.965074157714843750e+01 3.715573549270629883e+00 2.631627917289733887e-01 3.204341828823089600e-01 1.965074157714843750e+01 3.715573549270629883e+00 2.631627917289733887e-01 7.852088809013366699e-01 4.361980915069580078e+00
1.300000000000000000e+03 8.351633697748184204e-02 1.965074157714843750e+01 3.715573549270629883e+00 2.631627917289733887e-01 3.204341828823089600e-01 1.965074157714843750e+01 3.715573549270629883e+00 2.631627917289733887e-01 7.852088809013366699e-01 4.361980915069580078e+00
1.310000000000000000e+03 1.250805616378784180e+00 2.011706924438476562e+01 3.730946540832519531e+00 3.725351691246032715e-01 2.651563405990600586e+00 2.011706924438476562e+01 3.730946540832519531e+00 3.725351691246032715e-01 7.795094251632690430e-01 4.298887252807617188e+00
1.320000000000000000e+03 2.737725377082824707e-01 1.971968269348144531e+01 3.718134641647338867e+00 3.655595779418945312e-01 7.259501218795776367e-01 1.971968269348144531e+01 3.718134641647338867e+00 3.655595779418945312e-01 7.634658217430114746e-01 4.123752117156982422e+00
1.330000000000000000e+03 1.239152550697326660e-01 1.966159820556640625e+01 3.709106683731079102e+00 4.543747901916503906e-01 3.740206062793731689e-01 1.966159820556640625e+01 3.709106683731079102e+00 4.543747901916503906e-01 7.816742658615112305e-01 4.322798252105712891e+00
1.340000000000000000e+03 9.775982797145843506e-02 1.964282608032226562e+01 3.724108457565307617e+00 2.870027124881744385e-01 3.761845231056213379e-01 1.964282608032226562e+01 3.724108457565307617e+00 2.870027124881744385e-01 7.843452692031860352e-01 4.352391242980957031e+00
1.350000000000000000e+03 1.002683416008949280e-01 1.967221832275390625e+01 3.720772981643676758e+00 2.508385181427001953e-01 3.660820126533508301e-01 1.967221832275390625e+01 3.720772981643676758e+00 2.508385181427001953e-01 7.784443497657775879e-01 4.287147998809814453e+00
1.350000000000000000e+03 9.258019924163818359e-02 1.967221832275390625e+01 3.720772981643676758e+00 2.508385181427001953e-01 3.660820126533508301e-01 1.967221832275390625e+01 3.720772981643676758e+00 2.508385181427001953e-01 7.784443497657775879e-01 4.287147998809814453e+00
1.360000000000000000e+03 7.211645245552062988e-01 1.993428230285644531e+01 3.723118543624877930e+00 5.979905724525451660e-01 1.393929481506347656e+00 1.993428230285644531e+01 3.723118543624877930e+00 5.979905724525451660e-01 7.449728846549987793e-01 3.926397562026977539e+00
1.370000000000000000e+03 1.079871356487274170e-01 1.971826171875000000e+01 3.711807250976562500e+00 2.891344428062438965e-01 4.154073297977447510e-01 1.971826171875000000e+01 3.711807250976562500e+00 2.891344428062438965e-01 7.652656435966491699e-01 4.143217563629150391e+00
1.380000000000000000e+03 1.685819923877716064e-01 1.964017105102539062e+01 3.714993715286254883e+00 3.240842819213867188e-01 5.741106867790222168e-01 1.964017105102539062e+01 3.714993715286254883e+00 3.240842819213867188e-01 7.930688261985778809e-01 4.449744224548339844e+00
1.390000000000000000e+03 1.204769015312194824e-01 1.966207885742187500e+01 3.720748424530029297e+00 2.653288543224334717e-01 4.464545845985412598e-01 1.966207885742187500e+01 3.720748424530029297e+00 2.653288543224334717e-01 7.805352807044982910e-01 4.310209751129150391e+00
1.400000000000000000e+03 8.965490758419036865e-02 1.965001869201660156e+01 3.712182760238647461e+00 2.618758380413055420e-01 3.607581853866577148e-01 1.965001869201660156e+01 3.712182760238647461e+00 2.618758380413055420e-01 7.823931574821472168e-01 4.330753326416015625e+00
1.400000000000000000e+03 8.965490758419036865e-02 1.965001869201660156e+01 3.712182760238647461e+00 2.618758380413055420e-01 3.607581853866577148e-01 1.965001869201660156e+01 3.712182760238647461e+00 2.618758380413055420e-01 7.823931574821472168e-01 4.330753326416015625e+00
1.410000000000000000e+03 5.966055989265441895e-01 1.972089767456054688e+01 3.749298095703125000e+00 8.798916339874267578e-01 1.398591876029968262e+00 1.972089767456054688e+01 3.749298095703125000e+00 8.798916339874267578e-01 7.940366268157958984e-01 4.460611343383789062e+00
1.420000000000000000e+03 1.262924373149871826e-01 1.968286514282226562e+01 3.710463762283325195e+00 3.030090630054473877e-01 5.044166445732116699e-01 1.968286514282226562e+01 3.710463762283325195e+00 3.030090630054473877e-01 7.735892534255981445e-01 4.233837127685546875e+00
1.430000000000000000e+03 1.669161617755889893e-01 1.968511390686035156e+01 3.721580743789672852e+00 2.731306552886962891e-01 6.421949267387390137e-01 1.968511390686035156e+01 3.721580743789672852e+00 2.731306552886962891e-01 7.833130955696105957e-01 4.340943336486816406e+00
1.440000000000000000e+03 1.078871563076972961e-01 1.963401031494140625e+01 3.716022968292236328e+00 2.951735258102416992e-01 4.197364747524261475e-01 1.963401031494140625e+01 3.716022968292236328e+00 2.951735258102416992e-01 7.918129563331604004e-01 4.435662746429443359e+00
1.450000000000000000e+03 8.652100712060928345e-02 1.966310882568359375e+01 3.708731651306152344e+00 2.413420379161834717e-01 3.584888875484466553e-01 1.966310882568359375e+01 3.708731651306152344e+00 2.413420379161834717e-01 7.792017459869384766e-01 4.295494079589843750e+00
1.450000000000000000e+03 1.598499178886413574e+00 1.966310882568359375e+01 3.708731651306152344e+00 2.413420379161834717e-01 3.584888875484466553e-01 1.966310882568359375e+01 3.708731651306152344e+00 2.413420379161834717e-01 7.792017459869384766e-01 4.295494079589843750e+00
1.460000000000000000e+03 3.285210728645324707e-01 1.978953742980957031e+01 3.693283557891845703e+00 5.214505791664123535e-01 8.520214557647705078e-01 1.978953742980957031e+01 3.693283557891845703e+00 5.214505791664123535e-01 7.683202624320983887e-01 4.176359176635742188e+00
1.470000000000000000e+03 1.164465844631195068e-01 1.965801620483398438e+01 3.708336591720581055e+00 4.176357984542846680e-01 4.156393110752105713e-01 1.965801620483398438e+01 3.708336591720581055e+00 4.176357984542846680e-01 7.893122434616088867e-01 4.407689571380615234e+00
1.480000000000000000e+03 1.150707975029945374e-01 1.965819740295410156e+01 3.722674846649169922e+00 2.729692459106445312e-01 5.024197697639465332e-01 1.965819740295410156e+01 3.722674846649169922e+00 2.729692459106445312e-01 7.857639789581298828e-01 4.368149757385253906e+00
1.490000000000000000e+03 8.464294672012329102e-02 1.965468978881835938e+01 3.709796667098999023e+00 2.558611333370208740e-01 3.815596699714660645e-01 1.965468978881835938e+01 3.709796667098999023e+00 2.558611333370208740e-01 7.808420658111572266e-01 4.313598632812500000e+00
1.500000000000000000e+03 8.000177145004272461e-02 1.965114212036132812e+01 3.706301689147949219e+00 2.419369816780090332e-01 3.674179315567016602e-01 1.965114212036132812e+01 3.706301689147949219e+00 2.419369816780090332e-01 7.812098860740661621e-01 4.317664146423339844e+00
1.500000000000000000e+03 7.418885827064514160e-02 1.965114212036132812e+01 3.706301689147949219e+00 2.419369816780090332e-01 3.674179315567016602e-01 1.965114212036132812e+01 3.706301689147949219e+00 2.419369816780090332e-01 7.812098860740661621e-01 4.317664146423339844e+00
1.510000000000000000e+03 7.983337640762329102e-01 1.975583076477050781e+01 3.765641689300537109e+00 5.081108212471008301e-01 1.389035105705261230e+00 1.975583076477050781e+01 3.765641689300537109e+00 5.081108212471008301e-01 8.009201884269714355e-01 4.538285732269287109e+00
1.520000000000000000e+03 1.954946517944335938e-01 1.981254959106445312e+01 3.799546957015991211e+00 3.687436580657958984e-01 5.570071339607238770e-01 1.981254959106445312e+01 3.799546957015991211e+00 3.687436580657958984e-01 7.498486042022705078e-01 3.977961063385009766e+00
1.530000000000000000e+03 9.052853286266326904e-02 1.964280700683593750e+01 3.705496072769165039e+00 3.503865301609039307e-01 4.423094093799591064e-01 1.964280700683593750e+01 3.705496072769165039e+00 3.503865301609039307e-01 7.867424488067626953e-01 4.379034996032714844e+00
1.540000000000000000e+03 1.068485602736473083e-01 1.966286468505859375e+01 3.716921329498291016e+00 2.516319453716278076e-01 5.198867917060852051e-01 1.966286468505859375e+01 3.716921329498291016e+00 2.516319453716278076e-01 7.878128290176391602e-01 4.390959739685058594e+00
1.550000000000000000e+03 8.544992655515670776e-02 1.965329742431640625e+01 3.709567546844482422e+00 2.378954440355300903e-01 4.204387366771697998e-01 1.965329742431640625e+01 3.709567546844482422e+00 2.378954440355300903e-01 7.828107476234436035e-01 4.335377216339111328e+00
1.550000000000000000e+03 8.011699467897415161e-02 1.965329742431640625e+01 3.709567546844482422e+00 2.378954440355300903e-01 4.204387366771697998e-01 1.965329742431640625e+01 3.709567546844482422e+00 2.378954440355300903e-01 7.828107476234436035e-01 4.335377216339111328e+00
1.560000000000000000e+03 1.689166873693466187e-01 1.998631095886230469e+01 3.819696903228759766e+00 3.658007085323333740e-01 6.685940027236938477e-01 1.998631095886230469e+01 3.819696903228759766e+00 3.658007085323333740e-01 7.374261021614074707e-01 3.847249031066894531e+00
1.570000000000000000e+03 1.151227205991744995e-01 1.963230705261230469e+01 3.713483572006225586e+00 3.971142768859863281e-01 4.807381927967071533e-01 1.963230705261230469e+01 3.713483572006225586e+00 3.971142768859863281e-01 8.086296319961547852e-01 4.626075267791748047e+00
1.580000000000000000e+03 1.120956912636756897e-01 1.964817428588867188e+01 3.706967592239379883e+00 2.716772854328155518e-01 5.706210732460021973e-01 1.964817428588867188e+01 3.706967592239379883e+00 2.716772854328155518e-01 7.959864139556884766e-01 4.482544898986816406e+00
1.590000000000000000e+03 7.926246523857116699e-02 1.965676689147949219e+01 3.710122823715209961e+00 2.250723242759704590e-01 4.229649901390075684e-01 1.965676689147949219e+01 3.710122823715209961e+00 2.250723242759704590e-01 7.742736935615539551e-01 4.241333484649658203e+00
1.600000000000000000e+03 7.486227899789810181e-02 1.966764068603515625e+01 3.703867673873901367e+00 2.070392966270446777e-01 3.912339508533477783e-01 1.966764068603515625e+01 3.703867673873901367e+00 2.070392966270446777e-01 7.715596556663513184e-01 4.211650371551513672e+00
1.600000000000000000e+03 7.486227899789810181e-02 1.966764068603515625e+01 3.703867673873901367e+00 2.070392966270446777e-01 3.912339508533477783e-01 1.966764068603515625e+01 3.703867673873901367e+00 2.070392966270446777e-01 7.715596556663513184e-01 4.211650371551513672e+00
1.610000000000000000e+03 4.420413672924041748e-01 1.963574981689453125e+01 3.727015495300292969e+00 8.164054751396179199e-01 2.316600322723388672e+00 1.963574981689453125e+01 3.727015495300292969e+00 8.164054751396179199e-01 8.162599205970764160e-01 4.713790416717529297e+00
1.620000000000000000e+03 1.609085202217102051e-01 1.983392333984375000e+01 3.766685962677001953e+00 5.508536100387573242e-01 6.846879720687866211e-01 1.983392333984375000e+01 3.766685962677001953e+00 5.508536100387573242e-01 7.949917912483215332e-01 4.471349716186523438e+00
1.630000000000000000e+03 1.003534495830535889e-01 1.963835144042968750e+01 3.692825555801391602e+00 3.795365691184997559e-01 5.335419774055480957e-01 1.963835144042968750e+01 3.692825555801391602e+00 3.795365691184997559e-01 8.017187714576721191e-01 4.547340393066406250e+00
1.640000000000000000e+03 8.714824914932250977e-02 1.962937545776367188e+01 3.692123413085937500e+00 3.092429637908935547e-01 4.414886236190795898e-01 1.962937545776367188e+01 3.692123413085937500e+00 3.092429637908935547e-01 7.995803952217102051e-01 4.523114681243896484e+00
1.650000000000000000e+03 7.484312355518341064e-02 1.964405441284179688e+01 3.691119194030761719e+00 2.451004981994628906e-01 3.874273896217346191e-01 1.964405441284179688e+01 3.691119194030761719e+00 2.451004981994628906e-01 7.786301374435424805e-01 4.289194583892822266e+00
1.650000000000000000e+03 6.518641710281372070e-01 1.964405441284179688e+01 3.691119194030761719e+00 2.451004981994628906e-01 3.874273896217346191e-01 1.964405441284179688e+01 3.691119194030761719e+00 2.451004981994628906e-01 7.786301374435424805e-01 4.289194583892822266e+00
1.660000000000000000e+03 4.835938811302185059e-01 1.993723106384277344e+01 3.717545270919799805e+00 3.327117562294006348e-01 1.087870001792907715e+00 1.993723106384277344e+01 3.717545270919799805e+00 3.327117562294006348e-01 7.669782042503356934e-01 4.161782741546630859e+00
1.670000000000000000e+03 2.735255956649780273e-01 1.977869987487792969e+01 3.694648027420043945e+00 2.635376155376434326e-01 9.164391756057739258e-01 1.977869987487792969e+01 3.694648027420043945e+00 2.635376155376434326e-01 7.636864185333251953e-01 4.126135826110839844e+00
1.680000000000000000e+03 1.575710773468017578e-01 1.972451019287109375e+01 3.705325841903686523e+00 2.035412341356277466e-01 6.161971688270568848e-01 1.972451019287109375e+01 3.705325841903686523e+00 2.035412341356277466e-01 7.604314088821411133e-01 4.091037750244140625e+00
1.690000000000000000e+03 1.077631264925003052e-01 1.968211936950683594e+01 3.696811437606811523e+00 2.101871073246002197e-01 4.646947979927062988e-01 1.968211936950683594e+01 3.696811437606811523e+00 2.101871073246002197e-01 7.701607346534729004e-01 4.196393013000488281e+00
1.700000000000000000e+03 8.073200285434722900e-02 1.966452217102050781e+01 3.691226482391357422e+00 2.041177004575729370e-01 4.174791872501373291e-01 1.966452217102050781e+01 3.691226482391357422e+00 2.041177004575729370e-01 7.758358716964721680e-01 4.258464336395263672e+00
1.700000000000000000e+03 7.604108005762100220e-02 1.966452217102050781e+01 3.691226720809936523e+00 2.041177004575729370e-01 4.174791872501373291e-01 1.966452217102050781e+01 3.691226482391357422e+00 2.041177004575729370e-01 7.758358716964721680e-01 4.258464336395263672e+00
1.710000000000000000e+03 6.996716260910034180e-01 1.973241424560546875e+01 3.672926902770996094e+00 8.390109539031982422e-01 1.296022295951843262e+00 1.973241424560546875e+01 3.672926902770996094e+00 8.390109539031982422e-01 8.139877319335937500e-01 4.687583446502685547e+00
1.720000000000000000e+03 1.190033107995986938e-01 1.976841354370117188e+01 3.716659069061279297e+00 4.537345767021179199e-01 6.390362977981567383e-01 1.976841354370117188e+01 3.716659069061279297e+00 4.537345767021179199e-01 7.653686404228210449e-01 4.144333362579345703e+00
1.730000000000000000e+03 1.026789173483848572e-01 1.968452835083007812e+01 3.695649385452270508e+00 2.485926002264022827e-01 5.940887928009033203e-01 1.968452835083007812e+01 3.695648431777954102e+00 2.485926002264022827e-01 7.839097976684570312e-01 4.347558975219726562e+00
1.740000000000000000e+03 8.511353284120559692e-02 1.966127777099609375e+01 3.698160886764526367e+00 2.447736710309982300e-01 4.888555705547332764e-01 1.966127777099609375e+01 3.698159933090209961e+00 2.447736710309982300e-01 7.835871577262878418e-01 4.343980789184570312e+00
1.750000000000000000e+03 8.444775640964508057e-02 1.966383171081542969e+01 3.691702842712402344e+00 2.073760181665420532e-01 4.589264988899230957e-01 1.966383171081542969e+01 3.691703319549560547e+00 2.073760181665420532e-01 7.779476046562194824e-01 4.281678676605224609e+00
1.750000000000000000e+03 8.175665885210037231e-02 1.966383171081542969e+01 3.691702842712402344e+00 2.073760181665420532e-01 4.589264988899230957e-01 1.966383171081542969e+01 3.691703319549560547e+00 2.073760181665420532e-01 7.779476046562194824e-01 4.281678676605224609e+00
1.760000000000000000e+03 5.978162288665771484e-01 1.969993782043457031e+01 3.670762300491333008e+00 7.298775911331176758e-01 1.107713699340820312e+00 1.969993782043457031e+01 3.670762777328491211e+00 7.298775911331176758e-01 7.929373383522033691e-01 4.448269367218017578e+00
1.770000000000000000e+03 1.271974444389343262e-01 1.978084945678710938e+01 3.716877937316894531e+00 4.101840555667877197e-01 6.832079291343688965e-01 1.978084945678710938e+01 3.716877698898315430e+00 4.101840555667877197e-01 7.598193287849426270e-01 4.084453582763671875e+00
1.780000000000000000e+03 1.104661673307418823e-01 1.966267204284667969e+01 3.702685117721557617e+00 2.577419281005859375e-01 6.272467970848083496e-01 1.966267204284667969e+01 3.702686071395874023e+00 2.577419281005859375e-01 7.836370468139648438e-01 4.344534397125244141e+00
1.790000000000000000e+03 7.646119594573974609e-02 1.964991378784179688e+01 3.694981336593627930e+00 2.379267066717147827e-01 4.812228679656982422e-01 1.964991378784179688e+01 3.694980621337890625e+00 2.379267066717147827e-01 7.869896292686462402e-01 4.381788253784179688e+00
1.800000000000000000e+03 7.331970334053039551e-02 1.964919471740722656e+01 3.690969467163085938e+00 2.196929752826690674e-01 4.363411962985992432e-01 1.964919471740722656e+01 3.690970659255981445e+00 2.196929752826690674e-01 7.832010984420776367e-01 4.339702606201171875e+00
1.800000000000000000e+03 7.331970334053039551e-02 1.964919471740722656e+01 3.690969467163085938e+00 2.196929752826690674e-01 4.363411962985992432e-01 1.964919471740722656e+01 3.690970659255981445e+00 2.196929752826690674e-01 7.832010984420776367e-01 4.339702606201171875e+00
1.810000000000000000e+03 9.242305159568786621e-02 1.972713661193847656e+01 3.684642791748046875e+00 2.338456660509109497e-01 5.205952525138854980e-01 1.972713661193847656e+01 3.684642314910888672e+00 2.338456660509109497e-01 7.766082286834716797e-01 4.266947746276855469e+00
1.820000000000000000e+03 1.158838272094726562e-01 1.965764427185058594e+01 3.690257072448730469e+00 2.980078160762786865e-01 5.110567808151245117e-01 1.965764427185058594e+01 3.690256834030151367e+00 2.980078160762786865e-01 7.943835258483886719e-01 4.464509487152099609e+00
1.830000000000000000e+03 9.183149784803390503e-02 1.966561698913574219e+01 3.699719667434692383e+00 2.192993164062500000e-01 5.659242868423461914e-01 1.966561698913574219e+01 3.699721097946166992e+00 2.192993164062500000e-01 7.769117951393127441e-01 4.270284652709960938e+00
1.840000000000000000e+03 8.222951740026473999e-02 1.964169692993164062e+01 3.695611238479614258e+00 2.098633199930191040e-01 4.819411337375640869e-01 1.964169692993164062e+01 3.695611238479614258e+00 2.098633199930191040e-01 7.840405702590942383e-01 4.349010467529296875e+00
1.850000000000000000e+03 7.033362984657287598e-02 1.963297271728515625e+01 3.688844919204711914e+00 2.085309773683547974e-01 4.429335594177246094e-01 1.963297271728515625e+01 3.688845396041870117e+00 2.085309773683547974e-01 7.856070995330810547e-01 4.366406440734863281e+00
1.850000000000000000e+03 6.712001562118530273e-02 1.963297271728515625e+01 3.688845396041870117e+00 2.085309773683547974e-01 4.429335594177246094e-01 1.963297271728515625e+01 3.688845396041870117e+00 2.085309773683547974e-01 7.856070995330810547e-01 4.366406440734863281e+00
1.860000000000000000e+03 1.963359117507934570e-01 2.059605407714843750e+01 3.707130908966064453e+00 2.635908722877502441e-01 9.552513360977172852e-01 2.059605407714843750e+01 3.707130908966064453e+00 2.635908722877502441e-01 7.032819390296936035e-01 3.499228000640869141e+00
1.870000000000000000e+03 1.798953860998153687e-01 1.993513870239257812e+01 3.692402839660644531e+00 1.788093000650405884e-01 7.427810430526733398e-01 1.993513870239257812e+01 3.692402839660644531e+00 1.788093000650405884e-01 7.646407485008239746e-01 4.136454105377197266e+00
1.880000000000000000e+03 1.025189831852912903e-01 1.967502403259277344e+01 3.701782703399658203e+00 2.615669667720794678e-01 5.237169265747070312e-01 1.967502403259277344e+01 3.701782703399658203e+00 2.615669667720794678e-01 7.901963591575622559e-01 4.417569160461425781e+00
1.890000000000000000e+03 8.471047133207321167e-02 1.966038131713867188e+01 3.688827753067016602e+00 2.190797179937362671e-01 5.094666481018066406e-01 1.966038131713867188e+01 3.688827753067016602e+00 2.190797179937362671e-01 7.879158854484558105e-01 4.392108917236328125e+00
1.900000000000000000e+03 6.829680502414703369e-02 1.964963150024414062e+01 3.684126138687133789e+00 2.029152512550354004e-01 4.475365877151489258e-01 1.964963150024414062e+01 3.684126138687133789e+00 2.029152512550354004e-01 7.791083455085754395e-01 4.294465541839599609e+00
1.900000000000000000e+03 6.489578634500503540e-02 1.964963150024414062e+01 3.684126138687133789e+00 2.029152512550354004e-01 4.475365877151489258e-01 1.964963150024414062e+01 3.684126138687133789e+00 2.029152512550354004e-01 7.791083455085754395e-01 4.294465541839599609e+00
1.910000000000000000e+03 1.020966529846191406e+00 1.968314361572265625e+01 3.694288969039916992e+00 8.349874615669250488e-01 2.469382047653198242e+00 1.968314361572265625e+01 3.694288969039916992e+00 8.349874615669250488e-01 8.095912337303161621e-01 4.637084007263183594e+00
1.920000000000000000e+03 1.357214897871017456e-01 1.975158691406250000e+01 3.683666229248046875e+00 3.772529661655426025e-01 7.140427827835083008e-01 1.975158691406250000e+01 3.683666229248046875e+00 3.772529661655426025e-01 8.146582245826721191e-01 4.695309638977050781e+00
1.930000000000000000e+03 1.122427731752395630e-01 1.978861045837402344e+01 3.708050489425659180e+00 2.144334614276885986e-01 5.572068691253662109e-01 1.978861045837402344e+01 3.708050489425659180e+00 2.144334614276885986e-01 7.586658000946044922e-01 4.072061538696289062e+00
1.940000000000000000e+03 9.572304040193557739e-02 1.970301628112792969e+01 3.700452566146850586e+00 1.879750043153762817e-01 6.413218379020690918e-01 1.970301628112792969e+01 3.700452566146850586e+00 1.879750043153762817e-01 7.704924345016479492e-01 4.200008392333984375e+00
1.950000000000000000e+03 7.227665930986404419e-02 1.964870452880859375e+01 3.684856414794921875e+00 2.087336331605911255e-01 4.861661791801452637e-01 1.964870452880859375e+01 3.684856414794921875e+00 2.087336331605911255e-01 7.792595624923706055e-01 4.296131610870361328e+00
1.950000000000000000e+03 6.901784986257553101e-02 1.964870452880859375e+01 3.684856414794921875e+00 2.087336331605911255e-01 4.861661791801452637e-01 1.964870452880859375e+01 3.684856414794921875e+00 2.087336331605911255e-01 7.792595624923706055e-01 4.296131610870361328e+00
1.960000000000000000e+03 9.041880965232849121e-01 1.967442321777343750e+01 3.707798480987548828e+00 6.844595074653625488e-01 1.924632668495178223e+00 1.967442321777343750e+01 3.707798480987548828e+00 6.844595074653625488e-01 8.039987087249755859e-01 4.573240280151367188e+00
1.970000000000000000e+03 1.664683371782302856e-01 1.969532203674316406e+01 3.678911447525024414e+00 3.753846585750579834e-01 7.044319510459899902e-01 1.969532203674316406e+01 3.678911447525024414e+00 3.753846585750579834e-01 8.158386945724487305e-01 4.708926677703857422e+00
1.980000000000000000e+03 8.529469370841979980e-02 1.977466773986816406e+01 3.702950716018676758e+00 2.115672677755355835e-01 5.389091372489929199e-01 1.977466773986816406e+01 3.702950716018676758e+00 2.115672677755355835e-01 7.590915560722351074e-01 4.076632976531982422e+00
1.990000000000000000e+03 9.286835044622421265e-02 1.967540740966796875e+01 3.699074506759643555e+00 1.980501711368560791e-01 6.128017306327819824e-01 1.967540740966796875e+01 3.699074506759643555e+00 1.980501711368560791e-01 7.744193077087402344e-01 4.242928028106689453e+00
2.000000000000000000e+03 7.344962656497955322e-02 1.965210533142089844e+01 3.685593843460083008e+00 1.961339563131332397e-01 5.331615805625915527e-01 1.965210533142089844e+01 3.685593843460083008e+00 1.961339563131332397e-01 7.797639966011047363e-01 4.301695346832275391e+00
2.000000000000000000e+03 7.344962656497955322e-02 1.965210533142089844e+01 3.685593843460083008e+00 1.961339563131332397e-01 5.331615805625915527e-01 1.965210533142089844e+01 3.685593843460083008e+00 1.961339563131332397e-01 7.797639966011047363e-01 4.301695346832275391e+00
2.010000000000000000e+03 5.223724246025085449e-01 1.969519042968750000e+01 3.712733745574951172e+00 1.063754200935363770e+00 1.924072384834289551e+00 1.969519042968750000e+01 3.712733745574951172e+00 1.063754200935363770e+00 8.334529995918273926e-01 4.914457321166992188e+00
2.020000000000000000e+03 1.042059212923049927e-01 1.971869087219238281e+01 3.691545724868774414e+00 2.645985782146453857e-01 6.801609396934509277e-01 1.971869087219238281e+01 3.691545724868774414e+00 2.645985782146453857e-01 7.809180617332458496e-01 4.314437866210937500e+00
2.030000000000000000e+03 1.039772778749465942e-01 1.980701446533203125e+01 3.704483509063720703e+00 2.005478292703628540e-01 6.002126932144165039e-01 1.980701446533203125e+01 3.704483509063720703e+00 2.005478292703628540e-01 7.583166360855102539e-01 4.068314075469970703e+00
2.040000000000000000e+03 9.061777591705322266e-02 1.969588088989257812e+01 3.683151245117187500e+00 1.907776147127151489e-01 6.180817484855651855e-01 1.969588088989257812e+01 3.683151245117187500e+00 1.907776147127151489e-01 7.705613374710083008e-01 4.200758934020996094e+00
2.050000000000000000e+03 7.289007306098937988e-02 1.964874649047851562e+01 3.679594039916992188e+00 2.007993459701538086e-01 5.312829613685607910e-01 1.964874649047851562e+01 3.679594039916992188e+00 2.007993459701538086e-01 7.785860896110534668e-01 4.288709163665771484e+00
2.050000000000000000e+03 7.599070668220520020e-02 1.964874649047851562e+01 3.679594039916992188e+00 2.007993459701538086e-01 5.312829613685607910e-01 1.964874649047851562e+01 3.679594039916992188e+00 2.007993459701538086e-01 7.785860896110534668e-01 4.288709163665771484e+00
2.060000000000000000e+03 6.057881116867065430e-01 1.965974235534667969e+01 3.723191738128662109e+00 7.144898772239685059e-01 1.463077306747436523e+00 1.965974235534667969e+01 3.723191738128662109e+00 7.144898772239685059e-01 8.288472294807434082e-01 4.860291481018066406e+00
2.070000000000000000e+03 8.122159540653228760e-02 1.968276214599609375e+01 3.691869735717773438e+00 2.585096657276153564e-01 5.814979672431945801e-01 1.968276214599609375e+01 3.691869735717773438e+00 2.585096657276153564e-01 7.820653319358825684e-01 4.327124118804931641e+00
2.080000000000000000e+03 9.491714090108871460e-02 1.974565124511718750e+01 3.704455137252807617e+00 1.933713108301162720e-01 5.894827842712402344e-01 1.974565124511718750e+01 3.704455137252807617e+00 1.933713108301162720e-01 7.621219158172607422e-01 4.109246730804443359e+00
2.090000000000000000e+03 7.158086448907852173e-02 1.966287231445312500e+01 3.681828260421752930e+00 2.083044201135635376e-01 5.427606105804443359e-01 1.966287231445312500e+01 3.681828260421752930e+00 2.083044201135635376e-01 7.747187018394470215e-01 4.246209144592285156e+00
2.100000000000000000e+03 7.191782444715499878e-02 1.963157844543457031e+01 3.677355527877807617e+00 2.054606229066848755e-01 5.585769414901733398e-01 1.963157844543457031e+01 3.677355527877807617e+00 2.054606229066848755e-01 7.884362339973449707e-01 4.397912025451660156e+00
2.100000000000000000e+03 6.875802576541900635e-02 1.963157844543457031e+01 3.677354097366333008e+00 2.054606229066848755e-01 5.585769414901733398e-01 1.963157844543457031e+01 3.677355527877807617e+00 2.054606229066848755e-01 7.884362339973449707e-01 4.397912025451660156e+00
2.110000000000000000e+03 6.045066714286804199e-01 1.971904945373535156e+01 3.669721603393554688e+00 3.297967314720153809e-01 1.779714465141296387e+00 1.971904945373535156e+01 3.669721364974975586e+00 3.297967314720153809e-01 8.047032952308654785e-01 4.581259727478027344e+00
2.120000000000000000e+03 1.054487898945808411e-01 1.964427375793457031e+01 3.695155858993530273e+00 3.886504173278808594e-01 5.388305783271789551e-01 1.964427375793457031e+01 3.695155858993530273e+00 3.886504173278808594e-01 8.128413558006286621e-01 4.674389362335205078e+00
2.130000000000000000e+03 1.031124740839004517e-01 1.964455986022949219e+01 3.691305398941040039e+00 2.296425253152847290e-01 7.041262388229370117e-01 1.964455986022949219e+01 3.691306114196777344e+00 2.296425253152847290e-01 7.822090387344360352e-01 4.328715324401855469e+00
2.140000000000000000e+03 6.888293474912643433e-02 1.964893722534179688e+01 3.682423591613769531e+00 2.083968669176101685e-01 5.557889938354492188e-01 1.964893722534179688e+01 3.682423591613769531e+00 2.083968669176101685e-01 7.774622440338134766e-01 4.276337146759033203e+00
2.150000000000000000e+03 6.608464568853378296e-02 1.963199806213378906e+01 3.676594257354736328e+00 1.991215348243713379e-01 5.330140590667724609e-01 1.963199806213378906e+01 3.676594495773315430e+00 1.991215348243713379e-01 7.845034003257751465e-01 4.354146003723144531e+00
2.150000000000000000e+03 6.330755352973937988e-02 1.963199806213378906e+01 3.676594495773315430e+00 1.991215348243713379e-01 5.330140590667724609e-01 1.963199806213378906e+01 3.676594495773315430e+00 1.991215348243713379e-01 7.845034003257751465e-01 4.354146003723144531e+00
2.160000000000000000e+03 5.452630519866943359e-01 1.969612312316894531e+01 3.678689718246459961e+00 4.038662612438201904e-01 1.339915633201599121e+00 1.969612312316894531e+01 3.678689718246459961e+00 4.038662612438201904e-01 7.825621366500854492e-01 4.332624435424804688e+00
2.170000000000000000e+03 1.069490015506744385e-01 1.963956832885742188e+01 3.692343473434448242e+00 3.034546375274658203e-01 6.744541525840759277e-01 1.963956832885742188e+01 3.692343473434448242e+00 3.034546375274658203e-01 8.033257722854614258e-01 4.565587997436523438e+00
2.180000000000000000e+03 1.027970686554908752e-01 1.963916969299316406e+01 3.680942535400390625e+00 2.020554095506668091e-01 7.825191020965576172e-01 1.963916969299316406e+01 3.680942535400390625e+00 2.020554095506668091e-01 8.019409179687500000e-01 4.549860477447509766e+00
2.190000000000000000e+03 6.652285903692245483e-02 1.963681411743164062e+01 3.681348562240600586e+00 1.803092956542968750e-01 5.667743682861328125e-01 1.963681411743164062e+01 3.681348562240600586e+00 1.803092956542968750e-01 7.804616093635559082e-01 4.309396266937255859e+00
2.200000000000000000e+03 6.558816879987716675e-02 1.962553215026855469e+01 3.680633544921875000e+00 1.775189936161041260e-01 5.458158254623413086e-01 1.962553215026855469e+01 3.680633544921875000e+00 1.775189936161041260e-01 7.798475623130798340e-01 4.302617549896240234e+00
2.200000000000000000e+03 6.558816879987716675e-02 1.962553215026855469e+01 3.680633544921875000e+00 1.775189936161041260e-01 5.458158254623413086e-01 1.962553215026855469e+01 3.680633544921875000e+00 1.775189936161041260e-01 7.798475623130798340e-01 4.302617549896240234e+00
2.210000000000000000e+03 9.901340305805206299e-02 1.965163040161132812e+01 3.708178520202636719e+00 4.342554509639739990e-01 6.170107722282409668e-01 1.965163040161132812e+01 3.708178520202636719e+00 4.342554509639739990e-01 8.341954350471496582e-01 4.923216819763183594e+00
2.220000000000000000e+03 7.909297943115234375e-02 1.966206932067871094e+01 3.686899662017822266e+00 1.720965355634689331e-01 5.403882265090942383e-01 1.966206932067871094e+01 3.686899662017822266e+00 1.720965355634689331e-01 7.686721682548522949e-01 4.180186271667480469e+00
2.230000000000000000e+03 8.430996537208557129e-02 1.965780067443847656e+01 3.674016714096069336e+00 1.552124917507171631e-01 6.549744606018066406e-01 1.965780067443847656e+01 3.674016714096069336e+00 1.552124917507171631e-01 7.777939438819885254e-01 4.279987335205078125e+00
2.240000000000000000e+03 6.892409920692443848e-02 1.961500167846679688e+01 3.668480157852172852e+00 1.679218113422393799e-01 5.781908035278320312e-01 1.961500167846679688e+01 3.668480157852172852e+00 1.679218113422393799e-01 7.875750064849853516e-01 4.388309001922607422e+00
2.250000000000000000e+03 6.494160741567611694e-02 1.961534690856933594e+01 3.668462991714477539e+00 1.589345186948776245e-01 5.506736040115356445e-01 1.961534690856933594e+01 3.668462991714477539e+00 1.589345186948776245e-01 7.848718762397766113e-01 4.358237266540527344e+00
2.250000000000000000e+03 9.111812710762023926e-02 1.961534690856933594e+01 3.668462991714477539e+00 1.589345186948776245e-01 5.506736040115356445e-01 1.961534690856933594e+01 3.668462991714477539e+00 1.589345186948776245e-01 7.848718762397766113e-01 4.358237266540527344e+00
2.260000000000000000e+03 3.609896600246429443e-01 1.964537429809570312e+01 3.680414438247680664e+00 8.934201598167419434e-01 2.872161626815795898e+00 1.964537429809570312e+01 3.680414438247680664e+00 8.934201598167419434e-01 8.010795116424560547e-01 4.540090560913085938e+00
2.270000000000000000e+03 1.215328052639961243e-01 1.966320800781250000e+01 3.664545536041259766e+00 4.301237463951110840e-01 7.495822310447692871e-01 1.966320800781250000e+01 3.664545536041259766e+00 4.301237463951110840e-01 8.068776130676269531e-01 4.606049537658691406e+00
2.280000000000000000e+03 8.014371246099472046e-02 1.966290855407714844e+01 3.671284437179565430e+00 2.096229940652847290e-01 5.704705715179443359e-01 1.966290855407714844e+01 3.671284437179565430e+00 2.096229940652847290e-01 7.854036688804626465e-01 4.364145278930664062e+00
2.290000000000000000e+03 6.792679429054260254e-02 1.964028739929199219e+01 3.668106555938720703e+00 1.765671372413635254e-01 5.891481637954711914e-01 1.964028739929199219e+01 3.668106555938720703e+00 1.765671372413635254e-01 7.818201184272766113e-01 4.324411392211914062e+00
2.300000000000000000e+03 6.819028407335281372e-02 1.961534881591796875e+01 3.667781591415405273e+00 1.688365489244461060e-01 5.992493629455566406e-01 1.961534881591796875e+01 3.667781591415405273e+00 1.688365489244461060e-01 7.863657474517822266e-01 4.374843597412109375e+00
2.300000000000000000e+03 6.601573526859283447e-02 1.961534881591796875e+01 3.667781591415405273e+00 1.688365489244461060e-01 5.992493629455566406e-01 1.961534881591796875e+01 3.667781591415405273e+00 1.688365489244461060e-01 7.863657474517822266e-01 4.374843597412109375e+00
2.310000000000000000e+03 1.010655537247657776e-01 1.985531425476074219e+01 3.665982961654663086e+00 2.459380328655242920e-01 5.771822333335876465e-01 1.985531425476074219e+01 3.665982961654663086e+00 2.459380328655242920e-01 7.536638379096984863e-01 4.018543720245361328e+00
2.320000000000000000e+03 8.121264725923538208e-02 1.973069763183593750e+01 3.669293403625488281e+00 1.579484790563583374e-01 7.188926339149475098e-01 1.973069763183593750e+01 3.669293403625488281e+00 1.579484790563583374e-01 7.730337977409362793e-01 4.227760314941406250e+00
2.330000000000000000e+03 9.256843477487564087e-02 1.966967391967773438e+01 3.669365406036376953e+00 1.686858385801315308e-01 7.053585052490234375e-01 1.966967391967773438e+01 3.669365406036376953e+00 1.686858385801315308e-01 7.732701897621154785e-01 4.230345726013183594e+00
2.340000000000000000e+03 6.199177354574203491e-02 1.961508750915527344e+01 3.665879964828491211e+00 1.615766435861587524e-01 5.721858739852905273e-01 1.961508750915527344e+01 3.665879964828491211e+00 1.615766435861587524e-01 7.859883904457092285e-01 4.370645523071289062e+00
2.350000000000000000e+03 5.860449746251106262e-02 1.960165214538574219e+01 3.662590265274047852e+00 1.690838932991027832e-01 5.369917154312133789e-01 1.960165214538574219e+01 3.662590265274047852e+00 1.690838932991027832e-01 7.916206121444702148e-01 4.433508396148681641e+00
2.350000000000000000e+03 5.654192343354225159e-02 1.960165214538574219e+01 3.662590265274047852e+00 1.690838932991027832e-01 5.369917154312133789e-01 1.960165214538574219e+01 3.662590265274047852e+00 1.690838932991027832e-01 7.916206121444702148e-01 4.433508396148681641e+00
2.360000000000000000e+03 1.157678663730621338e-01 2.091635894775390625e+01 3.671776533126831055e+00 1.488659977912902832e-01 9.581623077392578125e-01 2.091635894775390625e+01 3.671776533126831055e+00 1.488659977912902832e-01 7.146794795989990234e-01 3.613565683364868164e+00
2.370000000000000000e+03 1.809284687042236328e-01 1.965834808349609375e+01 3.654060363769531250e+00 5.449415445327758789e-01 1.560026407241821289e+00 1.965834808349609375e+01 3.654060363769531250e+00 5.449415445327758789e-01 8.132067918777465820e-01 4.678594112396240234e+00
2.380000000000000000e+03 7.676924765110015869e-02 1.964210319519042969e+01 3.658473491668701172e+00 2.937549054622650146e-01 7.003669142723083496e-01 1.964210319519042969e+01 3.658473491668701172e+00 2.937549054622650146e-01 7.995090484619140625e-01 4.522307395935058594e+00
2.390000000000000000e+03 6.429681926965713501e-02 1.968681716918945312e+01 3.657449245452880859e+00 1.700196266174316406e-01 5.909373164176940918e-01 1.968681716918945312e+01 3.657449245452880859e+00 1.700196266174316406e-01 7.749388813972473145e-01 4.248623371124267578e+00
2.400000000000000000e+03 6.746035069227218628e-02 1.964315414428710938e+01 3.658394575119018555e+00 1.525699496269226074e-01 6.191327571868896484e-01 1.964315414428710938e+01 3.658394575119018555e+00 1.525699496269226074e-01 7.767595648765563965e-01 4.268610477447509766e+00
2.400000000000000000e+03 6.746035069227218628e-02 1.964315414428710938e+01 3.658394575119018555e+00 1.525699496269226074e-01 6.191327571868896484e-01 1.964315414428710938e+01 3.658394575119018555e+00 1.525699496269226074e-01 7.767595648765563965e-01 4.268610477447509766e+00
2.410000000000000000e+03 2.030037045478820801e-01 1.965322303771972656e+01 3.650645256042480469e+00 1.035663247108459473e+00 1.751994609832763672e+00 1.965322303771972656e+01 3.650645256042480469e+00 1.035663247108459473e+00 8.293564915657043457e-01 4.866266727447509766e+00
2.420000000000000000e+03 1.153890714049339294e-01 1.964156150817871094e+01 3.655287504196166992e+00 2.810450792312622070e-01 8.068455457687377930e-01 1.964156150817871094e+01 3.655287504196166992e+00 2.810450792312622070e-01 7.960435748100280762e-01 4.483188152313232422e+00
2.430000000000000000e+03 6.838436424732208252e-02 1.974392509460449219e+01 3.652580738067626953e+00 1.773147135972976685e-01 6.144724488258361816e-01 1.974392509460449219e+01 3.652580738067626953e+00 1.773147135972976685e-01 7.722147703170776367e-01 4.218805789947509766e+00
2.440000000000000000e+03 6.734372675418853760e-02 1.966516113281250000e+01 3.653755426406860352e+00 1.562089771032333374e-01 6.412785649299621582e-01 1.966516113281250000e+01 3.653755426406860352e+00 1.562089771032333374e-01 7.746658921241760254e-01 4.245630741119384766e+00
2.450000000000000000e+03 6.368591636419296265e-02 1.963499069213867188e+01 3.655483007431030273e+00 1.434220522642135620e-01 5.967499613761901855e-01 1.963499069213867188e+01 3.655483007431030273e+00 1.434220522642135620e-01 7.816795706748962402e-01 4.322857379913330078e+00
2.450000000000000000e+03 7.289686799049377441e-02 1.963499069213867188e+01 3.655483007431030273e+00 1.434220522642135620e-01 5.967499613761901855e-01 1.963499069213867188e+01 3.655483007431030273e+00 1.434220522642135620e-01 7.816795706748962402e-01 4.322857379913330078e+00
2.460000000000000000e+03 1.905974149703979492e-01 1.964721298217773438e+01 3.651335477828979492e+00 8.055309653282165527e-01 1.633591890335083008e+00 1.964721298217773438e+01 3.651335477828979492e+00 8.055309653282165527e-01 8.249875307083129883e-01 4.815131187438964844e+00
2.470000000000000000e+03 9.709215909242630005e-02 1.963811683654785156e+01 3.651696920394897461e+00 3.597045540809631348e-01 7.602156996726989746e-01 1.963811683654785156e+01 3.651696920394897461e+00 3.597045540809631348e-01 8.156818151473999023e-01 4.707115173339843750e+00
2.480000000000000000e+03 8.246833086013793945e-02 1.964186286926269531e+01 3.655124425888061523e+00 1.963779032230377197e-01 5.941509008407592773e-01 1.964186286926269531e+01 3.655124425888061523e+00 1.963779032230377197e-01 7.869834899902343750e-01 4.381719589233398438e+00
2.490000000000000000e+03 6.351455301046371460e-02 1.962312507629394531e+01 3.652148008346557617e+00 1.712107062339782715e-01 5.451837182044982910e-01 1.962312507629394531e+01 3.652148008346557617e+00 1.712107062339782715e-01 7.826924920082092285e-01 4.334067344665527344e+00
2.500000000000000000e+03 5.970276147127151489e-02 1.961046409606933594e+01 3.653371572494506836e+00 1.561815291643142700e-01 5.833370685577392578e-01 1.961046409606933594e+01 3.653371572494506836e+00 1.561815291643142700e-01 7.905022501945495605e-01 4.420989990234375000e+00
2.500000000000000000e+03 5.775418132543563843e-02 1.961046409606933594e+01 3.653371572494506836e+00 1.561815291643142700e-01 5.833370685577392578e-01 1.961046409606933594e+01 3.653371572494506836e+00 1.561815291643142700e-01 7.905022501945495605e-01 4.420989990234375000e+00
2.510000000000000000e+03 1.922515481710433960e-01 2.047793006896972656e+01 3.661084890365600586e+00 1.594443619251251221e-01 9.131206274032592773e-01 2.047793006896972656e+01 3.661084890365600586e+00 1.594443619251251221e-01 7.284989356994628906e-01 3.754664659500122070e+00
2.520000000000000000e+03 8.234321326017379761e-02 1.972585678100585938e+01 3.656759023666381836e+00 1.557895541191101074e-01 7.140886783599853516e-01 1.972585678100585938e+01 3.656759023666381836e+00 1.557895541191101074e-01 7.755438089370727539e-01 4.255258560180664062e+00
2.530000000000000000e+03 6.023773178458213806e-02 1.960672569274902344e+01 3.654819488525390625e+00 2.506229579448699951e-01 5.790220499038696289e-01 1.960672569274902344e+01 3.654819488525390625e+00 2.506229579448699951e-01 8.011083602905273438e-01 4.540418148040771484e+00
2.540000000000000000e+03 5.684233829379081726e-02 1.960185623168945312e+01 3.652537345886230469e+00 2.141451239585876465e-01 5.470935106277465820e-01 1.960185623168945312e+01 3.652537345886230469e+00 2.141451239585876465e-01 7.983772158622741699e-01 4.509512424468994141e+00
2.550000000000000000e+03 5.597606673836708069e-02 1.960043144226074219e+01 3.652517318725585938e+00 1.713825762271881104e-01 5.541232228279113770e-01 1.960043144226074219e+01 3.652517318725585938e+00 1.713825762271881104e-01 7.938537001609802246e-01 4.458556175231933594e+00
2.550000000000000000e+03 5.492712557315826416e-02 1.960043144226074219e+01 3.652517318725585938e+00 1.713825762271881104e-01 5.541232228279113770e-01 1.960043144226074219e+01 3.652517318725585938e+00 1.713825762271881104e-01 7.938537001609802246e-01 4.458556175231933594e+00
2.560000000000000000e+03 1.083749756217002869e-01 2.049983787536621094e+01 3.668320894241333008e+00 1.435716748237609863e-01 8.009189963340759277e-01 2.049983787536621094e+01 3.668320894241333008e+00 1.435716748237609863e-01 7.181462049484252930e-01 3.648707389831542969e+00
2.570000000000000000e+03 1.166796311736106873e-01 1.968162345886230469e+01 3.649152040481567383e+00 2.398790717124938965e-01 7.286584377288818359e-01 1.968162345886230469e+01 3.649152040481567383e+00 2.398790717124938965e-01 7.881525754928588867e-01 4.394747257232666016e+00
2.580000000000000000e+03 7.274534553289413452e-02 1.960579490661621094e+01 3.655377626419067383e+00 2.388738393783569336e-01 5.787033438682556152e-01 1.960579490661621094e+01 3.655377626419067383e+00 2.388738393783569336e-01 8.048717975616455078e-01 4.583178043365478516e+00
2.590000000000000000e+03 6.186187639832496643e-02 1.959457778930664062e+01 3.655207157135009766e+00 2.038256824016571045e-01 6.195961833000183105e-01 1.959457778930664062e+01 3.655207157135009766e+00 2.038256824016571045e-01 7.999924421310424805e-01 4.527778148651123047e+00
2.600000000000000000e+03 5.898812040686607361e-02 1.959698486328125000e+01 3.653478622436523438e+00 1.725304424762725830e-01 6.155263781547546387e-01 1.959698486328125000e+01 3.653478622436523438e+00 1.725304424762725830e-01 7.952678203582763672e-01 4.474455356597900391e+00
