# step, loss_train, loss_test, metrics_test
0.000000000000000000e+00 9.858110427856445312e+00 3.702800750732421875e+00 1.804474449157714844e+01 3.702800750732421875e+00 9.429682493209838867e-01 3.651421070098876953e+00
1.000000000000000000e+01 5.216987133026123047e-01 4.098670959472656250e+00 5.621658563613891602e-01 4.098670959472656250e+00 9.926699995994567871e-01 4.046481609344482422e+00
2.000000000000000000e+01 9.991563111543655396e-02 3.680171966552734375e+00 1.543443500995635986e-01 3.680171966552734375e+00 9.410640597343444824e-01 3.636688470840454102e+00
3.000000000000000000e+01 1.419375836849212646e-01 3.183547735214233398e+00 6.017288565635681152e-01 3.183547735214233398e+00 8.742539286613464355e-01 3.138650417327880859e+00
4.000000000000000000e+01 7.929556816816329956e-02 2.846902132034301758e+00 5.948332548141479492e-01 2.846902132034301758e+00 8.268120884895324707e-01 2.807252407073974609e+00
5.000000000000000000e+01 9.016833454370498657e-02 2.425760269165039062e+00 1.257626533508300781e+00 2.425760269165039062e+00 7.627849578857421875e-01 2.389307022094726562e+00
6.000000000000000000e+01 6.143314763903617859e-02 1.991993546485900879e+00 2.234885454177856445e+00 1.991993546485900879e+00 6.906005740165710449e-01 1.958491444587707520e+00
7.000000000000000000e+01 7.426298409700393677e-02 1.485012173652648926e+00 5.092280387878417969e+00 1.485012173652648926e+00 5.954719185829162598e-01 1.456096887588500977e+00
8.000000000000000000e+01 7.940717041492462158e-02 9.820069074630737305e-01 1.092427253723144531e+01 9.820069074630737305e-01 4.834168255329132080e-01 9.596463441848754883e-01
9.000000000000000000e+01 6.971922516822814941e-02 5.665079951286315918e-01 2.082000923156738281e+01 5.665079951286315918e-01 3.669258058071136475e-01 5.528715848922729492e-01
1.000000000000000000e+02 5.896101519465446472e-02 3.316557705402374268e-01 3.351096725463867188e+01 3.316557705402374268e-01 2.824596166610717773e-01 3.276276290416717529e-01
1.100000000000000000e+02 4.412663727998733521e-02 2.699948847293853760e-01 3.953152465820312500e+01 2.699948847293853760e-01 2.577447593212127686e-01 2.728018760681152344e-01
1.200000000000000000e+02 2.874454855918884277e-02 2.533547282218933105e-01 3.464607620239257812e+01 2.533547282218933105e-01 2.503976225852966309e-01 2.574709057807922363e-01
1.300000000000000000e+02 1.960649341344833374e-02 2.374642491340637207e-01 2.727398490905761719e+01 2.374642491340637207e-01 2.419026345014572144e-01 2.402973026037216187e-01
1.400000000000000000e+02 1.517751347273588181e-02 2.272185236215591431e-01 2.277490425109863281e+01 2.272185236215591431e-01 2.362477183341979980e-01 2.291938662528991699e-01
1.500000000000000000e+02 1.281353831291198730e-02 2.181582450866699219e-01 2.064642333984375000e+01 2.181582450866699219e-01 2.315752059221267700e-01 2.202175110578536987e-01
1.600000000000000000e+02 1.153848040848970413e-02 2.096160054206848145e-01 1.927645111083984375e+01 2.096160054206848145e-01 2.272511571645736694e-01 2.120703458786010742e-01
1.700000000000000000e+02 1.066001318395137787e-02 2.020625323057174683e-01 1.784183311462402344e+01 2.020625323057174683e-01 2.232786566019058228e-01 2.047208994626998901e-01
1.800000000000000000e+02 9.892596863210201263e-03 1.951992213726043701e-01 1.629845428466796875e+01 1.951992213726043701e-01 2.194974720478057861e-01 1.978457719087600708e-01
1.900000000000000000e+02 9.281542152166366577e-03 1.887997537851333618e-01 1.486691093444824219e+01 1.887997537851333618e-01 2.158902287483215332e-01 1.913963705301284790e-01
2.000000000000000000e+02 8.839397691190242767e-03 1.826975345611572266e-01 1.363653945922851562e+01 1.826975345611572266e-01 2.124254703521728516e-01 1.853023618459701538e-01
2.100000000000000000e+02 8.514130488038063049e-03 1.768177002668380737e-01 1.255264759063720703e+01 1.768177002668380737e-01 2.090520262718200684e-01 1.794636249542236328e-01
2.200000000000000000e+02 8.279960602521896362e-03 1.710952967405319214e-01 1.154777717590332031e+01 1.710952967405319214e-01 2.057077437639236450e-01 1.737677156925201416e-01
2.300000000000000000e+02 8.111136034131050110e-03 1.654735207557678223e-01 1.061308288574218750e+01 1.654735207557678223e-01 2.023576796054840088e-01 1.681539714336395264e-01
2.400000000000000000e+02 7.997651584446430206e-03 1.598797738552093506e-01 9.758592605590820312e+00 1.598797738552093506e-01 1.989641487598419189e-01 1.625613868236541748e-01
2.500000000000000000e+02 7.943123579025268555e-03 1.542333215475082397e-01 8.985182762145996094e+00 1.542333215475082397e-01 1.954778432846069336e-01 1.569144129753112793e-01
2.600000000000000000e+02 7.928267121315002441e-03 1.484762579202651978e-01 8.287068367004394531e+00 1.484762579202651978e-01 1.918531954288482666e-01 1.511491835117340088e-01
2.700000000000000000e+02 7.953750900924205780e-03 1.425264477729797363e-01 7.662552356719970703e+00 1.425264477729797363e-01 1.880242973566055298e-01 1.451762914657592773e-01
2.800000000000000000e+02 8.009130135178565979e-03 1.363147646188735962e-01 7.112740516662597656e+00 1.363147646188735962e-01 1.839301884174346924e-01 1.389228701591491699e-01
2.900000000000000000e+02 8.099932223558425903e-03 1.297540962696075439e-01 6.643629550933837891e+00 1.297540962696075439e-01 1.794891953468322754e-01 1.322952806949615479e-01
3.000000000000000000e+02 8.223283104598522186e-03 1.227755025029182434e-01 6.262969017028808594e+00 1.227755025029182434e-01 1.746239513158798218e-01 1.252204775810241699e-01
3.100000000000000000e+02 8.387288078665733337e-03 1.153251230716705322e-01 5.979602336883544922e+00 1.153251230716705322e-01 1.692517846822738647e-01 1.176343634724617004e-01
3.200000000000000000e+02 8.599499240517616272e-03 1.073831245303153992e-01 5.806160926818847656e+00 1.073831245303153992e-01 1.633048951625823975e-01 1.095131114125251770e-01
3.300000000000000000e+02 8.873726241290569305e-03 9.899109601974487305e-02 5.756471633911132812e+00 9.899109601974487305e-02 1.567482352256774902e-01 1.008958071470260620e-01
3.400000000000000000e+02 9.221865795552730560e-03 9.027713537216186523e-02 5.842591285705566406e+00 9.027713537216186523e-02 1.496122479438781738e-01 9.191832691431045532e-02
3.500000000000000000e+02 9.638430550694465637e-03 8.147635310888290405e-02 6.072221279144287109e+00 8.147635310888290405e-02 1.420288234949111938e-01 8.283631503582000732e-02
3.600000000000000000e+02 1.010501105338335037e-02 7.285873591899871826e-02 6.443306446075439453e+00 7.285873591899871826e-02 1.341898143291473389e-01 7.394467294216156006e-02
3.700000000000000000e+02 1.054446678608655930e-02 6.470252573490142822e-02 6.941308975219726562e+00 6.470252573490142822e-02 1.263405233621597290e-01 6.554703414440155029e-02
3.800000000000000000e+02 1.085827499628067017e-02 5.720791220664978027e-02 7.543211936950683594e+00 5.720791220664978027e-02 1.186971440911293030e-01 5.785598605871200562e-02
3.900000000000000000e+02 1.093531679362058640e-02 5.052585154771804810e-02 8.209568977355957031e+00 5.052585154771804810e-02 1.114709526300430298e-01 5.102594941854476929e-02
4.000000000000000000e+02 1.082003675401210785e-02 4.471204057335853577e-02 8.902984619140625000e+00 4.471204057335853577e-02 1.048017218708992004e-01 4.510290920734405518e-02
4.100000000000000000e+02 1.973488926887512207e-02 4.049823060631752014e-02 9.262416839599609375e+00 4.049823060631752014e-02 9.970048815011978149e-02 4.081900045275688171e-02
4.200000000000000000e+02 1.286154054105281830e-02 3.738071769475936890e-02 9.649513244628906250e+00 3.738071769475936890e-02 9.581153839826583862e-02 3.769670426845550537e-02
4.300000000000000000e+02 1.049479376524686813e-02 3.458727523684501648e-02 9.677988052368164062e+00 3.458727523684501648e-02 9.205299615859985352e-02 3.479714691638946533e-02
4.400000000000000000e+02 9.007825516164302826e-03 3.195849061012268066e-02 1.020595359802246094e+01 3.195849061012268066e-02 8.851964026689529419e-02 3.217710927128791809e-02
4.500000000000000000e+02 8.115815930068492889e-03 2.981369942426681519e-02 1.052855491638183594e+01 2.981369942426681519e-02 8.545811474323272705e-02 2.998985350131988525e-02
4.600000000000000000e+02 7.646526210010051727e-03 2.818788588047027588e-02 1.080430221557617188e+01 2.818788588047027588e-02 8.310855925083160400e-02 2.836345881223678589e-02
4.700000000000000000e+02 7.051379419863224030e-03 2.695231512188911438e-02 1.094673538208007812e+01 2.695231512188911438e-02 8.126700669527053833e-02 2.712041139602661133e-02
4.800000000000000000e+02 6.846655625849962234e-03 2.601535618305206299e-02 1.105826568603515625e+01 2.601535618305206299e-02 7.986884564161300659e-02 2.619525417685508728e-02
4.900000000000000000e+02 1.194120384752750397e-02 2.551978640258312225e-02 1.109724235534667969e+01 2.551978640258312225e-02 7.921443134546279907e-02 2.576774172484874725e-02
5.000000000000000000e+02 5.344187375158071518e-03 2.511640265583992004e-02 1.067064571380615234e+01 2.511640265583992004e-02 7.852014899253845215e-02 2.531803585588932037e-02
5.100000000000000000e+02 5.905269179493188858e-03 2.469091303646564484e-02 1.050435543060302734e+01 2.469091303646564484e-02 7.783260196447372437e-02 2.487658709287643433e-02
5.200000000000000000e+02 4.647978115826845169e-03 2.419026382267475128e-02 1.057818603515625000e+01 2.419026382267475128e-02 7.706092298030853271e-02 2.438575401902198792e-02
5.300000000000000000e+02 4.412792157381772995e-03 2.375698648393154144e-02 1.058630275726318359e+01 2.375698648393154144e-02 7.637807726860046387e-02 2.395549416542053223e-02
5.400000000000000000e+02 4.153803922235965729e-03 2.340627461671829224e-02 1.052234745025634766e+01 2.340627461671829224e-02 7.583540678024291992e-02 2.361629717051982880e-02
5.500000000000000000e+02 3.932467196136713028e-03 2.311364002525806427e-02 1.039497566223144531e+01 2.311364002525806427e-02 7.537466287612915039e-02 2.333020232617855072e-02
5.600000000000000000e+02 3.705778159201145172e-03 2.286371588706970215e-02 1.025282001495361328e+01 2.286371588706970215e-02 7.498950511217117310e-02 2.309238165616989136e-02
5.700000000000000000e+02 3.502456471323966980e-03 2.263446897268295288e-02 1.009787368774414062e+01 2.263446897268295288e-02 7.462830096483230591e-02 2.287045866250991821e-02
5.800000000000000000e+02 3.315196605399250984e-03 2.242534980177879333e-02 9.930136680603027344e+00 2.242534980177879333e-02 7.429800182580947876e-02 2.266846038401126862e-02
5.900000000000000000e+02 3.148139221593737602e-03 2.222828567028045654e-02 9.764909744262695312e+00 2.222828567028045654e-02 7.398419082164764404e-02 2.247737720608711243e-02
6.000000000000000000e+02 3.027953673154115677e-03 2.204060740768909454e-02 9.615296363830566406e+00 2.204060740768909454e-02 7.369048893451690674e-02 2.229927293956279755e-02
6.100000000000000000e+02 1.322462968528270721e-02 2.191605605185031891e-02 9.601049423217773438e+00 2.191605605185031891e-02 7.356720417737960815e-02 2.222471684217453003e-02
6.200000000000000000e+02 5.002105142921209335e-03 2.195104025304317474e-02 9.113718032836914062e+00 2.195104025304317474e-02 7.367393374443054199e-02 2.228925190865993500e-02
6.300000000000000000e+02 2.509133191779255867e-03 2.181774191558361053e-02 8.814580917358398438e+00 2.181774191558361053e-02 7.333538681268692017e-02 2.208487689495086670e-02
6.400000000000000000e+02 2.576726255938410759e-03 2.161767333745956421e-02 8.801961898803710938e+00 2.161767333745956421e-02 7.301224768161773682e-02 2.189067378640174866e-02
6.500000000000000000e+02 2.538225147873163223e-03 2.138997614383697510e-02 8.851332664489746094e+00 2.138997614383697510e-02 7.262995094060897827e-02 2.166203409433364868e-02
6.600000000000000000e+02 2.276968210935592651e-03 2.120652794837951660e-02 8.818198204040527344e+00 2.120652794837951660e-02 7.234405726194381714e-02 2.149183489382266998e-02
6.700000000000000000e+02 2.220037393271923065e-03 2.104006893932819366e-02 8.741147041320800781e+00 2.104006893932819366e-02 7.206898927688598633e-02 2.132871374487876892e-02
6.800000000000000000e+02 2.148722996935248375e-03 2.089356258511543274e-02 8.647471427917480469e+00 2.089356258511543274e-02 7.183685898780822754e-02 2.119153179228305817e-02
6.900000000000000000e+02 2.072863746434450150e-03 2.075398713350296021e-02 8.539218902587890625e+00 2.075398713350296021e-02 7.160504162311553955e-02 2.105498500168323517e-02
7.000000000000000000e+02 2.003742614760994911e-03 2.061922289431095123e-02 8.430978775024414062e+00 2.061922289431095123e-02 7.138194143772125244e-02 2.092398703098297119e-02
7.100000000000000000e+02 1.940799411386251450e-03 2.048791199922561646e-02 8.324687957763671875e+00 2.048791199922561646e-02 7.116460800170898438e-02 2.079677022993564606e-02
7.200000000000000000e+02 1.881413860246539116e-03 2.035817317664623260e-02 8.220131874084472656e+00 2.035817317664623260e-02 7.094755768775939941e-02 2.067010477185249329e-02
7.300000000000000000e+02 1.825163140892982483e-03 2.023098990321159363e-02 8.124875068664550781e+00 2.023098990321159363e-02 7.073605805635452271e-02 2.054704912006855011e-02
7.400000000000000000e+02 1.773073687218129635e-03 2.010444737970829010e-02 8.029567718505859375e+00 2.010444737970829010e-02 7.052185386419296265e-02 2.042279578745365143e-02
7.500000000000000000e+02 1.722048618830740452e-03 1.998034864664077759e-02 7.942753791809082031e+00 1.998034864664077759e-02 7.031460106372833252e-02 2.030293643474578857e-02
7.600000000000000000e+02 1.674184924922883511e-03 1.985769905149936676e-02 7.855412960052490234e+00 1.985769905149936676e-02 7.010615617036819458e-02 2.018273808062076569e-02
7.700000000000000000e+02 1.638102112337946892e-03 1.973650790750980377e-02 7.767520427703857422e+00 1.973650790750980377e-02 6.990084052085876465e-02 2.006469108164310455e-02
7.800000000000000000e+02 3.246529027819633484e-03 1.962858438491821289e-02 7.623819351196289062e+00 1.962858438491821289e-02 6.969588249921798706e-02 1.994720101356506348e-02
7.900000000000000000e+02 6.545808631926774979e-03 1.981684193015098572e-02 7.572834968566894531e+00 1.981684193015098572e-02 7.024579495191574097e-02 2.026321552693843842e-02
8.000000000000000000e+02 1.846126047894358635e-03 1.960070244967937469e-02 7.227612495422363281e+00 1.960070244967937469e-02 6.965842097997665405e-02 1.992576569318771362e-02
8.100000000000000000e+02 2.056600525975227356e-03 1.945808902382850647e-02 7.226803302764892578e+00 1.945808902382850647e-02 6.942251324653625488e-02 1.979103311896324158e-02
8.200000000000000000e+02 1.483918633311986923e-03 1.927245780825614929e-02 7.327815055847167969e+00 1.927245780825614929e-02 6.907881051301956177e-02 1.959555037319660187e-02
8.300000000000000000e+02 1.452479627914726734e-03 1.912973821163177490e-02 7.356255531311035156e+00 1.912973821163177490e-02 6.886325776576995850e-02 1.947344839572906494e-02
8.400000000000000000e+02 1.346479752101004124e-03 1.899698562920093536e-02 7.312522411346435547e+00 1.899698562920093536e-02 6.863387674093246460e-02 1.934393681585788727e-02
8.500000000000000000e+02 1.311622909270226955e-03 1.887325756251811981e-02 7.240492820739746094e+00 1.887325756251811981e-02 6.842052936553955078e-02 1.922385767102241516e-02
8.600000000000000000e+02 1.284310361370444298e-03 1.875420473515987396e-02 7.161299705505371094e+00 1.875420473515987396e-02 6.821271032094955444e-02 1.910725980997085571e-02
8.700000000000000000e+02 1.257937285117805004e-03 1.863567903637886047e-02 7.082536697387695312e+00 1.863567903637886047e-02 6.800178438425064087e-02 1.898927241563796997e-02
8.800000000000000000e+02 1.231870613992214203e-03 1.851679012179374695e-02 7.009417533874511719e+00 1.851679012179374695e-02 6.779401004314422607e-02 1.887341029942035675e-02
8.900000000000000000e+02 1.207446213811635971e-03 1.839751563966274261e-02 6.937489509582519531e+00 1.839751563966274261e-02 6.758195906877517700e-02 1.875552907586097717e-02
9.000000000000000000e+02 1.184963737614452839e-03 1.827743276953697205e-02 6.872711181640625000e+00 1.827743276953697205e-02 6.736958026885986328e-02 1.863783597946166992e-02
9.100000000000000000e+02 1.163860550150275230e-03 1.815738342702388763e-02 6.811433792114257812e+00 1.815738342702388763e-02 6.715779006481170654e-02 1.852083206176757812e-02
9.200000000000000000e+02 1.143221859820187092e-03 1.803635805845260620e-02 6.748455524444580078e+00 1.803635805845260620e-02 6.694151461124420166e-02 1.840174011886119843e-02
9.300000000000000000e+02 1.125295180827379227e-03 1.791471615433692932e-02 6.688412666320800781e+00 1.791471615433692932e-02 6.672307103872299194e-02 1.828183420002460480e-02
9.400000000000000000e+02 1.111396122723817825e-03 1.779290847480297089e-02 6.630736827850341797e+00 1.779290847480297089e-02 6.650709360837936401e-02 1.816366985440254211e-02
9.500000000000000000e+02 1.311376108787953854e-03 1.766857691109180450e-02 6.592084407806396484e+00 1.766857691109180450e-02 6.629036366939544678e-02 1.804548501968383789e-02
9.600000000000000000e+02 1.088554505258798599e-02 1.767245493829250336e-02 6.643890857696533203e+00 1.767245493829250336e-02 6.642054021358489990e-02 1.811642944812774658e-02
9.700000000000000000e+02 3.290873253718018532e-03 1.753669045865535736e-02 6.305756568908691406e+00 1.753669045865535736e-02 6.605511158704757690e-02 1.791763678193092346e-02
9.800000000000000000e+02 1.526475651189684868e-03 1.742568239569664001e-02 6.316345214843750000e+00 1.742568239569664001e-02 6.586322933435440063e-02 1.781368814408779144e-02
9.900000000000000000e+02 1.018344075419008732e-03 1.725217327475547791e-02 6.320122241973876953e+00 1.725217327475547791e-02 6.547989696264266968e-02 1.760693080723285675e-02
1.000000000000000000e+03 9.971910621970891953e-04 1.711159013211727142e-02 6.343671798706054688e+00 1.711159013211727142e-02 6.526532769203186035e-02 1.749173551797866821e-02
1.010000000000000000e+03 1.011185231618583202e-03 1.697695441544055939e-02 6.311844348907470703e+00 1.697695441544055939e-02 6.502355635166168213e-02 1.736237667500972748e-02
1.020000000000000000e+03 9.943065233528614044e-04 1.684640161693096161e-02 6.241152286529541016e+00 1.684640161693096161e-02 6.478144228458404541e-02 1.723332144320011139e-02
1.030000000000000000e+03 9.693633764982223511e-04 1.671958342194557190e-02 6.164581298828125000e+00 1.671958342194557190e-02 6.454365700483322144e-02 1.710704341530799866e-02
1.040000000000000000e+03 9.647067054174840450e-04 1.659082435071468353e-02 6.099091529846191406e+00 1.659082435071468353e-02 6.429956853389739990e-02 1.697789877653121948e-02
1.050000000000000000e+03 9.582705097272992134e-04 1.646000333130359650e-02 6.049601554870605469e+00 1.646000333130359650e-02 6.405869126319885254e-02 1.685092784464359283e-02
1.060000000000000000e+03 9.537909063510596752e-04 1.632916368544101715e-02 5.994562149047851562e+00 1.632916368544101715e-02 6.381267309188842773e-02 1.672174781560897827e-02
1.070000000000000000e+03 9.503199835307896137e-04 1.619737781584262848e-02 5.945155143737792969e+00 1.619737781584262848e-02 6.356551498174667358e-02 1.659246534109115601e-02
1.080000000000000000e+03 9.486738126724958420e-04 1.606678031384944916e-02 5.892032146453857422e+00 1.606678031384944916e-02 6.331847608089447021e-02 1.646374724805355072e-02
1.090000000000000000e+03 9.490035008639097214e-04 1.593496650457382202e-02 5.840126037597656250e+00 1.593496650457382202e-02 6.306788325309753418e-02 1.633368805050849915e-02
1.100000000000000000e+03 1.065733027644455433e-03 1.580539532005786896e-02 5.774686813354492188e+00 1.580539532005786896e-02 6.281466037034988403e-02 1.620278880000114441e-02
1.110000000000000000e+03 8.233065716922283173e-03 1.572056114673614502e-02 5.579855918884277344e+00 1.572056114673614502e-02 6.263212114572525024e-02 1.610875688493251801e-02
1.120000000000000000e+03 1.136657781898975372e-03 1.563308946788311005e-02 5.553928375244140625e+00 1.563308946788311005e-02 6.249408423900604248e-02 1.603783108294010162e-02
1.130000000000000000e+03 9.963642805814743042e-04 1.549227815121412277e-02 5.599542617797851562e+00 1.549227815121412277e-02 6.222461536526679993e-02 1.589981839060783386e-02
1.140000000000000000e+03 1.040832605212926865e-03 1.530755031853914261e-02 5.637166023254394531e+00 1.530755031853914261e-02 6.182733178138732910e-02 1.569743640720844269e-02
1.150000000000000000e+03 1.066015800461173058e-03 1.517087873071432114e-02 5.639357089996337891e+00 1.517087873071432114e-02 6.160244718194007874e-02 1.558345276862382889e-02
1.160000000000000000e+03 9.560615289956331253e-04 1.504058577120304108e-02 5.570724010467529297e+00 1.504058577120304108e-02 6.134888902306556702e-02 1.545543130487203598e-02
1.170000000000000000e+03 9.774786885827779770e-04 1.490867417305707932e-02 5.484869003295898438e+00 1.490867417305707932e-02 6.107473000884056091e-02 1.531760487705469131e-02
1.180000000000000000e+03 9.694095351733267307e-04 1.477811392396688461e-02 5.431560993194580078e+00 1.477811392396688461e-02 6.082591414451599121e-02 1.519305258989334106e-02
1.190000000000000000e+03 9.747022995725274086e-04 1.464727055281400681e-02 5.375420093536376953e+00 1.464727055281400681e-02 6.056397780776023865e-02 1.506248116493225098e-02
1.200000000000000000e+03 9.848461486399173737e-04 1.451586559414863586e-02 5.329833030700683594e+00 1.451586559414863586e-02 6.030442565679550171e-02 1.493365690112113953e-02
1.210000000000000000e+03 9.952854597941040993e-04 1.438501290977001190e-02 5.276806831359863281e+00 1.438501290977001190e-02 6.004066020250320435e-02 1.480330340564250946e-02
1.220000000000000000e+03 1.003305427730083466e-03 1.425681263208389282e-02 5.226360321044921875e+00 1.425681263208389282e-02 5.978399142622947693e-02 1.467700768262147903e-02
1.230000000000000000e+03 1.013772911392152309e-03 1.412859093397855759e-02 5.175160408020019531e+00 1.412859093397855759e-02 5.952535942196846008e-02 1.455029565840959549e-02
1.240000000000000000e+03 1.072298851795494556e-03 1.400215551257133484e-02 5.114663600921630859e+00 1.400215551257133484e-02 5.926331877708435059e-02 1.442247256636619568e-02
1.250000000000000000e+03 5.445075687021017075e-03 1.391238067299127579e-02 4.952023506164550781e+00 1.391238067299127579e-02 5.905191227793693542e-02 1.431975886225700378e-02
1.260000000000000000e+03 3.405758878216147423e-03 1.385165844112634659e-02 4.965169906616210938e+00 1.385165844112634659e-02 5.902503430843353271e-02 1.430672779679298401e-02
1.270000000000000000e+03 1.747928792610764503e-03 1.371577475219964981e-02 4.982084751129150391e+00 1.371577475219964981e-02 5.869672447443008423e-02 1.414801366627216339e-02
1.280000000000000000e+03 1.414516358636319637e-03 1.351562514901161194e-02 5.014295101165771484e+00 1.351562514901161194e-02 5.823276191949844360e-02 1.392523292452096939e-02
1.290000000000000000e+03 1.198371872305870056e-03 1.339687965810298920e-02 4.979226112365722656e+00 1.339687965810298920e-02 5.802684277296066284e-02 1.382692623883485794e-02
1.300000000000000000e+03 1.082467730157077312e-03 1.328194327652454376e-02 4.892442703247070312e+00 1.328194327652454376e-02 5.778350308537483215e-02 1.371120195835828781e-02
1.310000000000000000e+03 1.110935001634061337e-03 1.316376775503158569e-02 4.799259662628173828e+00 1.316376775503158569e-02 5.751762166619300842e-02 1.358531042933464050e-02
1.320000000000000000e+03 1.099880435504019260e-03 1.304387114942073822e-02 4.745022296905517578e+00 1.304387114942073822e-02 5.727316811680793762e-02 1.347008161246776581e-02
1.330000000000000000e+03 1.111795310862362385e-03 1.292464882135391235e-02 4.697552204132080078e+00 1.292464882135391235e-02 5.702248215675354004e-02 1.335241738706827164e-02
1.340000000000000000e+03 1.121681882068514824e-03 1.280734501779079437e-02 4.642794132232666016e+00 1.280734501779079437e-02 5.677038431167602539e-02 1.323461811989545822e-02
1.350000000000000000e+03 1.130736549384891987e-03 1.269156113266944885e-02 4.594212055206298828e+00 1.269156113266944885e-02 5.652483180165290833e-02 1.312037743628025055e-02
1.360000000000000000e+03 1.138038001954555511e-03 1.257723849266767502e-02 4.539680480957031250e+00 1.257723849266767502e-02 5.627555772662162781e-02 1.300491113215684891e-02
1.370000000000000000e+03 1.147890812717378139e-03 1.246336381882429123e-02 4.486936092376708984e+00 1.246336381882429123e-02 5.603005364537239075e-02 1.289169117808341980e-02
1.380000000000000000e+03 1.159017905592918396e-03 1.235043723136186600e-02 4.435577869415283203e+00 1.235043723136186600e-02 5.578273534774780273e-02 1.277813315391540527e-02
1.390000000000000000e+03 1.354388776235282421e-03 1.224388927221298218e-02 4.364968776702880859e+00 1.224388927221298218e-02 5.554124340415000916e-02 1.266773603856563568e-02
1.400000000000000000e+03 8.754117414355278015e-03 1.222712267190217972e-02 4.154729366302490234e+00 1.222712267190217972e-02 5.550836026668548584e-02 1.265273895114660263e-02
1.410000000000000000e+03 1.959835411980748177e-03 1.216865796595811844e-02 4.145853996276855469e+00 1.216865796595811844e-02 5.530226975679397583e-02 1.255896035581827164e-02
1.420000000000000000e+03 1.428640331141650677e-03 1.196655537933111191e-02 4.248515129089355469e+00 1.196655537933111191e-02 5.488815903663635254e-02 1.237157732248306274e-02
1.430000000000000000e+03 1.186984474770724773e-03 1.182716619223356247e-02 4.291215419769287109e+00 1.182716619223356247e-02 5.463526397943496704e-02 1.225783769041299820e-02
1.440000000000000000e+03 1.271765446290373802e-03 1.171151921153068542e-02 4.245200634002685547e+00 1.171151921153068542e-02 5.436934530735015869e-02 1.213880721479654312e-02
1.450000000000000000e+03 1.200993778184056282e-03 1.161424722522497177e-02 4.161082267761230469e+00 1.161424722522497177e-02 5.414478480815887451e-02 1.203873939812183380e-02
1.460000000000000000e+03 1.197492470964789391e-03 1.151221897453069687e-02 4.093711853027343750e+00 1.151221897453069687e-02 5.391782149672508240e-02 1.193802244961261749e-02
1.470000000000000000e+03 1.193457399494946003e-03 1.140247751027345657e-02 4.057177066802978516e+00 1.140247751027345657e-02 5.367228388786315918e-02 1.182954106479883194e-02
1.480000000000000000e+03 1.194954849779605865e-03 1.129831559956073761e-02 4.014028072357177734e+00 1.129831559956073761e-02 5.343332141637802124e-02 1.172443944960832596e-02
1.490000000000000000e+03 1.195543911308050156e-03 1.119545102119445801e-02 3.972957134246826172e+00 1.119545102119445801e-02 5.320090800523757935e-02 1.162266824394464493e-02
1.500000000000000000e+03 1.197254285216331482e-03 1.109190192073583603e-02 3.931249618530273438e+00 1.109190192073583603e-02 5.296206474304199219e-02 1.151854172348976135e-02
1.510000000000000000e+03 1.195126445963978767e-03 1.099218893796205521e-02 3.891391277313232422e+00 1.099218893796205521e-02 5.273391306400299072e-02 1.141951605677604675e-02
1.520000000000000000e+03 1.196216326206922531e-03 1.088998466730117798e-02 3.852809906005859375e+00 1.088998466730117798e-02 5.249604210257530212e-02 1.131672598421573639e-02
1.530000000000000000e+03 1.273042755201458931e-03 1.079023070633411407e-02 3.802804946899414062e+00 1.079023070633411407e-02 5.225769802927970886e-02 1.121420040726661682e-02
1.540000000000000000e+03 8.638981729745864868e-03 1.076562516391277313e-02 3.616572141647338867e+00 1.076562516391277313e-02 5.217427760362625122e-02 1.117842365056276321e-02
1.550000000000000000e+03 1.178198959678411484e-03 1.071765925735235214e-02 3.666328191757202148e+00 1.071765925735235214e-02 5.204319953918457031e-02 1.112232916057109833e-02
1.560000000000000000e+03 1.206010114401578903e-03 1.055934187024831772e-02 3.752753019332885742e+00 1.055934187024831772e-02 5.169031769037246704e-02 1.097200997173786163e-02
1.570000000000000000e+03 1.192554831504821777e-03 1.041164528578519821e-02 3.804356336593627930e+00 1.041164528578519821e-02 5.137965083122253418e-02 1.084051746875047684e-02
1.580000000000000000e+03 1.235359115526080132e-03 1.030496228486299515e-02 3.759208202362060547e+00 1.030496228486299515e-02 5.111561343073844910e-02 1.072938833385705948e-02
1.590000000000000000e+03 1.220152596943080425e-03 1.020942721515893936e-02 3.692059278488159180e+00 1.020942721515893936e-02 5.088561773300170898e-02 1.063305046409368515e-02
1.600000000000000000e+03 1.169495168142020702e-03 1.011302415281534195e-02 3.646432876586914062e+00 1.011302415281534195e-02 5.066609382629394531e-02 1.054150424897670746e-02
1.610000000000000000e+03 1.168672344647347927e-03 1.001143734902143478e-02 3.610246658325195312e+00 1.001143734902143478e-02 5.041608959436416626e-02 1.043772883713245392e-02
1.620000000000000000e+03 1.155304023995995522e-03 9.910881519317626953e-03 3.587654113769531250e+00 9.910881519317626953e-03 5.017392337322235107e-02 1.033770013600587845e-02
1.630000000000000000e+03 1.149128773249685764e-03 9.810643270611763000e-03 3.563150644302368164e+00 9.810643270611763000e-03 4.993224889039993286e-02 1.023835130035877228e-02
1.640000000000000000e+03 1.144560519605875015e-03 9.708547964692115784e-03 3.542383670806884766e+00 9.708547964692115784e-03 4.968420043587684631e-02 1.013687998056411743e-02
1.650000000000000000e+03 1.139535452239215374e-03 9.606844745576381683e-03 3.518652677536010742e+00 9.606844745576381683e-03 4.943322017788887024e-02 1.003472600132226944e-02
1.660000000000000000e+03 1.131743076257407665e-03 9.506717324256896973e-03 3.496522188186645508e+00 9.506717324256896973e-03 4.919046908617019653e-02 9.936414659023284912e-03
1.670000000000000000e+03 1.126900431700050831e-03 9.405506774783134460e-03 3.475009441375732422e+00 9.405506774783134460e-03 4.893971979618072510e-02 9.835371747612953186e-03
1.680000000000000000e+03 1.192939234897494316e-03 9.306175634264945984e-03 3.444085121154785156e+00 9.306175634264945984e-03 4.868654534220695496e-02 9.733874350786209106e-03
1.690000000000000000e+03 5.667970050126314163e-03 9.260170161724090576e-03 3.310042619705200195e+00 9.260170161724090576e-03 4.854370653629302979e-02 9.676841087639331818e-03
1.700000000000000000e+03 2.185539342463016510e-03 9.154867380857467651e-03 3.452675104141235352e+00 9.154867380857467651e-03 4.830308258533477783e-02 9.581143967807292938e-03
1.710000000000000000e+03 1.694180071353912354e-03 9.036988019943237305e-03 3.524187326431274414e+00 9.036988019943237305e-03 4.801631346344947815e-02 9.467719122767448425e-03
1.720000000000000000e+03 1.175229903310537338e-03 8.924516849219799042e-03 3.530757904052734375e+00 8.924516849219799042e-03 4.775250330567359924e-02 9.363971650600433350e-03
1.730000000000000000e+03 1.085552969016134739e-03 8.823477663099765778e-03 3.461522817611694336e+00 8.823477663099765778e-03 4.746603220701217651e-02 9.251957759261131287e-03
1.740000000000000000e+03 1.074922969564795494e-03 8.715591393411159515e-03 3.420962810516357422e+00 8.715591393411159515e-03 4.718800634145736694e-02 9.143890812993049622e-03
1.750000000000000000e+03 1.052711624652147293e-03 8.609638549387454987e-03 3.423136711120605469e+00 8.609638549387454987e-03 4.693376645445823669e-02 9.045623242855072021e-03
1.760000000000000000e+03 1.032812055200338364e-03 8.506556972861289978e-03 3.408941745758056641e+00 8.506556972861289978e-03 4.666545987129211426e-02 8.942498825490474701e-03
1.770000000000000000e+03 1.021131640300154686e-03 8.402306586503982544e-03 3.403147220611572266e+00 8.402306586503982544e-03 4.639574140310287476e-02 8.839423768222332001e-03
1.780000000000000000e+03 1.013310044072568417e-03 8.294023573398590088e-03 3.400098562240600586e+00 8.294023573398590088e-03 4.611240699887275696e-02 8.731790818274021149e-03
1.790000000000000000e+03 1.002640463411808014e-03 8.187633939087390900e-03 3.403515100479125977e+00 8.187633939087390900e-03 4.583463445305824280e-02 8.626909926533699036e-03
1.800000000000000000e+03 9.918531868606805801e-04 8.081017993390560150e-03 3.402545213699340820e+00 8.081017993390560150e-03 4.555455222725868225e-02 8.521800860762596130e-03
1.810000000000000000e+03 9.839159902185201645e-04 7.973198778927326202e-03 3.404394149780273438e+00 7.973198778927326202e-03 4.526770487427711487e-02 8.414819836616516113e-03
1.820000000000000000e+03 1.099612680263817310e-03 7.866602391004562378e-03 3.428550958633422852e+00 7.866602391004562378e-03 4.499414935708045959e-02 8.313423022627830505e-03
1.830000000000000000e+03 6.861672736704349518e-03 7.885270752012729645e-03 3.558362007141113281e+00 7.885270752012729645e-03 4.521371424198150635e-02 8.394756354391574860e-03
1.840000000000000000e+03 2.299027517437934875e-03 7.725255098193883896e-03 3.499953746795654297e+00 7.725255098193883896e-03 4.458263143897056580e-02 8.162047713994979858e-03
1.850000000000000000e+03 1.546924118883907795e-03 7.566095795482397079e-03 3.607190608978271484e+00 7.566095795482397079e-03 4.414184764027595520e-02 8.001452311873435974e-03
1.860000000000000000e+03 1.099022338166832924e-03 7.479693274945020676e-03 3.607504129409790039e+00 7.479693274945020676e-03 4.394091293215751648e-02 7.928770035505294800e-03
1.870000000000000000e+03 9.316561627201735973e-04 7.375727873295545578e-03 3.546400547027587891e+00 7.375727873295545578e-03 4.365074634552001953e-02 7.824402302503585815e-03
1.880000000000000000e+03 8.846361888572573662e-04 7.259128149598836899e-03 3.525899171829223633e+00 7.259128149598836899e-03 4.332800582051277161e-02 7.709127385169267654e-03
1.890000000000000000e+03 8.782362565398216248e-04 7.148623466491699219e-03 3.525358915328979492e+00 7.148623466491699219e-03 4.300826042890548706e-02 7.595765404403209686e-03
1.900000000000000000e+03 8.621775195933878422e-04 7.041073404252529144e-03 3.536002874374389648e+00 7.041073404252529144e-03 4.270446300506591797e-02 7.488835602998733521e-03
1.910000000000000000e+03 8.499737596139311790e-04 6.932093761861324310e-03 3.562693834304809570e+00 6.932093761861324310e-03 4.240245372056961060e-02 7.383286021649837494e-03
1.920000000000000000e+03 8.367061382159590721e-04 6.826580502092838287e-03 3.584763288497924805e+00 6.826580502092838287e-03 4.210551455616950989e-02 7.280239835381507874e-03
1.930000000000000000e+03 8.276967564597725868e-04 6.718104239553213120e-03 3.603804349899291992e+00 6.718104239553213120e-03 4.179181531071662903e-02 7.172164041548967361e-03
1.940000000000000000e+03 8.206478669308125973e-04 6.608831696212291718e-03 3.621217966079711914e+00 6.608831696212291718e-03 4.147298261523246765e-02 7.063147146254777908e-03
1.950000000000000000e+03 8.068449096754193306e-04 6.507503800094127655e-03 3.642141819000244141e+00 6.507503800094127655e-03 4.117969796061515808e-02 6.963603664189577103e-03
1.960000000000000000e+03 8.006740245036780834e-04 6.402523256838321686e-03 3.665872335433959961e+00 6.402523256838321686e-03 4.087429121136665344e-02 6.860696710646152496e-03
1.970000000000000000e+03 8.469086606055498123e-04 6.296808365732431412e-03 3.700079917907714844e+00 6.296808365732431412e-03 4.056864976882934570e-02 6.758478470146656036e-03
1.980000000000000000e+03 3.524503903463482857e-03 6.216757930815219879e-03 3.822358846664428711e+00 6.216757930815219879e-03 4.040871933102607727e-02 6.705295760184526443e-03
1.990000000000000000e+03 2.039559185504913330e-03 6.191695574671030045e-03 3.635390996932983398e+00 6.191695574671030045e-03 4.013407602906227112e-02 6.614457815885543823e-03
2.000000000000000000e+03 1.190087641589343548e-03 6.033849902451038361e-03 3.788788318634033203e+00 6.033849902451038361e-03 3.970534726977348328e-02 6.473896559327840805e-03
2.010000000000000000e+03 7.390955579467117786e-04 5.933893378823995590e-03 3.881725788116455078e+00 5.933893378823995590e-03 3.945820033550262451e-02 6.393553689122200012e-03
2.020000000000000000e+03 7.819351740181446075e-04 5.836763884872198105e-03 3.859365224838256836e+00 5.836763884872198105e-03 3.916751220822334290e-02 6.299697328358888626e-03
2.030000000000000000e+03 7.268992485478520393e-04 5.736946128308773041e-03 3.851438283920288086e+00 5.736946128308773041e-03 3.885694965720176697e-02 6.200192961841821671e-03
2.040000000000000000e+03 7.261883583851158619e-04 5.642187315970659256e-03 3.859330654144287109e+00 5.642187315970659256e-03 3.855197876691818237e-02 6.103249732404947281e-03
2.050000000000000000e+03 7.187706651166081429e-04 5.550376139581203461e-03 3.882167100906372070e+00 5.550376139581203461e-03 3.826286271214485168e-02 6.012050434947013855e-03
2.060000000000000000e+03 7.097690249793231487e-04 5.462452303618192673e-03 3.897032499313354492e+00 5.462452303618192673e-03 3.798281401395797729e-02 5.924368742853403091e-03
2.070000000000000000e+03 7.046435493975877762e-04 5.373847670853137970e-03 3.916737318038940430e+00 5.373847670853137970e-03 3.769774734973907471e-02 5.835775751620531082e-03
2.080000000000000000e+03 6.993176066316664219e-04 5.288213025778532028e-03 3.935699939727783203e+00 5.288213025778532028e-03 3.742261976003646851e-02 5.750903859734535217e-03
2.090000000000000000e+03 7.003340288065373898e-04 5.207087378948926926e-03 3.948247432708740234e+00 5.207087378948926926e-03 3.716260567307472229e-02 5.671266932040452957e-03
2.100000000000000000e+03 1.917504239827394485e-03 5.127678159624338150e-03 4.036849975585937500e+00 5.127678159624338150e-03 3.695081174373626709e-02 5.606808234006166458e-03
2.110000000000000000e+03 3.348339814692735672e-03 5.220645107328891754e-03 3.780462503433227539e+00 5.220645107328891754e-03 3.708472102880477905e-02 5.647520534694194794e-03
2.120000000000000000e+03 1.374426763504743576e-03 5.055770277976989746e-03 3.995017766952514648e+00 5.055770277976989746e-03 3.661487251520156860e-02 5.505322944372892380e-03
2.130000000000000000e+03 8.346498943865299225e-04 4.961195867508649826e-03 4.109703540802001953e+00 4.961195867508649826e-03 3.634249046444892883e-02 5.423719063401222229e-03
2.140000000000000000e+03 6.715115159749984741e-04 4.881647415459156036e-03 4.034018039703369141e+00 4.881647415459156036e-03 3.607265278697013855e-02 5.343477241694927216e-03
2.150000000000000000e+03 6.524592754431068897e-04 4.800878465175628662e-03 4.041583538055419922e+00 4.800878465175628662e-03 3.581048175692558289e-02 5.266087129712104797e-03
2.160000000000000000e+03 6.517501315101981163e-04 4.728515166789293289e-03 4.049428462982177734e+00 4.728515166789293289e-03 3.554426506161689758e-02 5.188080947846174240e-03
2.170000000000000000e+03 6.480818265117704868e-04 4.658854566514492035e-03 4.050070285797119141e+00 4.658854566514492035e-03 3.529512882232666016e-02 5.115608219057321548e-03
2.180000000000000000e+03 6.389134796336293221e-04 4.594856407493352890e-03 4.072503566741943359e+00 4.594856407493352890e-03 3.507764264941215515e-02 5.052759312093257904e-03
2.190000000000000000e+03 6.374728982336819172e-04 4.530758131295442581e-03 4.080970287322998047e+00 4.530758131295442581e-03 3.485381975769996643e-02 4.988484084606170654e-03
2.200000000000000000e+03 6.300063105300068855e-04 4.473358392715454102e-03 4.070978641510009766e+00 4.473358392715454102e-03 3.465178608894348145e-02 4.930817987769842148e-03
2.210000000000000000e+03 6.275486084632575512e-04 4.414621274918317795e-03 4.069943904876708984e+00 4.414621274918317795e-03 3.444453328847885132e-02 4.872012417763471603e-03
2.220000000000000000e+03 6.212306325323879719e-04 4.360123537480831146e-03 4.055710315704345703e+00 4.360123537480831146e-03 3.424518182873725891e-02 4.815781489014625549e-03
2.230000000000000000e+03 6.164860678836703300e-04 4.308508243411779404e-03 4.041886806488037109e+00 4.308508243411779404e-03 3.405939787626266479e-02 4.763670265674591064e-03
2.240000000000000000e+03 6.329955649562180042e-04 4.255351144820451736e-03 4.024384975433349609e+00 4.255351144820451736e-03 3.385630622506141663e-02 4.707029089331626892e-03
2.250000000000000000e+03 2.135788323357701302e-03 4.226913675665855408e-03 3.917536020278930664e+00 4.226913675665855408e-03 3.371341899037361145e-02 4.667382221668958664e-03
2.260000000000000000e+03 1.686269650235772133e-03 4.173634573817253113e-03 4.127347469329833984e+00 4.173634573817253113e-03 3.356046974658966064e-02 4.625127650797367096e-03
2.270000000000000000e+03 6.593035650439560413e-04 4.123511724174022675e-03 4.142722129821777344e+00 4.123511724174022675e-03 3.337229788303375244e-02 4.573408048599958420e-03
2.280000000000000000e+03 6.400102865882217884e-04 4.092310089617967606e-03 4.060374736785888672e+00 4.092310089617967606e-03 3.322079032659530640e-02 4.531976766884326935e-03
2.290000000000000000e+03 6.166872335597872734e-04 4.043628461658954620e-03 4.004884243011474609e+00 4.043628461658954620e-03 3.306463733315467834e-02 4.489471670240163803e-03
2.300000000000000000e+03 5.729877157136797905e-04 3.997847437858581543e-03 4.050362110137939453e+00 3.997847437858581543e-03 3.290884569287300110e-02 4.447265993803739548e-03
2.310000000000000000e+03 5.608442588709294796e-04 3.957909997552633286e-03 4.046241760253906250e+00 3.957909997552633286e-03 3.275281563401222229e-02 4.405194427818059921e-03
2.320000000000000000e+03 5.565518513321876526e-04 3.915214911103248596e-03 4.048144817352294922e+00 3.915214911103248596e-03 3.258773684501647949e-02 4.360900260508060455e-03
2.330000000000000000e+03 5.493975477293133736e-04 3.875535214319825172e-03 4.055002689361572266e+00 3.875535214319825172e-03 3.243532776832580566e-02 4.320204723626375198e-03
2.340000000000000000e+03 5.709556280635297298e-04 3.836941439658403397e-03 4.061559200286865234e+00 3.836941439658403397e-03 3.229786455631256104e-02 4.283663816750049591e-03
2.350000000000000000e+03 6.474475958384573460e-04 3.799859434366226196e-03 4.073404788970947266e+00 3.799859434366226196e-03 3.216174244880676270e-02 4.247632808983325958e-03
2.360000000000000000e+03 1.686186180450022221e-03 3.782866988331079483e-03 4.126680850982666016e+00 3.782866988331079483e-03 3.214957937598228455e-02 4.244419280439615250e-03
2.370000000000000000e+03 1.031355001032352448e-03 3.754493780434131622e-03 4.000003814697265625e+00 3.754493780434131622e-03 3.191268444061279297e-02 4.182099830359220505e-03
2.380000000000000000e+03 6.421785219572484493e-04 3.705603303387761116e-03 4.140596866607666016e+00 3.705603303387761116e-03 3.179034218192100525e-02 4.150097258388996124e-03
2.390000000000000000e+03 5.121636204421520233e-04 3.678402164950966835e-03 4.051273345947265625e+00 3.678402164950966835e-03 3.165239468216896057e-02 4.114157054573297501e-03
2.400000000000000000e+03 4.997918731532990932e-04 3.642781870439648628e-03 4.060754776000976562e+00 3.642781870439648628e-03 3.152400255203247070e-02 4.080848768353462219e-03
2.410000000000000000e+03 4.948108689859509468e-04 3.611055435612797737e-03 4.066854953765869141e+00 3.611055435612797737e-03 3.138837963342666626e-02 4.045810084789991379e-03
2.420000000000000000e+03 4.864590300712734461e-04 3.581262659281492233e-03 4.079618930816650391e+00 3.581262659281492233e-03 3.127702325582504272e-02 4.017155617475509644e-03
2.430000000000000000e+03 5.001280223950743675e-04 3.550289431586861610e-03 4.099002838134765625e+00 3.550289431586861610e-03 3.115582466125488281e-02 3.986082039773464203e-03
2.440000000000000000e+03 1.446324982680380344e-03 3.529750974848866463e-03 4.167346477508544922e+00 3.529750974848866463e-03 3.113251738250255585e-02 3.980121109634637833e-03
2.450000000000000000e+03 1.378880231641232967e-03 3.553410293534398079e-03 4.021833896636962891e+00 3.553410293534398079e-03 3.105243481695652008e-02 3.959670197218656540e-03
2.460000000000000000e+03 5.019122036173939705e-04 3.484640503302216530e-03 4.187531948089599609e+00 3.484640503302216530e-03 3.086714446544647217e-02 3.912556916475296021e-03
2.470000000000000000e+03 4.677720426116138697e-04 3.459637286141514778e-03 4.175178527832031250e+00 3.459637286141514778e-03 3.076185472309589386e-02 3.885910380631685257e-03
2.480000000000000000e+03 4.937616176903247833e-04 3.427379764616489410e-03 4.163860797882080078e+00 3.427379764616489410e-03 3.066957369446754456e-02 3.862631274387240410e-03
2.490000000000000000e+03 4.367746005300432444e-04 3.402279922738671303e-03 4.190320491790771484e+00 3.402279922738671303e-03 3.054606355726718903e-02 3.831583308055996895e-03
2.500000000000000000e+03 4.334197146818041801e-04 3.377194982022047043e-03 4.195017337799072266e+00 3.377194982022047043e-03 3.043697774410247803e-02 3.804265754297375679e-03
