# step, loss_train, loss_test, metrics_test
0.000000000000000000e+00 6.777331698685884476e-03 2.991837263107299805e-01 5.230409502983093262e-01 4.139584898948669434e-01 6.777331698685884476e-03 2.991837263107299805e-01 5.230409502983093262e-01 4.139584898948669434e-01 1.094636678695678711e+00 4.212529659271240234e-01
1.000000000000000000e+01 3.699325770139694214e-02 4.591697454452514648e-02 1.141515523195266724e-01 1.067399308085441589e-01 3.699325770139694214e-02 4.591697454452514648e-02 1.141515523195266724e-01 1.067399308085441589e-01 6.143732666969299316e-01 1.326989531517028809e-01
2.000000000000000000e+01 8.681770996190607548e-04 1.438670791685581207e-02 6.761252135038375854e-02 4.243835434317588806e-02 8.681770996190607548e-04 1.438670791685581207e-02 6.761252135038375854e-02 4.243835434317588806e-02 4.138274192810058594e-01 6.020622327923774719e-02
3.000000000000000000e+01 2.442324534058570862e-03 6.256367545574903488e-03 4.174049943685531616e-02 2.298563160002231598e-02 2.442324534058570862e-03 6.256367545574903488e-03 4.174049943685531616e-02 2.298563160002231598e-02 3.104572892189025879e-01 3.388492763042449951e-02
4.000000000000000000e+01 1.560422126203775406e-03 3.891018452122807503e-03 2.743003144860267639e-02 1.436495129019021988e-02 1.560422126203775406e-03 3.891018452122807503e-03 2.743003144860267639e-02 1.436495129019021988e-02 2.625679969787597656e-01 2.423742972314357758e-02
5.000000000000000000e+01 1.829796354286372662e-03 2.373887924477458000e-03 1.643101125955581665e-02 8.294143714010715485e-03 1.829796354286372662e-03 2.373887924477458000e-03 1.643101125955581665e-02 8.294143714010715485e-03 2.117393612861633301e-01 1.576180942356586456e-02
6.000000000000000000e+01 2.288883086293935776e-03 1.984872622415423393e-03 9.297194890677928925e-03 5.246750079095363617e-03 2.288883086293935776e-03 1.984872622415423393e-03 9.297194890677928925e-03 5.246750079095363617e-03 1.694992035627365112e-01 1.010039355605840683e-02
7.000000000000000000e+01 2.090746071189641953e-03 1.497525605373084545e-03 5.789124406874179840e-03 3.449391806498169899e-03 2.090746071189641953e-03 1.497525605373084545e-03 5.789124406874179840e-03 3.449391806498169899e-03 1.404517292976379395e-01 6.935168523341417313e-03
8.000000000000000000e+01 1.744682551361620426e-03 1.123087364248931408e-03 3.913619089871644974e-03 2.592709846794605255e-03 1.744682551361620426e-03 1.123087364248931408e-03 3.913619089871644974e-03 2.592709846794605255e-03 1.223269104957580566e-01 5.260740406811237335e-03
9.000000000000000000e+01 1.517789671197533607e-03 8.591286023147404194e-04 2.781623741611838341e-03 1.985010690987110138e-03 1.517789671197533607e-03 8.591286023147404194e-04 2.781623741611838341e-03 1.985010690987110138e-03 1.087921559810638428e-01 4.161003045737743378e-03
1.000000000000000000e+02 1.288178726099431515e-03 6.793311913497745991e-04 2.071806928142905235e-03 1.624142169021070004e-03 1.288178726099431515e-03 6.793311913497745991e-04 2.071806928142905235e-03 1.624142169021070004e-03 1.000545620918273926e-01 3.519464749842882156e-03
1.100000000000000000e+02 1.119525753892958164e-03 5.412576138041913509e-04 1.588548417203128338e-03 1.361047150567173958e-03 1.119525753892958164e-03 5.412576138041913509e-04 1.588548417203128338e-03 1.361047150567173958e-03 9.355018287897109985e-02 3.076750086620450020e-03
1.200000000000000000e+02 1.024108380079269409e-03 4.321216547396034002e-04 1.252588001079857349e-03 1.134463469497859478e-03 1.024108380079269409e-03 4.321216547396034002e-04 1.252588001079857349e-03 1.134463469497859478e-03 8.744733780622482300e-02 2.688413253054022789e-03
1.300000000000000000e+02 9.510575910098850727e-04 3.540740290191024542e-04 1.016836264170706272e-03 9.603477665223181248e-04 9.510575910098850727e-04 3.540740290191024542e-04 1.016836264170706272e-03 9.603477665223181248e-04 8.230764418840408325e-02 2.381679136306047440e-03
1.400000000000000000e+02 8.802499505691230297e-04 2.997078408952802420e-04 8.496349910274147987e-04 8.280076435767114162e-04 8.802499505691230297e-04 2.997078408952802420e-04 8.496349910274147987e-04 8.280076435767114162e-04 7.817326486110687256e-02 2.148420782759785652e-03
1.500000000000000000e+02 8.146984037011861801e-04 2.598440332803875208e-04 7.245910237543284893e-04 7.251464994624257088e-04 8.146984037011861801e-04 2.598440332803875208e-04 7.245910237543284893e-04 7.251464994624257088e-04 7.469857484102249146e-02 1.961677102372050285e-03
1.600000000000000000e+02 7.538343197666108608e-04 2.297370228916406631e-04 6.267401622608304024e-04 6.436618859879672527e-04 7.538343197666108608e-04 2.297370228916406631e-04 6.267401622608304024e-04 6.436618859879672527e-04 7.171025127172470093e-02 1.807862077839672565e-03
1.700000000000000000e+02 6.999093457125127316e-04 2.056751400232315063e-04 5.477152299135923386e-04 5.777143524028360844e-04 6.999093457125127316e-04 2.056751400232315063e-04 5.477152299135923386e-04 5.777143524028360844e-04 6.916964799165725708e-02 1.682031084783375263e-03
1.800000000000000000e+02 6.532630650326609612e-04 1.862717181211337447e-04 4.824461357202380896e-04 5.222233594395220280e-04 6.532630650326609612e-04 1.862717181211337447e-04 4.824461357202380896e-04 5.222233594395220280e-04 6.688800454139709473e-02 1.572893932461738586e-03
1.900000000000000000e+02 6.117896991781890392e-04 1.702917070360854268e-04 4.284453752916306257e-04 4.753511748276650906e-04 6.117896991781890392e-04 1.702917070360854268e-04 4.284453752916306257e-04 4.753511748276650906e-04 6.489700078964233398e-02 1.480648759752511978e-03
2.000000000000000000e+02 5.759432096965610981e-04 1.569494634168222547e-04 3.824309969786554575e-04 4.358692094683647156e-04 5.759432096965610981e-04 1.569494634168222547e-04 3.824309969786554575e-04 4.358692094683647156e-04 6.314326077699661255e-02 1.401706249453127384e-03
2.100000000000000000e+02 5.440886598080396652e-04 1.454262092011049390e-04 3.433728124946355820e-04 4.020514315925538540e-04 5.440886598080396652e-04 1.454262092011049390e-04 3.433728124946355820e-04 4.020514315925538540e-04 6.158471480011940002e-02 1.333364285528659821e-03
2.200000000000000000e+02 5.153601523488759995e-04 1.354168780380859971e-04 3.101115289609879255e-04 3.725005954038351774e-04 5.153601523488759995e-04 1.354168780380859971e-04 3.101115289609879255e-04 3.725005954038351774e-04 6.021913886070251465e-02 1.274887705221772194e-03
2.300000000000000000e+02 4.901947686448693275e-04 1.267568732146173716e-04 2.808381977956742048e-04 3.465165209490805864e-04 4.901947686448693275e-04 1.267568732146173716e-04 2.808381977956742048e-04 3.465165209490805864e-04 5.897961556911468506e-02 1.222944469191133976e-03
2.400000000000000000e+02 4.676883690990507603e-04 1.188598835142329335e-04 2.553798840381205082e-04 3.238604986108839512e-04 4.676883690990507603e-04 1.188598835142329335e-04 2.553798840381205082e-04 3.238604986108839512e-04 5.788233503699302673e-02 1.177863567136228085e-03
2.500000000000000000e+02 4.470610292628407478e-04 1.119954176829196513e-04 2.334785676794126630e-04 3.033653774764388800e-04 4.470610292628407478e-04 1.119954176829196513e-04 2.334785676794126630e-04 3.033653774764388800e-04 5.688840150833129883e-02 1.137759303674101830e-03
2.500000000000000000e+02 3.568635729607194662e-04 1.119954176829196513e-04 2.334785676794126630e-04 3.033653774764388800e-04 4.470610292628407478e-04 1.119954176829196513e-04 2.334785676794126630e-04 3.033653774764388800e-04 5.688840150833129883e-02 1.137759303674101830e-03
2.600000000000000000e+02 9.670924046076834202e-04 8.712999406270682812e-04 2.112696412950754166e-03 1.412463607266545296e-03 1.114621525630354881e-03 8.712999406270682812e-04 2.112696412950754166e-03 1.412463607266545296e-03 8.625368028879165649e-02 2.615520730614662170e-03
2.700000000000000000e+02 3.495571436360478401e-04 6.986620719544589520e-04 8.841802482493221760e-04 8.778906194493174553e-04 4.760669835377484560e-04 6.986620719544589520e-04 8.841802482493221760e-04 8.778906194493174553e-04 6.622136384248733521e-02 1.541697420179843903e-03
2.800000000000000000e+02 3.184594970662146807e-04 1.899354829220101237e-04 2.715777081903070211e-04 3.473150718491524458e-04 4.222851130180060863e-04 1.899354829220101237e-04 2.715777081903070211e-04 3.473150718491524458e-04 5.550396069884300232e-02 1.083055743947625160e-03
2.900000000000000000e+02 2.777793270070105791e-04 9.807071182876825333e-05 1.761677995091304183e-04 2.541589201427996159e-04 3.781406849157065153e-04 9.807071182876825333e-05 1.761677995091304183e-04 2.541589201427996159e-04 5.319058895111083984e-02 9.946551872417330742e-04
3.000000000000000000e+02 2.636615245137363672e-04 8.644647459732368588e-05 1.612551568541675806e-04 2.038409875240176916e-04 3.556224983185529709e-04 8.644647459732368588e-05 1.612551568541675806e-04 2.038409875240176916e-04 5.028722807765007019e-02 8.890338358469307423e-04
3.100000000000000000e+02 2.488748286850750446e-04 7.630991603946313262e-05 1.133641490014269948e-04 1.647944445721805096e-04 3.384194278623908758e-04 7.630991603946313262e-05 1.133641490014269948e-04 1.647944445721805096e-04 4.868965223431587219e-02 8.334437152370810509e-04
3.200000000000000000e+02 2.369279536651447415e-04 6.612284050788730383e-05 9.222238440997898579e-05 1.551949681015685201e-04 3.227694251108914614e-04 6.612284050788730383e-05 9.222238440997898579e-05 1.551949681015685201e-04 4.818823561072349548e-02 8.163661113940179348e-04
3.300000000000000000e+02 2.231812104582786560e-04 5.801306906505487859e-05 7.985119009390473366e-05 1.380456524202600121e-04 3.040437004528939724e-04 5.801306906505487859e-05 7.985119009390473366e-05 1.380456524202600121e-04 4.759518802165985107e-02 7.963958196341991425e-04
3.400000000000000000e+02 2.132053923560306430e-04 5.345553654478862882e-05 7.007870590314269066e-05 1.252600050065666437e-04 2.904300054069608450e-04 5.345553654478862882e-05 7.007870590314269066e-05 1.252600050065666437e-04 4.684389755129814148e-02 7.714520324952900410e-04
3.500000000000000000e+02 2.045393775915727019e-04 4.959765283274464309e-05 6.137284071883186698e-05 1.128010262618772686e-04 2.786077093333005905e-04 4.959765283274464309e-05 6.137284071883186698e-05 1.128010262618772686e-04 4.624290391802787781e-02 7.517840131185948849e-04
3.600000000000000000e+02 1.963732356671243906e-04 4.652284769690595567e-05 5.331960346666164696e-05 1.025995370582677424e-04 2.675085852388292551e-04 4.652284769690595567e-05 5.331960346666164696e-05 1.025995370582677424e-04 4.571392387151718140e-02 7.346828351728618145e-04
3.700000000000000000e+02 1.889461564132943749e-04 4.378244557301513851e-05 4.605987851391546428e-05 9.369865438202396035e-05 2.573875244706869125e-04 4.378244557301513851e-05 4.605987851391546428e-05 9.369865438202396035e-05 4.519576206803321838e-02 7.181222317740321159e-04
3.800000000000000000e+02 1.816181320464238524e-04 4.125242048758082092e-05 4.050475035910494626e-05 8.537134272046387196e-05 2.474215580150485039e-04 4.125242048758082092e-05 4.050475035910494626e-05 8.537134272046387196e-05 4.471508041024208069e-02 7.029281114228069782e-04
3.900000000000000000e+02 1.750175142660737038e-04 3.858849231619387865e-05 3.564942744560539722e-05 7.829860987840220332e-05 2.384285471634939313e-04 3.858849231619387865e-05 3.564942744560539722e-05 7.829860987840220332e-05 4.426617175340652466e-02 6.888851639814674854e-04
4.000000000000000000e+02 1.684379676589742303e-04 3.640071372501552105e-05 3.145872688037343323e-05 7.180489774327725172e-05 2.294484293088316917e-04 3.640071372501552105e-05 3.145872688037343323e-05 7.180489774327725172e-05 4.381641000509262085e-02 6.749576423317193985e-04
4.100000000000000000e+02 1.623925782041624188e-04 3.442357046878896654e-05 2.775573011604137719e-05 6.596087769139558077e-05 2.212304243585094810e-04 3.442357046878896654e-05 2.775573011604137719e-05 6.596087769139558077e-05 4.342886433005332947e-02 6.630708230659365654e-04
4.200000000000000000e+02 1.569858141010627151e-04 3.243864193791523576e-05 2.464413228153716773e-05 6.081464744056575000e-05 2.138584532076492906e-04 3.243864193791523576e-05 2.464413228153716773e-05 6.081464744056575000e-05 4.311012104153633118e-02 6.533731939271092415e-04
4.300000000000000000e+02 1.517985510872676969e-04 3.073536572628654540e-05 2.191084240621421486e-05 5.603764657280407846e-05 2.067349996650591493e-04 3.073536572628654540e-05 2.191084240621421486e-05 5.603764657280407846e-05 4.271128401160240173e-02 6.413397495634853840e-04
4.400000000000000000e+02 1.469263661419972777e-04 2.901227526308503002e-05 1.945288931892719120e-05 5.187977876630611718e-05 2.001597458729520440e-04 2.901227526308503002e-05 1.945288931892719120e-05 5.187977876630611718e-05 4.236289486289024353e-02 6.309198215603828430e-04
4.500000000000000000e+02 1.423713110852986574e-04 2.756427966232877225e-05 1.741539563226979226e-05 4.800473834620788693e-05 1.939519715961068869e-04 2.756427966232877225e-05 1.741539563226979226e-05 4.800473834620788693e-05 4.207786172628402710e-02 6.224582321010529995e-04
4.600000000000000000e+02 1.379881723551079631e-04 2.614526965771801770e-05 1.572433211549650878e-05 4.443573197931982577e-05 1.879828196251764894e-04 2.614526965771801770e-05 1.572433211549650878e-05 4.443573197931982577e-05 4.176132008433341980e-02 6.131281843408942223e-04
4.700000000000000000e+02 1.339181908406317234e-04 2.481026422174181789e-05 1.408824027748778462e-05 4.137670475756749511e-05 1.824041682993993163e-04 2.481026422174181789e-05 1.408824027748778462e-05 4.137670475756749511e-05 4.145976528525352478e-02 6.043055327609181404e-04
4.800000000000000000e+02 1.301773154409602284e-04 2.365249747526831925e-05 1.264904585696058348e-05 3.847333573503419757e-05 1.773307740222662687e-04 2.365249747526831925e-05 1.264904585696058348e-05 3.847333573503419757e-05 4.117571562528610229e-02 5.960534908808767796e-04
4.900000000000000000e+02 1.263892045244574547e-04 2.253582897537853569e-05 1.154790516011416912e-05 3.583864236134104431e-05 1.721627049846574664e-04 2.253582897537853569e-05 1.154790516011416912e-05 3.583864236134104431e-05 4.093135520815849304e-02 5.889997701160609722e-04
5.000000000000000000e+02 1.229123445227742195e-04 2.146026963600888848e-05 1.039417838910594583e-05 3.353158172103576362e-05 1.674338127486407757e-04 2.146026963600888848e-05 1.039417838910594583e-05 3.353158172103576362e-05 4.062941297888755798e-02 5.803419626317918301e-04
5.000000000000000000e+02 9.709739242680370808e-05 2.146026963600888848e-05 1.039417838910594583e-05 3.353158172103576362e-05 1.674338127486407757e-04 2.146026963600888848e-05 1.039417838910594583e-05 3.353158172103576362e-05 4.062941297888755798e-02 5.803419626317918301e-04
5.100000000000000000e+02 5.688539822585880756e-04 2.365219173952937126e-03 1.126318122260272503e-03 1.806081971153616905e-03 3.954291460104286671e-04 2.365219173952937126e-03 1.126318122260272503e-03 1.806081971153616905e-03 7.607833296060562134e-02 2.034814562648534775e-03
5.200000000000000000e+02 3.631264844443649054e-04 2.773320593405514956e-04 5.042693810537457466e-04 3.049677761737257242e-04 3.625950776040554047e-04 2.773320593405514956e-04 5.042693810537457466e-04 3.049677761737257242e-04 5.030935630202293396e-02 8.898163796402513981e-04
5.300000000000000000e+02 1.600634568603709340e-04 1.282421144424006343e-04 1.308766368310898542e-04 1.457926700823009014e-04 2.364036481594666839e-04 1.282421144424006343e-04 1.308766368310898542e-04 1.457926700823009014e-04 4.212112352252006531e-02 6.237389170564711094e-04
5.400000000000000000e+02 8.681361214257776737e-05 3.417259358684532344e-05 2.180611772928386927e-05 4.683609586209058762e-05 1.482281368225812912e-04 3.417259358684532344e-05 2.180611772928386927e-05 4.683609586209058762e-05 3.977888450026512146e-02 5.562987644225358963e-04
5.500000000000000000e+02 9.591900743544101715e-05 3.843953527393750846e-05 3.378792825969867408e-05 5.158211206435225904e-05 1.517415366834029555e-04 3.843953527393750846e-05 3.378792825969867408e-05 5.158211206435225904e-05 3.952259570360183716e-02 5.491536576300859451e-04
5.600000000000000000e+02 8.460476237814873457e-05 1.903157681226730347e-05 1.110518769564805552e-05 2.297655009897425771e-05 1.450221025152131915e-04 1.903157681226730347e-05 1.110518769564805552e-05 2.297655009897425771e-05 3.860326111316680908e-02 5.239029997028410435e-04
5.700000000000000000e+02 8.486206206725910306e-05 1.798533412511460483e-05 9.577684068062808365e-06 2.400470657448749989e-05 1.443414803361520171e-04 1.798533412511460483e-05 9.577684068062808365e-06 2.400470657448749989e-05 3.856699541211128235e-02 5.229191156104207039e-04
5.800000000000000000e+02 8.099609840428456664e-05 1.425574009772390127e-05 7.402620667562587187e-06 1.986575261980760843e-05 1.394464488839730620e-04 1.425574009772390127e-05 7.402620667562587187e-06 1.986575261980760843e-05 3.842094540596008301e-02 5.189661751501262188e-04
5.900000000000000000e+02 7.950908911880105734e-05 1.362682996841613203e-05 6.128214863565517589e-06 1.896634421427734196e-05 1.371177058899775147e-04 1.362682996841613203e-05 6.128214863565517589e-06 1.896634421427734196e-05 3.826349228620529175e-02 5.147212068550288677e-04
6.000000000000000000e+02 7.857641321606934071e-05 1.293876539421034977e-05 5.339284143701661378e-06 1.837464878917671740e-05 1.355008425889536738e-04 1.293876539421034977e-05 5.339284143701661378e-06 1.837464878917671740e-05 3.815963119268417358e-02 5.119307315908372402e-04
6.100000000000000000e+02 7.747006020508706570e-05 1.262912610400235280e-05 4.989179160475032404e-06 1.723031709843780845e-05 1.335997076239436865e-04 1.262912610400235280e-05 4.989179160475032404e-06 1.723031709843780845e-05 3.799399361014366150e-02 5.074960645288228989e-04
6.200000000000000000e+02 7.631783955730497837e-05 1.226997119374573231e-05 4.396468739287229255e-06 1.657145548961125314e-05 1.316205598413944244e-04 1.226997119374573231e-05 4.396468739287229255e-06 1.657145548961125314e-05 3.783056139945983887e-02 5.031395121477544308e-04
6.300000000000000000e+02 7.514932076446712017e-05 1.182525647891452536e-05 4.136677034694002941e-06 1.587768201716244221e-05 1.295936817768961191e-04 1.182525647891452536e-05 4.136677034694002941e-06 1.587768201716244221e-05 3.775652498006820679e-02 5.011720932088792324e-04
6.400000000000000000e+02 7.392849511234089732e-05 1.144687394116772339e-05 3.808027486229548231e-06 1.523769060440827161e-05 1.274938549613580108e-04 1.144687394116772339e-05 3.808027486229548231e-06 1.523769060440827161e-05 3.764284774661064148e-02 4.981587990187108517e-04
6.500000000000000000e+02 7.274212111951783299e-05 1.113204052671790123e-05 3.513276624289574102e-06 1.461018746340414509e-05 1.254394883289933205e-04 1.113204052671790123e-05 3.513276624289574102e-06 1.461018746340414509e-05 3.753386810421943665e-02 4.952786257490515709e-04
6.600000000000000000e+02 7.161108806030824780e-05 1.078973036783281714e-05 3.273574520790134557e-06 1.401383815391454846e-05 1.234768860740587115e-04 1.078973036783281714e-05 3.273574520790134557e-06 1.401383815391454846e-05 3.742272779345512390e-02 4.923498490825295448e-04
6.700000000000000000e+02 7.052021101117134094e-05 1.052216066455002874e-05 3.047003474421217106e-06 1.339231221209047362e-05 1.216119198943488300e-04 1.052216066455002874e-05 3.047003474421217106e-06 1.339231221209047362e-05 3.730640187859535217e-02 4.892936558462679386e-04
6.800000000000000000e+02 6.940369348740205169e-05 1.015252655633958057e-05 2.809041234286269173e-06 1.292679462494561449e-05 1.196959274238906801e-04 1.015252655633958057e-05 2.809041234286269173e-06 1.292679462494561449e-05 3.715454041957855225e-02 4.853182763326913118e-04
6.900000000000000000e+02 6.829538324382156134e-05 9.863767445494886488e-06 2.655416665220400319e-06 1.236713706020964310e-05 1.177829399239271879e-04 9.863767445494886488e-06 2.655416665220400319e-06 1.236713706020964310e-05 3.702757880091667175e-02 4.820071917492896318e-04
7.000000000000000000e+02 6.728318840032443404e-05 9.571616828907281160e-06 2.474959728715475649e-06 1.184776374429930001e-05 1.159909152192994952e-04 9.571616828907281160e-06 2.474959728715475649e-06 1.184776374429930001e-05 3.689216077327728271e-02 4.784880729857832193e-04
7.100000000000000000e+02 6.620847852900624275e-05 9.331788533017970622e-06 2.300839014424127527e-06 1.138915104093030095e-05 1.141856482718139887e-04 9.331788533017970622e-06 2.300839014424127527e-06 1.138915104093030095e-05 3.677271306514739990e-02 4.753945686388760805e-04
7.200000000000000000e+02 6.517489964608103037e-05 9.050946573552209884e-06 2.204590828114305623e-06 1.086291467800037935e-05 1.124015761888585985e-04 9.050946573552209884e-06 2.204590828114305623e-06 1.086291467800037935e-05 3.668791800737380981e-02 4.732047673314809799e-04
7.300000000000000000e+02 6.411881622625514865e-05 8.777943548921030015e-06 2.064756472464068793e-06 1.048520698532229289e-05 1.105813717003911734e-04 8.777943548921030015e-06 2.064756472464068793e-06 1.048520698532229289e-05 3.653964027762413025e-02 4.693874216172844172e-04
7.400000000000000000e+02 6.307429430307820439e-05 8.506406629749108106e-06 1.970170842469087802e-06 1.005089325190056115e-05 1.087690397980622947e-04 8.506406629749108106e-06 1.970170842469087802e-06 1.005089325190056115e-05 3.641515225172042847e-02 4.661945567931979895e-04
7.500000000000000000e+02 6.199954077601432800e-05 8.264418283943086863e-06 1.832023713177477475e-06 9.689803846413269639e-06 1.069138088496401906e-04 8.264418283943086863e-06 1.832023713177477475e-06 9.689803846413269639e-06 3.630614280700683594e-02 4.634075157810002565e-04
7.500000000000000000e+02 5.123882510815747082e-05 8.264418283943086863e-06 1.832023713177477475e-06 9.689803846413269639e-06 1.069138088496401906e-04 8.264418283943086863e-06 1.832023713177477475e-06 9.689803846413269639e-06 3.630614280700683594e-02 4.634075157810002565e-04
7.600000000000000000e+02 2.071091905236244202e-03 3.209080547094345093e-03 2.584950532764196396e-03 2.880492713302373886e-03 1.882787095382809639e-03 3.209080547094345093e-03 2.584950532764196396e-03 2.880492713302373886e-03 9.234771132469177246e-02 2.998162060976028442e-03
7.700000000000000000e+02 5.884082638658583164e-04 4.877673927694559097e-04 1.154003082774579525e-03 6.768238381482660770e-04 7.263513980433344841e-04 4.877673927694559097e-04 1.154003082774579525e-03 6.768238381482660770e-04 6.004585325717926025e-02 1.267561223357915878e-03
7.800000000000000000e+02 7.859615288907662034e-05 9.678264177637174726e-05 9.707685967441648245e-05 1.128072690335102379e-04 1.338273286819458008e-04 9.678264177637174726e-05 9.707685967441648245e-05 1.128072690335102379e-04 3.951789066195487976e-02 5.490228650160133839e-04
7.900000000000000000e+02 1.699168642517179251e-04 1.038128320942632854e-04 1.673125225352123380e-04 1.327183854300528765e-04 2.397553325863555074e-04 1.038128320942632854e-04 1.673125225352123380e-04 1.327183854300528765e-04 4.354741424322128296e-02 6.666958215646445751e-04
8.000000000000000000e+02 6.378904799930751324e-05 5.313520159688778222e-05 5.250396134215407073e-05 5.320013224263675511e-05 1.264454476768150926e-04 5.313520159688778222e-05 5.250396134215407073e-05 5.320013224263675511e-05 3.825336694717407227e-02 5.144489114172756672e-04
8.100000000000000000e+02 7.146474672481417656e-05 2.915050754381809384e-05 3.016290429513901472e-05 2.564015085226856172e-05 1.288149651372805238e-04 2.915050754381809384e-05 3.016290429513901472e-05 2.564015085226856172e-05 3.664341568946838379e-02 4.720573779195547104e-04
8.200000000000000000e+02 5.562412115978077054e-05 1.363454794045537710e-05 1.082947073882678524e-05 1.346683075098553672e-05 1.154484270955435932e-04 1.363454794045537710e-05 1.082947073882678524e-05 1.346683075098553672e-05 3.652120009064674377e-02 4.689136985689401627e-04
8.300000000000000000e+02 5.625251651508733630e-05 1.043412612489191815e-05 9.929055522661656141e-06 1.398771746607962996e-05 1.130738819483667612e-04 1.043412612489191815e-05 9.929055522661656141e-06 1.398771746607962996e-05 3.595586493611335754e-02 4.545088740997016430e-04
8.400000000000000000e+02 5.346569014363922179e-05 8.485451871820259839e-06 6.886653409310383722e-06 1.240147412318037823e-05 1.100349327316507697e-04 8.485451871820259839e-06 6.886653409310383722e-06 1.240147412318037823e-05 3.614855185151100159e-02 4.593932826537638903e-04
8.500000000000000000e+02 5.181485539651475847e-05 8.555019121558871120e-06 5.144088845554506406e-06 9.878289347398094833e-06 1.081013615475967526e-04 8.555019121558871120e-06 5.144088845554506406e-06 9.878289347398094833e-06 3.591865301132202148e-02 4.535685293376445770e-04
8.600000000000000000e+02 5.108541517984122038e-05 8.091444215096998960e-06 4.404158516990719363e-06 9.460002729611005634e-06 1.066050608642399311e-04 8.091444215096998960e-06 4.404158516990719363e-06 9.460002729611005634e-06 3.584124892950057983e-02 4.516158369369804859e-04
8.700000000000000000e+02 5.040994801674969494e-05 7.846050721127539873e-06 3.910909526894101873e-06 8.975230230134911835e-06 1.052007646649144590e-04 7.846050721127539873e-06 3.910909526894101873e-06 8.975230230134911835e-06 3.575515002012252808e-02 4.494486493058502674e-04
8.800000000000000000e+02 4.976940181222744286e-05 7.596115665364777669e-06 3.419475206101196818e-06 8.609663382230792195e-06 1.038641930790618062e-04 7.596115665364777669e-06 3.419475206101196818e-06 8.609663382230792195e-06 3.561206534504890442e-02 4.458587209228426218e-04
8.900000000000000000e+02 4.926457404508255422e-05 7.330466814892133698e-06 3.034129804291296750e-06 8.353933480975683779e-06 1.028058250085450709e-04 7.330466814892133698e-06 3.034129804291296750e-06 8.353933480975683779e-06 3.553584218025207520e-02 4.439520998857915401e-04
9.000000000000000000e+02 4.880318738287314773e-05 7.115178505046060309e-06 2.746358177319052629e-06 8.069420800893567502e-06 1.018480179482139647e-04 7.115178505046060309e-06 2.746358177319052629e-06 8.069420800893567502e-06 3.547492995858192444e-02 4.424314829520881176e-04
9.100000000000000000e+02 4.830989564652554691e-05 6.924651188455754891e-06 2.490932047294336371e-06 7.823800842743366957e-06 1.007995742838829756e-04 6.924651188455754891e-06 2.490932047294336371e-06 7.823800842743366957e-06 3.542143106460571289e-02 4.410980618558824062e-04
9.200000000000000000e+02 4.785815326613374054e-05 6.760133146599400789e-06 2.277083240187494084e-06 7.569653462269343436e-06 9.987143130274489522e-05 6.760133146599400789e-06 2.277083240187494084e-06 7.569653462269343436e-06 3.535642474889755249e-02 4.394805291667580605e-04
9.300000000000000000e+02 4.745272235595621169e-05 6.578672127943718806e-06 2.085745109070558101e-06 7.378632744803326204e-06 9.903083991957828403e-05 6.578672127943718806e-06 2.085745109070558101e-06 7.378632744803326204e-06 3.530399873852729797e-02 4.381781036499887705e-04
9.400000000000000000e+02 4.705948231276124716e-05 6.442801804951159284e-06 1.913231244543567300e-06 7.170997832872672006e-06 9.818969556363299489e-05 6.442801804951159284e-06 1.913231244543567300e-06 7.170997832872672006e-06 3.524274006485939026e-02 4.366588545963168144e-04
9.500000000000000000e+02 4.659297337639145553e-05 6.317749011941486970e-06 1.757080326569848694e-06 6.980812031542882323e-06 9.723698167363181710e-05 6.317749011941486970e-06 1.757080326569848694e-06 6.980812031542882323e-06 3.517792001366615295e-02 4.350540402811020613e-04
9.600000000000000000e+02 4.618274397216737270e-05 6.170102551550371572e-06 1.643614496060763486e-06 6.827381639595841989e-06 9.637974289944395423e-05 6.170102551550371572e-06 1.643614496060763486e-06 6.827381639595841989e-06 3.512243926525115967e-02 4.336827551014721394e-04
9.700000000000000000e+02 4.578837251756340265e-05 6.056304300727788359e-06 1.517907207926327828e-06 6.661850875389063731e-06 9.555813448969274759e-05 6.056304300727788359e-06 1.517907207926327828e-06 6.661850875389063731e-06 3.505277633666992188e-02 4.319642321206629276e-04
9.800000000000000000e+02 4.537461791187524796e-05 5.947659701632801443e-06 1.440549226572329644e-06 6.499762093881145120e-06 9.469470387557521462e-05 5.947659701632801443e-06 1.440549226572329644e-06 6.499762093881145120e-06 3.498230874538421631e-02 4.302291199564933777e-04
9.900000000000000000e+02 4.496521069086156785e-05 5.802724444947671145e-06 1.351219907519407570e-06 6.383992058545118198e-06 9.382085409015417099e-05 5.802724444947671145e-06 1.351219907519407570e-06 6.383992058545118198e-06 3.490656614303588867e-02 4.283681046217679977e-04
1.000000000000000000e+03 4.459323827177286148e-05 5.718731699744239450e-06 1.251670255442149937e-06 6.223533546290127560e-06 9.305705316364765167e-05 5.718731699744239450e-06 1.251670255442149937e-06 6.223533546290127560e-06 3.485419601202011108e-02 4.270837234798818827e-04
1.000000000000000000e+03 4.459323827177286148e-05 5.718731699744239450e-06 1.251670255442149937e-06 6.223533546290127560e-06 9.305705316364765167e-05 5.718731699744239450e-06 1.251670255442149937e-06 6.223533546290127560e-06 3.485419601202011108e-02 4.270837234798818827e-04
1.000000000000000000e+03 4.459323827177286148e-05 5.718731699744239450e-06 1.251670255442149937e-06 6.223533546290127560e-06 9.305705316364765167e-05 5.718731699744239450e-06 1.251670255442149937e-06 6.223533546290127560e-06 3.485419601202011108e-02 4.270837234798818827e-04
1.000000000000000000e+03 4.459323827177286148e-05 5.718731699744239450e-06 1.251670255442149937e-06 6.223533546290127560e-06 9.305705316364765167e-05 5.718731699744239450e-06 1.251670255442149937e-06 6.223533546290127560e-06 3.485419601202011108e-02 4.270837234798818827e-04
1.000000000000000000e+03 4.459323827177286148e-05 5.718731699744239450e-06 1.251670255442149937e-06 6.223533546290127560e-06 9.305705316364765167e-05 5.718731699744239450e-06 1.251670255442149937e-06 6.223533546290127560e-06 3.485419601202011108e-02 4.270837234798818827e-04
1.000000000000000000e+03 4.459323827177286148e-05 5.718731699744239450e-06 1.251670255442149937e-06 6.223533546290127560e-06 9.305705316364765167e-05 5.718731699744239450e-06 1.251670255442149937e-06 6.223533546290127560e-06 3.485419601202011108e-02 4.270837234798818827e-04
1.010000000000000000e+03 1.022119176923297346e-04 2.168842125684022903e-03 9.191536228172481060e-04 1.826420892030000687e-03 1.950190198840573430e-04 2.168842125684022903e-03 9.191536228172481060e-04 1.826420892030000687e-03 7.381259649991989136e-02 1.915419241413474083e-03
1.020000000000000000e+03 1.756547862896695733e-04 6.591819692403078079e-04 3.298021038062870502e-04 4.839087778236716986e-04 1.253454393008723855e-04 6.591819692403078079e-04 3.298021038062870502e-04 4.839087778236716986e-04 4.848782345652580261e-02 8.265483775176107883e-04
1.030000000000000000e+03 4.516513217822648585e-05 4.054579767398536205e-05 5.656617213389836252e-05 5.697804590454325080e-05 9.059024887392297387e-05 4.054579767398536205e-05 5.656617213389836252e-05 5.697804590454325080e-05 3.781931474804878235e-02 5.028404411859810352e-04
1.040000000000000000e+03 4.761886521009728312e-05 1.245668099727481604e-04 4.303956666262820363e-05 7.631523476447910070e-05 9.814602526603266597e-05 1.245668099727481604e-04 4.303956666262820363e-05 7.631523476447910070e-05 3.418744727969169617e-02 4.109001311007887125e-04
1.050000000000000000e+03 4.160853495704941452e-05 1.521269041404593736e-05 9.913579560816287994e-06 1.191793671750929207e-05 8.683346095494925976e-05 1.521269041404593736e-05 9.913579560816287994e-06 1.191793671750929207e-05 3.449572622776031494e-02 4.183440178167074919e-04
1.050000000000000000e+03 6.573402060894295573e-05 1.521269041404593736e-05 9.913579560816287994e-06 1.191793671750929207e-05 8.683346095494925976e-05 1.521269041404593736e-05 9.913579560816287994e-06 1.191793671750929207e-05 3.449572622776031494e-02 4.183440178167074919e-04
1.060000000000000000e+03 3.345627046655863523e-04 3.949809819459915161e-03 2.355091972276568413e-03 3.151413518935441971e-03 4.956491175107657909e-04 3.949809819459915161e-03 2.355091972276568413e-03 3.151413518935441971e-03 9.387729316949844360e-02 3.098303917795419693e-03
1.070000000000000000e+03 1.265382888959720731e-04 1.683005713857710361e-03 8.036616491153836250e-04 1.342805917374789715e-03 1.521080121165141463e-04 1.683005713857710361e-03 8.036616491153836250e-04 1.342805917374789715e-03 6.870692968368530273e-02 1.659602276049554348e-03
1.080000000000000000e+03 6.420780118787661195e-05 2.379011420998722315e-04 1.489488786319270730e-04 2.582844754215329885e-04 1.011739004752598703e-04 2.379011420998722315e-04 1.489488786319270730e-04 2.582844754215329885e-04 4.406307637691497803e-02 6.825782475061714649e-04
1.090000000000000000e+03 7.736113184364512563e-05 4.369500675238668919e-05 6.631326687056571245e-05 6.588990800082683563e-05 1.497555786045268178e-04 4.369500675238668919e-05 6.631326687056571245e-05 6.588990800082683563e-05 3.650734201073646545e-02 4.685580497607588768e-04
1.100000000000000000e+03 3.918294169125147164e-05 1.901378527691122144e-05 2.540984496590681374e-05 2.841010791598819196e-05 9.580029291100800037e-05 1.901378527691122144e-05 2.540984496590681374e-05 2.841010791598819196e-05 3.470027446746826172e-02 4.233199288137257099e-04
1.100000000000000000e+03 3.417602056288160384e-05 1.901378527691122144e-05 2.540984496590681374e-05 2.841010791598819196e-05 9.580029291100800037e-05 1.901378527691122144e-05 2.540984496590681374e-05 2.841010791598819196e-05 3.470027446746826172e-02 4.233199288137257099e-04
1.110000000000000000e+03 2.687676460482180119e-04 5.064022843725979328e-04 8.831359446048736572e-04 5.517771933227777481e-04 3.073752159252762794e-04 5.064022843725979328e-04 8.831359446048736572e-04 5.517771933227777481e-04 5.523277446627616882e-02 1.072498504072427750e-03
1.120000000000000000e+03 2.506283926777541637e-04 3.011827066075056791e-04 3.557622549124062061e-04 3.403981390874832869e-04 2.125545724993571639e-04 3.011827066075056791e-04 3.557622549124062061e-04 3.403981390874832869e-04 4.562279209494590759e-02 7.317565032280981541e-04
1.130000000000000000e+03 5.511484414455480874e-05 1.121920286095701158e-04 1.277086848858743906e-04 1.748261856846511364e-04 1.138817169703543186e-04 1.121920286095701158e-04 1.277086848858743906e-04 1.748261856846511364e-04 4.018286243081092834e-02 5.676551954820752144e-04
1.140000000000000000e+03 5.104015144752338529e-05 1.080181900761090219e-04 5.477934246300719678e-05 1.092993697966448963e-04 1.105135379475541413e-04 1.080181900761090219e-04 5.477934246300719678e-05 1.092993697966448963e-04 3.633955121040344238e-02 4.642607818823307753e-04
1.150000000000000000e+03 3.870490763802081347e-05 2.934459735115524381e-05 3.241306330892257392e-05 5.327945473254658282e-05 1.005667727440595627e-04 2.934459735115524381e-05 3.241306330892257392e-05 5.327945473254658282e-05 3.567855805158615112e-02 4.475252353586256504e-04
1.150000000000000000e+03 3.547432788764126599e-05 2.934459735115524381e-05 3.241306330892257392e-05 5.327945473254658282e-05 1.005667727440595627e-04 2.934459735115524381e-05 3.241306330892257392e-05 5.327945473254658282e-05 3.567855805158615112e-02 4.475252353586256504e-04
1.160000000000000000e+03 6.512216059491038322e-04 3.833211958408355713e-03 8.699395111761987209e-04 2.508292673155665398e-03 7.898541516624391079e-04 3.833211958408355713e-03 8.699395111761987209e-04 2.508292673155665398e-03 7.094629853963851929e-02 1.769548398442566395e-03
1.170000000000000000e+03 1.582478726049885154e-04 1.048825681209564209e-03 6.359051913022994995e-04 8.622842142358422279e-04 3.399680717848241329e-04 1.048825681209564209e-03 6.359051913022994995e-04 8.622842142358422279e-04 5.393401533365249634e-02 1.022653304971754551e-03
1.180000000000000000e+03 5.538060213439166546e-05 2.618053404148668051e-04 2.175706031266599894e-04 1.931394799612462521e-04 1.275820832233875990e-04 2.618053404148668051e-04 2.175706031266599894e-04 1.931394799612462521e-04 4.051287844777107239e-02 5.770176067017018795e-04
1.190000000000000000e+03 3.357848981977440417e-05 8.002173854038119316e-05 9.093626431422308087e-05 8.782120130490511656e-05 1.063497838913463056e-04 8.002173854038119316e-05 9.093626431422308087e-05 8.782120130490511656e-05 3.566790372133255005e-02 4.472580330912023783e-04
1.200000000000000000e+03 4.352249379735440016e-05 3.758044840651564300e-05 4.030336640425957739e-05 3.673385072033852339e-05 1.160560568678192794e-04 3.758044840651564300e-05 4.030336640425957739e-05 3.673385072033852339e-05 3.313174098730087280e-02 3.859147545881569386e-04
1.200000000000000000e+03 4.352249379735440016e-05 3.758044840651564300e-05 4.030336640425957739e-05 3.673385072033852339e-05 1.160560568678192794e-04 3.758044840651564300e-05 4.030336640425957739e-05 3.673385072033852339e-05 3.313174098730087280e-02 3.859147545881569386e-04
1.210000000000000000e+03 5.253744893707334995e-04 1.831944915466010571e-03 2.074107294902205467e-03 1.673709601163864136e-03 6.603364599868655205e-04 1.831944915466010571e-03 2.074107294902205467e-03 1.673709601163864136e-03 8.080150932073593140e-02 2.295312704518437386e-03
1.220000000000000000e+03 1.495687320129945874e-04 4.459733318071812391e-04 5.520213162526488304e-04 4.774025292135775089e-04 1.969507720787078142e-04 4.459733318071812391e-04 5.520213162526488304e-04 4.774025292135775089e-04 5.007059872150421143e-02 8.813906461000442505e-04
1.230000000000000000e+03 4.582172914524562657e-05 7.337362330872565508e-05 1.504942338215187192e-04 1.123092006309889257e-04 1.225952000822871923e-04 7.337362330872565508e-05 1.504942338215187192e-04 1.123092006309889257e-04 3.737581148743629456e-02 4.911160795018076897e-04
1.240000000000000000e+03 5.214635166339576244e-05 4.193030690657906234e-05 7.782973261782899499e-05 5.783110827906057239e-05 1.231365458806976676e-04 4.193030690657906234e-05 7.782973261782899499e-05 5.783110827906057239e-05 3.632370755076408386e-02 4.638560349121689796e-04
1.250000000000000000e+03 3.792520510614849627e-05 1.768107722455170006e-05 4.997924042982049286e-05 4.537955464911647141e-05 1.110911107389256358e-04 1.768107722455170006e-05 4.997924042982049286e-05 4.537955464911647141e-05 3.594134002923965454e-02 4.541417001746594906e-04
1.250000000000000000e+03 5.516319652087986469e-05 1.768107722455170006e-05 4.997924042982049286e-05 4.537955464911647141e-05 1.110911107389256358e-04 1.768107722455170006e-05 4.997924042982049286e-05 4.537955464911647141e-05 3.594134002923965454e-02 4.541417001746594906e-04
1.260000000000000000e+03 1.654904190218076110e-04 2.368941059103235602e-04 3.993410791736096144e-04 5.063687567599117756e-04 2.479307586327195168e-04 2.368941059103235602e-04 3.993410791736096144e-04 5.063687567599117756e-04 4.614521563053131104e-02 7.486111717298626900e-04
1.270000000000000000e+03 4.207849633530713618e-05 2.017155784415081143e-04 2.302916691405698657e-04 2.081152051687240601e-04 1.384614588459953666e-04 2.017155784415081143e-04 2.302916691405698657e-04 2.081152051687240601e-04 4.018107056617736816e-02 5.676046712324023247e-04
1.280000000000000000e+03 4.360289312899112701e-05 6.522650801343843341e-05 7.162190013332292438e-05 8.801751391729339957e-05 1.254926610272377729e-04 6.522650801343843341e-05 7.162190013332292438e-05 8.801751391729339957e-05 3.629093617200851440e-02 4.630194453056901693e-04
1.290000000000000000e+03 3.554956128937192261e-05 2.068011781375389546e-05 6.494937406387180090e-05 5.217528087086975574e-05 1.204347063321620226e-04 2.068011781375389546e-05 6.494937406387180090e-05 5.217528087086975574e-05 3.553252294659614563e-02 4.438692121766507626e-04
1.300000000000000000e+03 3.549927714630030096e-05 2.156102891603950411e-05 5.544371742871589959e-05 5.037684968556277454e-05 1.200839033117517829e-04 2.156102891603950411e-05 5.544371742871589959e-05 5.037684968556277454e-05 3.668608516454696655e-02 4.731574153993278742e-04
1.300000000000000000e+03 3.241874583181925118e-05 2.156102891603950411e-05 5.544371742871589959e-05 5.037684968556277454e-05 1.200839033117517829e-04 2.156102891603950411e-05 5.544371742871589959e-05 5.037684968556277454e-05 3.668608516454696655e-02 4.731574153993278742e-04
1.310000000000000000e+03 8.265957876574248075e-05 2.486252633389085531e-04 4.998684162274003029e-04 3.818926343228667974e-04 1.914606255013495684e-04 2.486252633389085531e-04 4.998684162274003029e-04 3.818926343228667974e-04 5.103144422173500061e-02 9.155427687801420689e-04
1.320000000000000000e+03 1.074403990060091019e-04 2.472378255333751440e-04 2.637198776938021183e-04 2.860253152903169394e-04 1.557651848997920752e-04 2.472378255333751440e-04 2.637198776938021183e-04 2.860253152903169394e-04 4.245886579155921936e-02 6.337816012091934681e-04
1.330000000000000000e+03 3.651061706477776170e-05 1.593079941812902689e-04 1.186446097563020885e-04 1.773891272023320198e-04 1.208387984661385417e-04 1.593079941812902689e-04 1.186446097563020885e-04 1.773891272023320198e-04 3.884832561016082764e-02 5.305758677423000336e-04
1.340000000000000000e+03 3.970538818975910544e-05 8.542327122995629907e-05 4.227558383718132973e-05 8.310849807457998395e-05 1.150562238763086498e-04 8.542327122995629907e-05 4.227558383718132973e-05 8.310849807457998395e-05 3.447514399886131287e-02 4.178449453320354223e-04
1.350000000000000000e+03 2.981344368890859187e-05 2.153686909878160805e-05 1.438681556464871392e-05 2.994139504153281450e-05 1.047322657541371882e-04 2.153686909878160805e-05 1.438681556464871392e-05 2.994139504153281450e-05 3.218513354659080505e-02 3.641778894234448671e-04
1.350000000000000000e+03 2.727833452809136361e-05 2.153686909878160805e-05 1.438681556464871392e-05 2.994139504153281450e-05 1.047322657541371882e-04 2.153686909878160805e-05 1.438681556464871392e-05 2.994139504153281450e-05 3.218513354659080505e-02 3.641778894234448671e-04
1.360000000000000000e+03 3.778543614316731691e-04 2.076903125271201134e-03 9.917926508933305740e-04 1.425354974344372749e-03 4.982822574675083160e-04 2.076903125271201134e-03 9.917926508933305740e-04 1.425354974344372749e-03 6.456136703491210938e-02 1.465373323298990726e-03
1.370000000000000000e+03 6.185707024997100234e-05 2.742618671618402004e-04 5.473336204886436462e-04 4.656282835640013218e-04 1.538148499093949795e-04 2.742618671618402004e-04 5.473336204886436462e-04 4.656282835640013218e-04 4.688479006290435791e-02 7.727995398454368114e-04
1.380000000000000000e+03 3.973724233219400048e-05 5.504133878275752068e-05 9.673261229181662202e-05 1.147487782873213291e-04 1.224573206854984164e-04 5.504133878275752068e-05 9.673261229181662202e-05 1.147487782873213291e-04 3.628542274236679077e-02 4.628787864930927753e-04
1.390000000000000000e+03 3.172213473590090871e-05 4.216024171910248697e-05 7.785273191984742880e-05 1.033533990266732872e-04 1.174848948721773922e-04 4.216024171910248697e-05 7.785273191984742880e-05 1.033533990266732872e-04 3.576351329684257507e-02 4.496589244809001684e-04
1.400000000000000000e+03 2.681238947843667120e-05 9.346251317765563726e-06 2.105862768075894564e-05 2.490578845026902854e-05 1.022023207042366266e-04 9.346251317765563726e-06 2.105862768075894564e-05 2.490578845026902854e-05 3.142957016825675964e-02 3.472798853181302547e-04
1.400000000000000000e+03 2.681238947843667120e-05 9.346251317765563726e-06 2.105862768075894564e-05 2.490578845026902854e-05 1.022023207042366266e-04 9.346251317765563726e-06 2.105862768075894564e-05 2.490578845026902854e-05 3.142957016825675964e-02 3.472798853181302547e-04
1.410000000000000000e+03 3.550497931428253651e-04 6.368253380060195923e-04 1.070075435563921928e-03 6.798147223889827728e-04 4.192542401142418385e-04 6.368253380060195923e-04 1.070075435563921928e-03 6.798147223889827728e-04 5.861699953675270081e-02 1.207952969707548618e-03
1.420000000000000000e+03 1.289105566684156656e-04 2.909789909608662128e-04 4.999435623176395893e-04 3.137246530968695879e-04 2.177154092350974679e-04 2.909789909608662128e-04 4.999435623176395893e-04 3.137246530968695879e-04 4.408654943108558655e-02 6.833057268522679806e-04
1.430000000000000000e+03 2.632902760524302721e-05 6.752321496605873108e-05 1.039839698933064938e-04 1.170288451248779893e-04 9.726843563839793205e-05 6.752321496605873108e-05 1.039839698933064938e-04 1.170288451248779893e-04 3.591821715235710144e-02 4.535576736088842154e-04
1.440000000000000000e+03 2.571225741121452302e-05 1.886970130726695061e-05 4.787846046383492649e-05 5.010898166801780462e-05 1.025327364914119244e-04 1.886970130726695061e-05 4.787846046383492649e-05 5.010898166801780462e-05 3.285558894276618958e-02 3.795084194280207157e-04
1.450000000000000000e+03 2.441412289044819772e-05 1.399012580804992467e-05 2.527900505810976028e-05 2.851395765901543200e-05 1.035259701893664896e-04 1.399012580804992467e-05 2.527900505810976028e-05 2.851395765901543200e-05 3.246243670582771301e-02 3.704803239088505507e-04
1.450000000000000000e+03 2.357029916311148554e-05 1.399012580804992467e-05 2.527900505810976028e-05 2.851395765901543200e-05 1.035259701893664896e-04 1.399012580804992467e-05 2.527900505810976028e-05 2.851395765901543200e-05 3.246243670582771301e-02 3.704803239088505507e-04
1.460000000000000000e+03 3.130655968561768532e-04 3.096799773629754782e-04 9.533270495012402534e-04 6.207989645190536976e-04 4.397019220050424337e-04 3.096799773629754782e-04 9.533270495012402534e-04 6.207989645190536976e-04 5.917041748762130737e-02 1.230869907885789871e-03
1.470000000000000000e+03 9.675510955275967717e-05 2.352672599954530597e-04 2.286824164912104607e-04 2.375478652538731694e-04 2.762103977147489786e-04 2.352672599954530597e-04 2.286824164912104607e-04 2.375478652538731694e-04 3.944525495171546936e-02 5.470064934343099594e-04
1.480000000000000000e+03 2.747142934822477400e-05 5.234283162280917168e-05 5.667277218890376389e-05 6.711402238579466939e-05 1.072358645615167916e-04 5.234283162280917168e-05 5.667277218890376389e-05 6.711402238579466939e-05 3.142006322741508484e-02 3.470700175967067480e-04
1.490000000000000000e+03 3.160934647894464433e-05 2.666812906682025641e-05 3.012569504790008068e-05 3.538334931363351643e-05 1.145796559285372496e-04 2.666812906682025641e-05 3.012569504790008068e-05 3.538334931363351643e-05 3.172696381807327271e-02 3.538831660989671946e-04
1.500000000000000000e+03 2.715830851229839027e-05 1.796108335838653147e-05 3.036011003132443875e-05 3.396665488253347576e-05 1.154962883447296917e-04 1.796108335838653147e-05 3.036011003132443875e-05 3.396665488253347576e-05 3.049930930137634277e-02 3.270264423917979002e-04
1.500000000000000000e+03 2.548068187024910003e-05 1.796108335838653147e-05 3.036011003132443875e-05 3.396665488253347576e-05 1.154962883447296917e-04 1.796108335838653147e-05 3.036011003132443875e-05 3.396665488253347576e-05 3.049930930137634277e-02 3.270264423917979002e-04
1.510000000000000000e+03 3.365737793501466513e-04 5.339667550288140774e-04 9.721766109578311443e-04 6.429461063817143440e-04 4.750296066049486399e-04 5.339667550288140774e-04 9.721766109578311443e-04 6.429461063817143440e-04 5.751584097743034363e-02 1.162994885817170143e-03
1.520000000000000000e+03 4.768562939716503024e-05 1.458480110159143806e-04 2.093351067742332816e-04 2.207785146310925484e-04 1.633908541407436132e-04 1.458480110159143806e-04 2.093351067742332816e-04 2.207785146310925484e-04 3.907269611954689026e-02 5.367223639041185379e-04
1.530000000000000000e+03 2.686624793568626046e-05 6.487909558927640319e-05 1.618592505110427737e-04 1.255981478607282043e-04 1.103091126424260437e-04 6.487909558927640319e-05 1.618592505110427737e-04 1.255981478607282043e-04 3.472924977540969849e-02 4.240271809976547956e-04
1.540000000000000000e+03 3.370143531356006861e-05 2.027172740781679749e-05 3.510179885779507458e-05 3.134446524200029671e-05 1.095216721296310425e-04 2.027172740781679749e-05 3.510179885779507458e-05 3.134446524200029671e-05 2.979622967541217804e-02 3.121228655800223351e-04
1.550000000000000000e+03 2.171809501305688173e-05 1.605015131644904613e-05 2.887234222725965083e-05 2.331529685761779547e-05 1.054182794177904725e-04 1.605015131644904613e-05 2.887234222725965083e-05 2.331529685761779547e-05 2.873712964355945587e-02 2.903285203501582146e-04
1.550000000000000000e+03 2.025486537604592741e-05 1.605015131644904613e-05 2.887234222725965083e-05 2.331529685761779547e-05 1.054182794177904725e-04 1.605015131644904613e-05 2.887234222725965083e-05 2.331529685761779547e-05 2.873712964355945587e-02 2.903285203501582146e-04
1.560000000000000000e+03 1.988860603887587786e-04 3.147583047393709421e-04 4.480150528252124786e-04 3.525128704495728016e-04 2.902574487961828709e-04 3.147583047393709421e-04 4.480150528252124786e-04 3.525128704495728016e-04 4.696570709347724915e-02 7.754692342132329941e-04
1.570000000000000000e+03 1.118569998652674258e-04 8.794792665867134929e-05 2.818505745381116867e-04 2.331829600734636188e-04 2.190161903854459524e-04 8.794792665867134929e-05 2.818505745381116867e-04 2.331829600734636188e-04 4.044243693351745605e-02 5.750128766521811485e-04
1.580000000000000000e+03 2.660101563378702849e-05 7.195816579042002559e-05 1.202593703055754304e-04 1.065817195922136307e-04 1.108702563215047121e-04 7.195816579042002559e-05 1.202593703055754304e-04 1.065817195922136307e-04 3.430779650807380676e-02 4.137981741223484278e-04
1.590000000000000000e+03 2.982065780088305473e-05 4.124522092752158642e-05 5.554449671762995422e-05 4.411074041854590178e-05 1.047915357048623264e-04 4.124522092752158642e-05 5.554449671762995422e-05 4.411074041854590178e-05 3.275062888860702515e-02 3.770875919144600630e-04
1.600000000000000000e+03 2.660093014128506184e-05 1.870407686510588974e-05 3.679922156152315438e-05 3.919648224837146699e-05 1.023235599859617651e-04 1.870407686510588974e-05 3.679922156152315438e-05 3.919648224837146699e-05 3.307645022869110107e-02 3.846279287245124578e-04
1.600000000000000000e+03 2.660093014128506184e-05 1.870407686510588974e-05 3.679922156152315438e-05 3.919648224837146699e-05 1.023235599859617651e-04 1.870407686510588974e-05 3.679922156152315438e-05 3.919648224837146699e-05 3.307645022869110107e-02 3.846279287245124578e-04
1.610000000000000000e+03 1.929410500451922417e-04 4.786016070283949375e-04 4.257669206708669662e-04 2.736190217547118664e-04 2.883686101995408535e-04 4.786016070283949375e-04 4.257669206708669662e-04 2.736190217547118664e-04 4.254912585020065308e-02 6.364791770465672016e-04
1.620000000000000000e+03 2.906869849539361894e-05 8.310614066431298852e-05 1.592007465660572052e-04 1.563989353599026799e-04 1.181321422336623073e-04 8.310614066431298852e-05 1.592007465660572052e-04 1.563989353599026799e-04 3.580262139439582825e-02 4.506429540924727917e-04
1.630000000000000000e+03 2.360797407163772732e-05 5.628428334603086114e-05 8.438715303782373667e-05 6.194148591021075845e-05 9.773704368853941560e-05 5.628428334603086114e-05 8.438715303782373667e-05 6.194148591021075845e-05 3.157986328005790710e-02 3.506091888993978500e-04
1.640000000000000000e+03 2.165119076380506158e-05 1.288359089812729508e-05 2.605205008876509964e-05 2.763841621344909072e-05 1.022412616293877363e-04 1.288359089812729508e-05 2.605205008876509964e-05 2.763841621344909072e-05 2.852314896881580353e-02 2.860209497157484293e-04
1.650000000000000000e+03 1.926666845974978060e-05 1.194202468468574807e-05 1.743250140862073749e-05 1.629746111575514078e-05 9.871416841633617878e-05 1.194202468468574807e-05 1.743250140862073749e-05 1.629746111575514078e-05 2.719770558178424835e-02 2.600563166197389364e-04
1.650000000000000000e+03 3.458241917542181909e-05 1.194202468468574807e-05 1.743250140862073749e-05 1.629746111575514078e-05 9.871416841633617878e-05 1.194202468468574807e-05 1.743250140862073749e-05 1.629746111575514078e-05 2.719770558178424835e-02 2.600563166197389364e-04
1.660000000000000000e+03 4.023855726700276136e-04 7.880443590693175793e-04 9.135223808698356152e-04 7.740317960269749165e-04 3.947017248719930649e-04 7.880443590693175793e-04 9.135223808698356152e-04 7.740317960269749165e-04 5.165547505021095276e-02 9.380708797834813595e-04
1.670000000000000000e+03 1.193384741782210767e-04 2.213249681517481804e-04 3.086122742388397455e-04 2.747972321230918169e-04 1.425422233296558261e-04 2.213249681517481804e-04 3.086122742388397455e-04 2.747972321230918169e-04 3.961496800184249878e-02 5.517235258594155312e-04
1.680000000000000000e+03 4.395878204377368093e-05 4.521706796367652714e-05 8.094746590359136462e-05 9.761002002051100135e-05 1.414356083841994405e-04 4.521706796367652714e-05 8.094746590359136462e-05 9.761002002051100135e-05 3.250725567340850830e-02 3.715041093528270721e-04
1.690000000000000000e+03 2.026170841418206692e-05 1.813395465433131903e-05 4.140448800171725452e-05 3.335696237627416849e-05 8.766015525907278061e-05 1.813395465433131903e-05 4.140448800171725452e-05 3.335696237627416849e-05 2.893857844173908234e-02 2.944131847470998764e-04
1.700000000000000000e+03 2.133235466317273676e-05 1.369007259199861437e-05 1.785799213394057006e-05 2.417935866105835885e-05 9.331140608992427588e-05 1.369007259199861437e-05 1.785799213394057006e-05 2.417935866105835885e-05 2.861992083489894867e-02 2.879650273825973272e-04
1.700000000000000000e+03 2.318979750270955265e-05 1.369007259199861437e-05 1.785799213394057006e-05 2.417935866105835885e-05 9.331140608992427588e-05 1.369007259199861437e-05 1.785799213394057006e-05 2.417935866105835885e-05 2.861992083489894867e-02 2.879650273825973272e-04
1.710000000000000000e+03 1.398976892232894897e-04 3.687833377625793219e-04 4.230846825521439314e-04 4.072506562806665897e-04 1.904767414089292288e-04 3.687833377625793219e-04 4.230846825521439314e-04 4.072506562806665897e-04 4.608267173171043396e-02 7.465832168236374855e-04
1.720000000000000000e+03 2.285196205775719136e-05 5.134781895321793854e-05 1.606085279490798712e-04 1.607363083167001605e-04 1.016214737319387496e-04 5.134781895321793854e-05 1.606085279490798712e-04 1.607363083167001605e-04 3.470118716359138489e-02 4.233422223478555679e-04
1.730000000000000000e+03 1.774037809809669852e-05 2.159170071536209434e-05 6.283437687670812011e-05 5.584884638665243983e-05 1.065522446879185736e-04 2.159170071536209434e-05 6.283437687670812011e-05 5.584884638665243983e-05 2.920498885214328766e-02 2.998589479830116034e-04
1.740000000000000000e+03 1.770296148606576025e-05 1.813190829125232995e-05 2.121982106473296881e-05 2.410496745142154396e-05 9.832216164795681834e-05 1.813190829125232995e-05 2.121982106473296881e-05 2.410496745142154396e-05 2.714607864618301392e-02 2.590699878055602312e-04
1.750000000000000000e+03 1.725777474348433316e-05 9.561977094563189894e-06 1.274761507374932989e-05 1.334325315838214010e-05 9.319002856500446796e-05 9.561977094563189894e-06 1.274761507374932989e-05 1.334325315838214010e-05 2.704247832298278809e-02 2.570963406469672918e-04
1.750000000000000000e+03 1.668146796873770654e-05 9.561977094563189894e-06 1.274761507374932989e-05 1.334325315838214010e-05 9.319002856500446796e-05 9.561977094563189894e-06 1.274761507374932989e-05 1.334325315838214010e-05 2.704247832298278809e-02 2.570963406469672918e-04
1.760000000000000000e+03 2.457880327710881829e-05 2.473876520525664091e-04 2.872796903830021620e-04 3.068198857363313437e-04 1.066672048182226717e-04 2.473876520525664091e-04 2.872796903830021620e-04 3.068198857363313437e-04 4.243836179375648499e-02 6.331696640700101852e-04
1.770000000000000000e+03 5.061055708210915327e-05 1.201022896566428244e-04 1.079560170182958245e-04 1.937355264090001583e-04 1.381051260977983475e-04 1.201022896566428244e-04 1.079560170182958245e-04 1.937355264090001583e-04 3.472476825118064880e-02 4.239177796989679337e-04
1.780000000000000000e+03 3.020496296812780201e-05 5.069006147095933557e-05 6.090415627113543451e-05 6.568395474459975958e-05 1.420666667399927974e-04 5.069006147095933557e-05 6.090415627113543451e-05 6.568395474459975958e-05 2.949858829379081726e-02 3.059181908611208200e-04
1.790000000000000000e+03 2.160413714591413736e-05 1.799075107555836439e-05 2.052190939139109105e-05 2.524848059692885727e-05 1.175734723801724613e-04 1.799075107555836439e-05 2.052190939139109105e-05 2.524848059692885727e-05 2.724108472466468811e-02 2.608865615911781788e-04
1.800000000000000000e+03 1.843707286752760410e-05 1.185466953756986186e-05 1.083526876755058765e-05 1.649052865104749799e-05 1.094242397812195122e-04 1.185466953756986186e-05 1.083526876755058765e-05 1.649052865104749799e-05 2.623572200536727905e-02 2.419852971797809005e-04
1.800000000000000000e+03 1.843707286752760410e-05 1.185466953756986186e-05 1.083526876755058765e-05 1.649052865104749799e-05 1.094242397812195122e-04 1.185466953756986186e-05 1.083526876755058765e-05 1.649052865104749799e-05 2.623572200536727905e-02 2.419852971797809005e-04
1.810000000000000000e+03 4.013440047856420279e-05 2.507824974600225687e-04 2.601504966150969267e-04 2.315821184311062098e-04 1.637135865166783333e-04 2.507824974600225687e-04 2.601504966150969267e-04 2.315821184311062098e-04 3.810931742191314697e-02 5.105817690491676331e-04
1.820000000000000000e+03 2.078475154121406376e-05 1.533973700134083629e-04 1.504183892393484712e-04 1.276628026971593499e-04 1.096397463697940111e-04 1.533973700134083629e-04 1.504183892393484712e-04 1.276628026971593499e-04 3.101415932178497314e-02 3.381605783943086863e-04
1.830000000000000000e+03 2.760113966360222548e-05 2.720612792472820729e-05 6.650469003943726420e-05 4.800893657375127077e-05 1.270520588150247931e-04 2.720612792472820729e-05 6.650469003943726420e-05 4.800893657375127077e-05 2.700313366949558258e-02 2.563487796578556299e-04
1.840000000000000000e+03 2.909495015046559274e-05 2.064284308289643377e-05 2.586460323072969913e-05 2.551614124968182296e-05 1.255208917427808046e-04 2.064284308289643377e-05 2.586460323072969913e-05 2.551614124968182296e-05 2.651609107851982117e-02 2.471848565619438887e-04
1.850000000000000000e+03 1.737156344461254776e-05 9.152012353297322989e-06 1.358335157419787720e-05 1.762321335263550282e-05 1.066075783455744386e-04 9.152012353297322989e-06 1.358335157419787720e-05 1.762321335263550282e-05 2.504825964570045471e-02 2.205758792115375400e-04
1.850000000000000000e+03 1.903777774714399129e-05 9.152012353297322989e-06 1.358335157419787720e-05 1.762321335263550282e-05 1.066075783455744386e-04 9.152012353297322989e-06 1.358335157419787720e-05 1.762321335263550282e-05 2.504825964570045471e-02 2.205758792115375400e-04
1.860000000000000000e+03 4.877423270954750478e-05 1.031167703331448138e-04 1.894554152386263013e-04 1.872718130471184850e-04 1.231037749676033854e-04 1.031167703331448138e-04 1.894554152386263013e-04 1.872718130471184850e-04 3.280964493751525879e-02 3.784478176385164261e-04
1.870000000000000000e+03 4.661926141125150025e-05 4.198222450213506818e-05 9.106426296057179570e-05 7.201202970463782549e-05 1.579877134645357728e-04 4.198222450213506818e-05 9.106426296057179570e-05 7.201202970463782549e-05 2.930060215294361115e-02 3.018255520146340132e-04
1.880000000000000000e+03 2.564626629464328289e-05 2.225922435172833502e-05 3.273778202128596604e-05 3.555060902726836503e-05 1.274299138458445668e-04 2.225922435172833502e-05 3.273778202128596604e-05 3.555060902726836503e-05 2.581606805324554443e-02 2.343058440601453185e-04
1.890000000000000000e+03 1.714772406558040529e-05 1.519543184258509427e-05 1.888609767775051296e-05 1.724814501358196139e-05 1.137701110565103590e-04 1.519543184258509427e-05 1.888609767775051296e-05 1.724814501358196139e-05 2.525673806667327881e-02 2.242628979729488492e-04
1.900000000000000000e+03 1.650138801778666675e-05 9.958916052710264921e-06 1.009447169053601101e-05 1.280817195947747678e-05 1.064691241481341422e-04 9.958916052710264921e-06 1.009447169053601101e-05 1.280817195947747678e-05 2.488900907337665558e-02 2.177800633944571018e-04
1.900000000000000000e+03 1.606633304618299007e-05 9.958916052710264921e-06 1.009447169053601101e-05 1.280817195947747678e-05 1.064691241481341422e-04 9.958916052710264921e-06 1.009447169053601101e-05 1.280817195947747678e-05 2.488900907337665558e-02 2.177800633944571018e-04
1.910000000000000000e+03 4.525271288002841175e-05 3.627997357398271561e-04 3.339835384394973516e-04 3.406125470064580441e-04 1.283429883187636733e-04 3.627997357398271561e-04 3.339835384394973516e-04 3.406125470064580441e-04 4.133644327521324158e-02 6.007159827277064323e-04
1.920000000000000000e+03 2.201955248892772943e-05 1.534926705062389374e-04 1.452314172638580203e-04 2.211061801062896848e-04 1.213086507050320506e-04 1.534926705062389374e-04 1.452314172638580203e-04 2.211061801062896848e-04 3.036297671496868134e-02 3.241093654651194811e-04
1.930000000000000000e+03 1.816350231820251793e-05 4.269534474587999284e-05 4.306588016333989799e-05 5.737271567340940237e-05 1.176505975308828056e-04 4.269534474587999284e-05 4.306588016333989799e-05 5.737271567340940237e-05 2.711361646652221680e-02 2.584507456049323082e-04
1.940000000000000000e+03 1.885811070678755641e-05 9.371615306008607149e-06 2.168217361031565815e-05 1.939871253853198141e-05 1.264158781850710511e-04 9.371615306008607149e-06 2.168217361031565815e-05 1.939871253853198141e-05 2.480351179838180542e-02 2.162864111596718431e-04
1.950000000000000000e+03 1.764714397722855210e-05 1.130926648329477757e-05 1.334524131380021572e-05 1.662896829657256603e-05 1.190923285321332514e-04 1.130926648329477757e-05 1.334524131380021572e-05 1.662896829657256603e-05 2.415997721254825592e-02 2.052087511401623487e-04
1.950000000000000000e+03 1.679712113400455564e-05 1.130926648329477757e-05 1.334524131380021572e-05 1.662896829657256603e-05 1.190923285321332514e-04 1.130926648329477757e-05 1.334524131380021572e-05 1.662896829657256603e-05 2.415997721254825592e-02 2.052087511401623487e-04
1.960000000000000000e+03 6.785225559724494815e-05 3.246445849072188139e-04 3.288931911811232567e-04 3.750663599930703640e-04 1.952106103999540210e-04 3.246445849072188139e-04 3.288931911811232567e-04 3.750663599930703640e-04 4.084119200706481934e-02 5.864078411832451820e-04
1.970000000000000000e+03 2.783995114441495389e-05 4.013196303276345134e-05 1.489889546064659953e-04 1.069650679710321128e-04 1.453567529097199440e-04 4.013196303276345134e-05 1.489889546064659953e-04 1.069650679710321128e-04 2.979709394276142120e-02 3.121409390587359667e-04
1.980000000000000000e+03 2.984145612572319806e-05 1.658377368585206568e-05 5.216652061790227890e-05 3.504537744447588921e-05 1.543038815725594759e-04 1.658377368585206568e-05 5.216652061790227890e-05 3.504537744447588921e-05 2.526503242552280426e-02 2.244101924588903785e-04
1.990000000000000000e+03 2.339607090107165277e-05 1.789481029845774174e-05 3.179446503054350615e-05 3.059519440284930170e-05 1.483512314734980464e-04 1.789481029845774174e-05 3.179446503054350615e-05 3.059519440284930170e-05 2.352467179298400879e-02 1.945584081113338470e-04
2.000000000000000000e+03 2.046114241238683462e-05 1.108460401155753061e-05 1.567361141496803612e-05 2.071889684884808958e-05 1.371250255033373833e-04 1.108460401155753061e-05 1.567361141496803612e-05 2.071889684884808958e-05 2.402899228036403656e-02 2.029896859312430024e-04
2.000000000000000000e+03 2.046114241238683462e-05 1.108460401155753061e-05 1.567361141496803612e-05 2.071889684884808958e-05 1.371250255033373833e-04 1.108460401155753061e-05 1.567361141496803612e-05 2.071889684884808958e-05 2.402899228036403656e-02 2.029896859312430024e-04
2.010000000000000000e+03 1.315362169407308102e-04 2.049279428320005536e-04 3.502164909150451422e-04 2.379590005148202181e-04 2.690952969714999199e-04 2.049279428320005536e-04 3.502164909150451422e-04 2.379590005148202181e-04 3.746371716260910034e-02 4.934289609082043171e-04
2.020000000000000000e+03 2.284003130625933409e-05 5.747147952206432819e-05 9.578566096024587750e-05 7.431146514136344194e-05 1.351073879050090909e-04 5.747147952206432819e-05 9.578566096024587750e-05 7.431146514136344194e-05 2.835461683571338654e-02 2.826509880833327770e-04
2.030000000000000000e+03 2.617414247652050108e-05 2.016987491515465081e-05 5.195181802264414728e-05 4.140177770750597119e-05 1.575398055138066411e-04 2.016987491515465081e-05 5.195181802264414728e-05 4.140177770750597119e-05 2.386314608156681061e-02 2.001973043661564589e-04
2.040000000000000000e+03 2.733311703195795417e-05 1.349971262243343517e-05 3.165282396366819739e-05 3.079293310292996466e-05 1.636060769669711590e-04 1.349971262243343517e-05 3.165282396366819739e-05 3.079293310292996466e-05 2.423138543963432312e-02 2.064235886791720986e-04
2.050000000000000000e+03 2.065988701360765845e-05 9.721775313664693385e-06 1.724894173094071448e-05 1.687731310084927827e-05 1.429650728823617101e-04 9.721775313664693385e-06 1.724894173094071448e-05 1.687731310084927827e-05 2.370487712323665619e-02 1.975506165763363242e-04
2.050000000000000000e+03 2.421272256469819695e-05 9.721775313664693385e-06 1.724894173094071448e-05 1.687731310084927827e-05 1.429650728823617101e-04 9.721775313664693385e-06 1.724894173094071448e-05 1.687731310084927827e-05 2.370487712323665619e-02 1.975506165763363242e-04
2.060000000000000000e+03 1.020706331473775208e-04 3.405000607017427683e-04 3.566626692190766335e-04 2.958077238872647285e-04 2.477969392202794552e-04 3.405000607017427683e-04 3.566626692190766335e-04 2.958077238872647285e-04 4.169046878814697266e-02 6.110496469773352146e-04
2.070000000000000000e+03 2.805386975524015725e-05 1.186540612252429128e-04 1.660073903622105718e-04 1.969692675629630685e-04 1.546449493616819382e-04 1.186540612252429128e-04 1.660073903622105718e-04 1.969692675629630685e-04 3.314247727394104004e-02 3.861649602185934782e-04
2.080000000000000000e+03 3.528789238771423697e-05 5.240447353571653366e-05 5.562931983149610460e-05 6.137887248769402504e-05 1.621233677724376321e-04 5.240447353571653366e-05 5.562931983149610460e-05 6.137887248769402504e-05 2.623148448765277863e-02 2.419070951873436570e-04
2.090000000000000000e+03 2.397742355242371559e-05 1.640040682104881853e-05 3.074208143516443670e-05 3.289608866907656193e-05 1.590126339579001069e-04 1.640040682104881853e-05 3.074208143516443670e-05 3.289608866907656193e-05 2.398386970162391663e-02 2.022280532401055098e-04
2.100000000000000000e+03 2.089753434120211750e-05 1.239411267306422815e-05 1.481026174587896094e-05 1.528810207673814148e-05 1.476902980357408524e-04 1.239411267306422815e-05 1.481026174587896094e-05 1.528810207673814148e-05 2.269007265567779541e-02 1.809983805287629366e-04
2.100000000000000000e+03 2.073832911264616996e-05 1.239411267306422815e-05 1.481026174587896094e-05 1.528810207673814148e-05 1.476902980357408524e-04 1.239411267306422815e-05 1.481026174587896094e-05 1.528810207673814148e-05 2.269007265567779541e-02 1.809983805287629366e-04
2.110000000000000000e+03 5.158497151569463313e-05 5.254706484265625477e-04 3.875710535794496536e-04 4.677262622863054276e-04 1.224003935931250453e-04 5.254706484265625477e-04 3.875710535794496536e-04 4.677262622863054276e-04 4.025264456868171692e-02 5.696285516023635864e-04
2.120000000000000000e+03 4.679480116465128958e-05 8.500479452777653933e-05 1.643656723899766803e-04 1.367199729429557920e-04 1.307221245951950550e-04 8.500479452777653933e-05 1.643656723899766803e-04 1.367199729429557920e-04 2.905315719544887543e-02 2.967492328025400639e-04
2.130000000000000000e+03 2.196859168179798871e-05 3.424437090870924294e-05 5.934368891757912934e-05 5.291143315844237804e-05 1.353909901808947325e-04 3.424437090870924294e-05 5.934368891757912934e-05 5.291143315844237804e-05 2.643485181033611298e-02 2.456725342199206352e-04
2.140000000000000000e+03 2.335511635465081781e-05 1.781639184628147632e-05 3.691419260576367378e-05 4.053917655255645514e-05 1.431444979971274734e-04 1.781639184628147632e-05 3.691419260576367378e-05 4.053917655255645514e-05 2.521177381277084351e-02 2.234651037724688649e-04
2.150000000000000000e+03 2.260139626741874963e-05 1.278595300391316414e-05 3.450600343057885766e-05 2.349232090637087822e-05 1.395038707414641976e-04 1.278595300391316414e-05 3.450600343057885766e-05 2.349232090637087822e-05 2.433842420578002930e-02 2.082513819914311171e-04
2.150000000000000000e+03 2.279321597598027438e-05 1.278595300391316414e-05 3.450600343057885766e-05 2.349232090637087822e-05 1.395038707414641976e-04 1.278595300391316414e-05 3.450600343057885766e-05 2.349232090637087822e-05 2.433842420578002930e-02 2.082513819914311171e-04
2.160000000000000000e+03 3.805500091402791440e-05 1.583749981364235282e-04 3.292893234174698591e-04 2.388771536061540246e-04 1.677815744187682867e-04 1.583749981364235282e-04 3.292893234174698591e-04 2.388771536061540246e-04 3.751401230692863464e-02 4.947548150084912777e-04
2.170000000000000000e+03 2.082426181004848331e-05 2.687152664293535054e-05 7.718376582488417625e-05 3.936609937227331102e-05 1.340119779342785478e-04 2.687152664293535054e-05 7.718376582488417625e-05 3.936609937227331102e-05 2.480038814246654510e-02 2.162319287890568376e-04
2.180000000000000000e+03 1.970923040062189102e-05 1.884369521576445550e-05 6.050643423805013299e-05 3.981878762715496123e-05 1.510641304776072502e-04 1.884369521576445550e-05 6.050643423805013299e-05 3.981878762715496123e-05 2.645950391888618469e-02 2.461310068611055613e-04
2.190000000000000000e+03 1.990262535400688648e-05 1.577168404764961451e-05 3.386161552043631673e-05 3.339970498927868903e-05 1.448495459044352174e-04 1.577168404764961451e-05 3.386161552043631673e-05 3.339970498927868903e-05 2.392015792429447174e-02 2.011550823226571083e-04
2.200000000000000000e+03 2.022349872277118266e-05 9.345209036837331951e-06 2.138980198651552200e-05 2.360274629609193653e-05 1.498539641033858061e-04 9.345209036837331951e-06 2.138980198651552200e-05 2.360274629609193653e-05 2.401416376233100891e-02 2.027392183663323522e-04
2.200000000000000000e+03 2.022349872277118266e-05 9.345209036837331951e-06 2.138980198651552200e-05 2.360274629609193653e-05 1.498539641033858061e-04 9.345209036837331951e-06 2.138980198651552200e-05 2.360274629609193653e-05 2.401416376233100891e-02 2.027392183663323522e-04
2.210000000000000000e+03 1.609996834304183722e-04 1.800843310775235295e-04 3.767769958358258009e-04 2.722959907259792089e-04 2.512936189305037260e-04 1.800843310775235295e-04 3.767769958358258009e-04 2.722959907259792089e-04 3.832037746906280518e-02 5.162528832443058491e-04
2.220000000000000000e+03 9.376068192068487406e-05 3.075326821999624372e-05 1.020975687424652278e-04 6.285933341132476926e-05 2.176064735976979136e-04 3.075326821999624372e-05 1.020975687424652278e-04 6.285933341132476926e-05 2.667019516229629517e-02 2.500663686078041792e-04
2.230000000000000000e+03 2.442453478579409420e-05 2.611186391732189804e-05 3.197456680936738849e-05 3.615921741584315896e-05 1.116005441872403026e-04 2.611186391732189804e-05 3.197456680936738849e-05 3.615921741584315896e-05 2.426376007497310638e-02 2.069755864795297384e-04
2.240000000000000000e+03 2.904296161432284862e-05 1.449019964638864622e-05 5.487798625836148858e-05 4.956442717229947448e-05 1.351061509922146797e-04 1.449019964638864622e-05 5.487798625836148858e-05 4.956442717229947448e-05 2.676347829401493073e-02 2.518187393434345722e-04
2.250000000000000000e+03 3.163918154314160347e-05 1.192111085401847959e-05 3.765927249332889915e-05 3.737671795533969998e-05 1.732108066789805889e-04 1.192111085401847959e-05 3.765927249332889915e-05 3.737671795533969998e-05 2.595262601971626282e-02 2.367911802139133215e-04
2.250000000000000000e+03 3.219410064048133790e-05 1.192111085401847959e-05 3.765927249332889915e-05 3.737671795533969998e-05 1.732108066789805889e-04 1.192111085401847959e-05 3.765927249332889915e-05 3.737671795533969998e-05 2.595262601971626282e-02 2.367911802139133215e-04
2.260000000000000000e+03 7.813431875547394156e-05 9.588812099536880851e-05 1.832938141888007522e-04 1.389140961691737175e-04 1.908070407807826996e-04 9.588812099536880851e-05 1.832938141888007522e-04 1.389140961691737175e-04 2.976857498288154602e-02 3.115437284577637911e-04
2.270000000000000000e+03 4.323064422351308167e-05 5.942973075434565544e-05 1.476004545111209154e-04 8.949378388933837414e-05 1.383886701660230756e-04 5.942973075434565544e-05 1.476004545111209154e-04 8.949378388933837414e-05 2.965157292783260345e-02 3.090995305683463812e-04
2.280000000000000000e+03 1.671244899625889957e-05 2.129954009433276951e-05 4.613514101947657764e-05 5.539991616387851536e-05 9.601248166291043162e-05 2.129954009433276951e-05 4.613514101947657764e-05 5.539991616387851536e-05 2.635705843567848206e-02 2.442287513986229897e-04
2.290000000000000000e+03 1.434642945241648704e-05 8.045811227930244058e-06 1.995568709389772266e-05 2.204429983976297081e-05 1.190324474009685218e-04 8.045811227930244058e-06 1.995568709389772266e-05 2.204429983976297081e-05 2.504204958677291870e-02 2.204664779128506780e-04
2.300000000000000000e+03 1.292887827730737627e-05 6.857913376734359190e-06 1.193197203974705189e-05 1.181433071906212717e-05 1.102672249544411898e-04 6.857913376734359190e-06 1.193197203974705189e-05 1.181433071906212717e-05 2.353259921073913574e-02 1.946895499713718891e-04
2.300000000000000000e+03 1.276717830478446558e-05 6.857913376734359190e-06 1.193197203974705189e-05 1.181433071906212717e-05 1.102672249544411898e-04 6.857913376734359190e-06 1.193197203974705189e-05 1.181433071906212717e-05 2.353259921073913574e-02 1.946895499713718891e-04
2.310000000000000000e+03 3.499028753140009940e-05 3.511070972308516502e-04 2.794096653815358877e-04 3.681585367303341627e-04 9.799727558856830001e-05 3.511070972308516502e-04 2.794096653815358877e-04 3.681585367303341627e-04 3.885776177048683167e-02 5.308336112648248672e-04
2.320000000000000000e+03 3.237254713894799352e-05 9.771122131496667862e-05 1.288078929064795375e-04 1.269216736545786262e-04 1.496507320553064346e-04 9.771122131496667862e-05 1.288078929064795375e-04 1.269216736545786262e-04 3.003668040037155151e-02 3.171806747559458017e-04
2.330000000000000000e+03 2.063509600702673197e-05 2.989018685184419155e-05 3.659384310594759881e-05 2.948469045804813504e-05 1.449327537557110190e-04 2.989018685184419155e-05 3.659384310594759881e-05 2.948469045804813504e-05 2.354257553815841675e-02 1.948547142092138529e-04
2.340000000000000000e+03 1.460584644519258291e-05 2.387472159171011299e-05 2.531380778236780316e-05 2.277025487273931503e-05 1.279515417991206050e-04 2.387472159171011299e-05 2.531380778236780316e-05 2.277025487273931503e-05 2.221840992569923401e-02 1.735516707412898540e-04
2.350000000000000000e+03 1.441979111405089498e-05 7.116826054698321968e-06 1.247654927283292636e-05 1.183207405119901523e-05 1.239795819856226444e-04 7.116826054698321968e-06 1.247654927283292636e-05 1.183207405119901523e-05 2.275114879012107849e-02 1.819741009967401624e-04
2.350000000000000000e+03 1.396133484377060086e-05 7.116826054698321968e-06 1.247654927283292636e-05 1.183207405119901523e-05 1.239795819856226444e-04 7.116826054698321968e-06 1.247654927283292636e-05 1.183207405119901523e-05 2.275114879012107849e-02 1.819741009967401624e-04
2.360000000000000000e+03 3.820779602392576635e-05 2.064361760858446360e-04 1.635662483749911189e-04 2.147343620890751481e-04 1.632169878575950861e-04 2.064361760858446360e-04 1.635662483749911189e-04 2.147343620890751481e-04 3.153053671121597290e-02 3.495148557703942060e-04
2.370000000000000000e+03 3.445399852353148162e-05 1.545990016893483698e-05 6.875506369397044182e-05 5.477175000123679638e-05 1.424102665623649955e-04 1.545990016893483698e-05 6.875506369397044182e-05 5.477175000123679638e-05 2.408218942582607269e-02 2.038895327132195234e-04
2.380000000000000000e+03 3.221736915293149650e-05 2.436239628877956420e-05 8.792551670921966434e-05 5.124594827066175640e-05 9.759820386534556746e-05 2.436239628877956420e-05 8.792551670921966434e-05 5.124594827066175640e-05 2.640407904982566833e-02 2.451009058859199286e-04
2.390000000000000000e+03 1.747478017932735384e-05 1.459384566260268912e-05 4.364990672911517322e-05 3.647337871370837092e-05 9.850927017396315932e-05 1.459384566260268912e-05 4.364990672911517322e-05 3.647337871370837092e-05 2.564605697989463806e-02 2.312299766344949603e-04
2.400000000000000000e+03 1.422006698703626171e-05 8.553320185455959290e-06 2.903375388996209949e-05 2.176141242671292275e-05 9.886125189950689673e-05 8.553320185455959290e-06 2.903375388996209949e-05 2.176141242671292275e-05 2.487824857234954834e-02 2.175918343709781766e-04
2.400000000000000000e+03 1.422006698703626171e-05 8.553320185455959290e-06 2.903375388996209949e-05 2.176141242671292275e-05 9.886125189950689673e-05 8.553320185455959290e-06 2.903375388996209949e-05 2.176141242671292275e-05 2.487824857234954834e-02 2.175918343709781766e-04
2.410000000000000000e+03 2.577891791588626802e-05 3.431341247051022947e-05 1.109200311475433409e-04 8.703897765371948481e-05 1.405410439474508166e-04 3.431341247051022947e-05 1.109200311475433409e-04 8.703897765371948481e-05 2.925485372543334961e-02 3.008837520610541105e-04
2.420000000000000000e+03 2.184344884881284088e-05 6.724012928316369653e-05 8.999108104035258293e-05 9.602278441889211535e-05 1.143727422459051013e-04 6.724012928316369653e-05 8.999108104035258293e-05 9.602278441889211535e-05 2.424663677811622620e-02 2.066835440928116441e-04
2.430000000000000000e+03 1.760817212925758213e-05 2.160602161893621087e-05 4.179223833489231765e-05 3.679050496430136263e-05 1.259871787624433637e-04 2.160602161893621087e-05 4.179223833489231765e-05 3.679050496430136263e-05 2.311680838465690613e-02 1.878705370472744107e-04
2.440000000000000000e+03 1.509526555310003459e-05 7.396520231850445271e-06 1.693163903837557882e-05 1.625939512450713664e-05 1.288065250264480710e-04 7.396520231850445271e-06 1.693163903837557882e-05 1.625939512450713664e-05 2.199724875390529633e-02 1.701138389762490988e-04
2.450000000000000000e+03 1.490027898398693651e-05 8.224992598115932196e-06 9.104561286221724004e-06 9.855507414613384753e-06 1.324486365774646401e-04 8.224992598115932196e-06 9.104561286221724004e-06 9.855507414613384753e-06 2.086973935365676880e-02 1.531217567389830947e-04
2.450000000000000000e+03 2.373402821831405163e-05 8.224992598115932196e-06 9.104561286221724004e-06 9.855507414613384753e-06 1.324486365774646401e-04 8.224992598115932196e-06 9.104561286221724004e-06 9.855507414613384753e-06 2.086973935365676880e-02 1.531217567389830947e-04
2.460000000000000000e+03 5.105356467538513243e-05 2.094525843858718872e-04 3.306322905700653791e-04 2.118258271366357803e-04 1.617678790353238583e-04 2.094525843858718872e-04 3.306322905700653791e-04 2.118258271366357803e-04 3.471738845109939575e-02 4.237376851961016655e-04
2.470000000000000000e+03 4.886028546025045216e-05 3.540340912877582014e-05 1.130427262978628278e-04 8.543349395040422678e-05 1.591751788510009646e-04 3.540340912877582014e-05 1.130427262978628278e-04 8.543349395040422678e-05 2.645140141248703003e-02 2.459802490193396807e-04
2.480000000000000000e+03 1.489060832682298496e-05 1.358538156637223437e-05 5.578675700235180557e-05 4.108522261958569288e-05 1.114646074711345136e-04 1.358538156637223437e-05 5.578675700235180557e-05 4.108522261958569288e-05 2.552758902311325073e-02 2.290986303705722094e-04
2.490000000000000000e+03 1.760245322657283396e-05 1.033660555549431592e-05 2.328444315935485065e-05 1.899816015793476254e-05 1.225652231369167566e-04 1.033660555549431592e-05 2.328444315935485065e-05 1.899816015793476254e-05 2.164689078927040100e-02 1.647380704525858164e-04
2.500000000000000000e+03 1.892529871838632971e-05 7.911467946541961282e-06 2.073613723041489720e-05 1.806858745112549514e-05 1.171030016848817468e-04 7.911467946541961282e-06 2.073613723041489720e-05 1.806858745112549514e-05 2.166069112718105316e-02 1.649481710046529770e-04
2.500000000000000000e+03 1.837410854932386428e-05 7.911467946541961282e-06 2.073613723041489720e-05 1.806858745112549514e-05 1.171030016848817468e-04 7.911467946541961282e-06 2.073613723041489720e-05 1.806858745112549514e-05 2.166069112718105316e-02 1.649481710046529770e-04
2.510000000000000000e+03 7.950433064252138138e-05 1.659499102970585227e-04 2.343985543120652437e-04 2.772636944428086281e-04 2.021455147769302130e-04 1.659499102970585227e-04 2.343985543120652437e-04 2.772636944428086281e-04 3.456978127360343933e-02 4.201421397738158703e-04
2.520000000000000000e+03 2.008644696616102010e-05 5.004226841265335679e-05 8.250640530604869127e-05 8.271234401036053896e-05 1.465201930841431022e-04 5.004226841265335679e-05 8.250640530604869127e-05 8.271234401036053896e-05 2.662158943712711334e-02 2.491556806489825249e-04
2.530000000000000000e+03 1.965149749594274908e-05 2.484216020093299448e-05 3.397793261683546007e-05 3.193497832398861647e-05 1.375335268676280975e-04 2.484216020093299448e-05 3.397793261683546007e-05 3.193497832398861647e-05 2.235132083296775818e-02 1.756342971930280328e-04
2.540000000000000000e+03 1.664404226175975055e-05 9.519243576505687088e-06 1.933289786393288523e-05 1.347602574242046103e-05 1.254379312740638852e-04 9.519243576505687088e-06 1.933289786393288523e-05 1.347602574242046103e-05 2.067993208765983582e-02 1.503491948824375868e-04
2.550000000000000000e+03 1.505180534877581522e-05 4.877517767454264686e-06 9.529902854410465807e-06 1.125780818256316707e-05 1.207978857564739883e-04 4.877517767454264686e-06 9.529902854410465807e-06 1.125780818256316707e-05 2.135527692735195160e-02 1.603294658707454801e-04
2.550000000000000000e+03 1.540382254461292177e-05 4.877517767454264686e-06 9.529902854410465807e-06 1.125780818256316707e-05 1.207978857564739883e-04 4.877517767454264686e-06 9.529902854410465807e-06 1.125780818256316707e-05 2.135527692735195160e-02 1.603294658707454801e-04
2.560000000000000000e+03 7.643901335541158915e-05 1.907596888486295938e-04 1.631620252737775445e-04 1.716213591862469912e-04 2.128381747752428055e-04 1.907596888486295938e-04 1.631620252737775445e-04 1.716213591862469912e-04 3.053427115082740784e-02 3.277765936218202114e-04
2.570000000000000000e+03 2.521327769500203431e-05 4.427556632435880601e-05 1.366360811516642570e-04 1.115388804464600980e-04 1.306199555983766913e-04 4.427556632435880601e-05 1.366360811516642570e-04 1.115388804464600980e-04 3.018699027597904205e-02 3.203631204087287188e-04
2.580000000000000000e+03 2.819324799929745495e-05 1.815205723687540740e-05 6.160417251521721482e-05 4.416181036503985524e-05 1.436975435353815556e-04 1.815205723687540740e-05 6.160417251521721482e-05 4.416181036503985524e-05 2.486212924122810364e-02 2.173099346691742539e-04
2.590000000000000000e+03 2.177307578676845878e-05 9.531560863251797855e-06 4.264911331119947135e-05 2.956870594061911106e-05 1.373164122924208641e-04 9.531560863251797855e-06 4.264911331119947135e-05 2.956870594061911106e-05 2.455173432826995850e-02 2.119177370332181454e-04
2.600000000000000000e+03 1.598077687958721071e-05 8.365909707208629698e-06 2.435674650769215077e-05 2.173284701711963862e-05 1.281149598071351647e-04 8.365909707208629698e-06 2.435674650769215077e-05 2.173284701711963862e-05 2.366218529641628265e-02 1.968396536540240049e-04
