# step, loss_train, loss_test, metrics_test
0.000000000000000000e+00 5.764445781707763672e+00 1.867831420898437500e+01 5.764445781707763672e+00 1.867831420898437500e+01 9.989398717880249023e-01 1.401815795898437500e+03
1.000000000000000000e+01 1.197146177291870117e-01 1.901267433166503906e+01 1.197146177291870117e-01 1.901267433166503906e+01 1.033784627914428711e+00 1.501317138671875000e+03
2.000000000000000000e+01 4.284565895795822144e-02 1.858684730529785156e+01 4.284565895795822144e-02 1.858684730529785156e+01 1.020395398139953613e+00 1.462679809570312500e+03
3.000000000000000000e+01 1.179969497025012970e-02 1.850123405456542969e+01 1.179969497025012970e-02 1.850123405456542969e+01 1.019535064697265625e+00 1.460214355468750000e+03
4.000000000000000000e+01 8.596298284828662872e-03 1.844172668457031250e+01 8.596298284828662872e-03 1.844172668457031250e+01 1.022603154182434082e+00 1.469015991210937500e+03
5.000000000000000000e+01 6.047413218766450882e-03 1.842100143432617188e+01 6.047413218766450882e-03 1.842100143432617188e+01 1.019769668579101562e+00 1.460886474609375000e+03
6.000000000000000000e+01 2.316537545993924141e-03 1.841258621215820312e+01 2.316537545993924141e-03 1.841258621215820312e+01 1.018975377082824707e+00 1.458611450195312500e+03
7.000000000000000000e+01 2.108491258695721626e-03 1.840770530700683594e+01 2.108491258695721626e-03 1.840770530700683594e+01 1.019307494163513184e+00 1.459562744140625000e+03
8.000000000000000000e+01 1.472363015636801720e-03 1.840491104125976562e+01 1.472363015636801720e-03 1.840491104125976562e+01 1.018509507179260254e+00 1.457278198242187500e+03
9.000000000000000000e+01 1.217630924656987190e-03 1.840318107604980469e+01 1.217630924656987190e-03 1.840318107604980469e+01 1.018347024917602539e+00 1.456813232421875000e+03
1.000000000000000000e+02 1.015986548736691475e-03 1.840205383300781250e+01 1.015986548736691475e-03 1.840205383300781250e+01 1.018283009529113770e+00 1.456630371093750000e+03
1.100000000000000000e+02 8.732097921893000603e-04 1.840126419067382812e+01 8.732097921893000603e-04 1.840126419067382812e+01 1.018056511878967285e+00 1.455982055664062500e+03
1.200000000000000000e+02 7.646338199265301228e-04 1.840065574645996094e+01 7.646338199265301228e-04 1.840065574645996094e+01 1.017950534820556641e+00 1.455678833007812500e+03
1.300000000000000000e+02 6.722443504258990288e-04 1.840019226074218750e+01 6.722443504258990288e-04 1.840019226074218750e+01 1.017820715904235840e+00 1.455307861328125000e+03
1.400000000000000000e+02 5.964014562778174877e-04 1.839980316162109375e+01 5.964014562778174877e-04 1.839980316162109375e+01 1.017729640007019043e+00 1.455047241210937500e+03
1.500000000000000000e+02 5.315375747159123421e-04 1.839949035644531250e+01 5.315375747159123421e-04 1.839949035644531250e+01 1.017635822296142578e+00 1.454778930664062500e+03
1.600000000000000000e+02 4.768879734911024570e-04 1.839922523498535156e+01 4.768879734911024570e-04 1.839922523498535156e+01 1.017560839653015137e+00 1.454564941406250000e+03
1.700000000000000000e+02 4.307852359488606453e-04 1.839901161193847656e+01 4.307852359488606453e-04 1.839901161193847656e+01 1.017490863800048828e+00 1.454364746093750000e+03
1.800000000000000000e+02 3.912032989319413900e-04 1.839882087707519531e+01 3.912032989319413900e-04 1.839882087707519531e+01 1.017431974411010742e+00 1.454196655273437500e+03
1.900000000000000000e+02 3.574865695554763079e-04 1.839863777160644531e+01 3.574865695554763079e-04 1.839863777160644531e+01 1.017375707626342773e+00 1.454035522460937500e+03
2.000000000000000000e+02 3.281641693320125341e-04 1.839847946166992188e+01 3.281641693320125341e-04 1.839847946166992188e+01 1.017325997352600098e+00 1.453893554687500000e+03
2.100000000000000000e+02 3.028921782970428467e-04 1.839834022521972656e+01 3.028921782970428467e-04 1.839834022521972656e+01 1.017280220985412598e+00 1.453762451171875000e+03
2.200000000000000000e+02 2.808154386002570391e-04 1.839820671081542969e+01 2.808154386002570391e-04 1.839820671081542969e+01 1.017238974571228027e+00 1.453644897460937500e+03
2.300000000000000000e+02 2.613605756778270006e-04 1.839809799194335938e+01 2.613605756778270006e-04 1.839809799194335938e+01 1.017202258110046387e+00 1.453539672851562500e+03
2.400000000000000000e+02 2.442309923935681581e-04 1.839798927307128906e+01 2.442309923935681581e-04 1.839798927307128906e+01 1.017170429229736328e+00 1.453449096679687500e+03
2.500000000000000000e+02 2.288613613927736878e-04 1.839790153503417969e+01 2.288613613927736878e-04 1.839790153503417969e+01 1.017141103744506836e+00 1.453365234375000000e+03
2.600000000000000000e+02 2.153643290512263775e-04 1.839781379699707031e+01 2.153643290512263775e-04 1.839781379699707031e+01 1.017113447189331055e+00 1.453285888671875000e+03
2.700000000000000000e+02 2.031480544246733189e-04 1.839772224426269531e+01 2.031480544246733189e-04 1.839772224426269531e+01 1.017089605331420898e+00 1.453218017578125000e+03
2.800000000000000000e+02 1.919903588714078069e-04 1.839765167236328125e+01 1.919903588714078069e-04 1.839765167236328125e+01 1.017067432403564453e+00 1.453154541015625000e+03
2.900000000000000000e+02 1.820020843297243118e-04 1.839758110046386719e+01 1.820020843297243118e-04 1.839758110046386719e+01 1.017048001289367676e+00 1.453099121093750000e+03
3.000000000000000000e+02 1.727373455651104450e-04 1.839752960205078125e+01 1.727373455651104450e-04 1.839752960205078125e+01 1.017033219337463379e+00 1.453056640625000000e+03
3.100000000000000000e+02 1.642822753638029099e-04 1.839746856689453125e+01 1.642822753638029099e-04 1.839746856689453125e+01 1.017017722129821777e+00 1.453012695312500000e+03
3.200000000000000000e+02 1.564524864079430699e-04 1.839741325378417969e+01 1.564524864079430699e-04 1.839741325378417969e+01 1.017004370689392090e+00 1.452974243164062500e+03
3.300000000000000000e+02 1.492485462222248316e-04 1.839737129211425781e+01 1.492485462222248316e-04 1.839737129211425781e+01 1.016992092132568359e+00 1.452939086914062500e+03
3.400000000000000000e+02 1.425160735379904509e-04 1.839732933044433594e+01 1.425160735379904509e-04 1.839732933044433594e+01 1.016983985900878906e+00 1.452915893554687500e+03
3.500000000000000000e+02 1.363003539154306054e-04 1.839728736877441406e+01 1.363003539154306054e-04 1.839728736877441406e+01 1.016976118087768555e+00 1.452893798828125000e+03
3.600000000000000000e+02 1.304474426433444023e-04 1.839725303649902344e+01 1.304474426433444023e-04 1.839725303649902344e+01 1.016969203948974609e+00 1.452873901367187500e+03
3.700000000000000000e+02 1.248316257260739803e-04 1.839721870422363281e+01 1.248316257260739803e-04 1.839721870422363281e+01 1.016961336135864258e+00 1.452851562500000000e+03
3.800000000000000000e+02 1.196209705085493624e-04 1.839720153808593750e+01 1.196209705085493624e-04 1.839720153808593750e+01 1.016957759857177734e+00 1.452841308593750000e+03
3.900000000000000000e+02 1.147500515799038112e-04 1.839716720581054688e+01 1.147500515799038112e-04 1.839716720581054688e+01 1.016953587532043457e+00 1.452829223632812500e+03
4.000000000000000000e+02 1.101320303860120475e-04 1.839714813232421875e+01 1.101320303860120475e-04 1.839714813232421875e+01 1.016952514648437500e+00 1.452826049804687500e+03
4.100000000000000000e+02 1.057299086824059486e-04 1.839711570739746094e+01 1.057299086824059486e-04 1.839711570739746094e+01 1.016948580741882324e+00 1.452814941406250000e+03
4.200000000000000000e+02 1.015216257655993104e-04 1.839711380004882812e+01 1.015216257655993104e-04 1.839711380004882812e+01 1.016945600509643555e+00 1.452806518554687500e+03
4.300000000000000000e+02 9.756324288900941610e-05 1.839709472656250000e+01 9.756324288900941610e-05 1.839709472656250000e+01 1.016944646835327148e+00 1.452803588867187500e+03
4.400000000000000000e+02 9.386597957927733660e-05 1.839707374572753906e+01 9.386597957927733660e-05 1.839707374572753906e+01 1.016947865486145020e+00 1.452812744140625000e+03
4.500000000000000000e+02 9.016197873279452324e-05 1.839704322814941406e+01 9.016197873279452324e-05 1.839704322814941406e+01 1.016945004463195801e+00 1.452804687500000000e+03
4.600000000000000000e+02 8.670391980558633804e-05 1.839703559875488281e+01 8.670391980558633804e-05 1.839703559875488281e+01 1.016945123672485352e+00 1.452805053710937500e+03
4.700000000000000000e+02 8.339180203620344400e-05 1.839701843261718750e+01 8.339180203620344400e-05 1.839701843261718750e+01 1.016945362091064453e+00 1.452805541992187500e+03
4.800000000000000000e+02 8.026540308492258191e-05 1.839702796936035156e+01 8.026540308492258191e-05 1.839702796936035156e+01 1.016946196556091309e+00 1.452807861328125000e+03
4.900000000000000000e+02 7.726861804258078337e-05 1.839701271057128906e+01 7.726861804258078337e-05 1.839701271057128906e+01 1.016947746276855469e+00 1.452812377929687500e+03
5.000000000000000000e+02 7.440266199409961700e-05 1.839700508117675781e+01 7.440266199409961700e-05 1.839700508117675781e+01 1.016950964927673340e+00 1.452822021484375000e+03
5.100000000000000000e+02 7.162310794228687882e-05 1.839698219299316406e+01 7.162310794228687882e-05 1.839698219299316406e+01 1.016952037811279297e+00 1.452825073242187500e+03
5.200000000000000000e+02 6.897882121847942472e-05 1.839698791503906250e+01 6.897882121847942472e-05 1.839698791503906250e+01 1.016951560974121094e+00 1.452823364257812500e+03
5.300000000000000000e+02 6.646630936302244663e-05 1.839697456359863281e+01 6.646630936302244663e-05 1.839697456359863281e+01 1.016956806182861328e+00 1.452838134765625000e+03
5.400000000000000000e+02 6.402720464393496513e-05 1.839696502685546875e+01 6.402720464393496513e-05 1.839696502685546875e+01 1.016957044601440430e+00 1.452839233398437500e+03
5.500000000000000000e+02 6.171419954625889659e-05 1.839696121215820312e+01 6.171419954625889659e-05 1.839696121215820312e+01 1.016958951950073242e+00 1.452844360351562500e+03
5.600000000000000000e+02 5.954671360086649656e-05 1.839695739746093750e+01 5.954671360086649656e-05 1.839695739746093750e+01 1.016961336135864258e+00 1.452851440429687500e+03
5.700000000000000000e+02 5.737740502809174359e-05 1.839695167541503906e+01 5.737740502809174359e-05 1.839695167541503906e+01 1.016965150833129883e+00 1.452862426757812500e+03
5.800000000000000000e+02 5.538521509151905775e-05 1.839694595336914062e+01 5.538521509151905775e-05 1.839694595336914062e+01 1.016965270042419434e+00 1.452862792968750000e+03
5.900000000000000000e+02 5.337846232578158379e-05 1.839694023132324219e+01 5.337846232578158379e-05 1.839694023132324219e+01 1.016968607902526855e+00 1.452872192382812500e+03
6.000000000000000000e+02 5.154471728019416332e-05 1.839694213867187500e+01 5.154471728019416332e-05 1.839694213867187500e+01 1.016971588134765625e+00 1.452880493164062500e+03
6.100000000000000000e+02 4.969276415067724884e-05 1.839693260192871094e+01 4.969276415067724884e-05 1.839693260192871094e+01 1.016974449157714844e+00 1.452888793945312500e+03
6.200000000000000000e+02 4.800386523129418492e-05 1.839692878723144531e+01 4.800386523129418492e-05 1.839692878723144531e+01 1.016976475715637207e+00 1.452894531250000000e+03
6.300000000000000000e+02 4.633011485566385090e-05 1.839692878723144531e+01 4.633011485566385090e-05 1.839692878723144531e+01 1.016979575157165527e+00 1.452903564453125000e+03
6.400000000000000000e+02 4.476979665923863649e-05 1.839692115783691406e+01 4.476979665923863649e-05 1.839692115783691406e+01 1.016983151435852051e+00 1.452913696289062500e+03
6.500000000000000000e+02 4.322389213484711945e-05 1.839692687988281250e+01 4.322389213484711945e-05 1.839692687988281250e+01 1.016983032226562500e+00 1.452913452148437500e+03
6.600000000000000000e+02 4.179281677352264524e-05 1.839692687988281250e+01 4.179281677352264524e-05 1.839692687988281250e+01 1.016986489295959473e+00 1.452923339843750000e+03
6.700000000000000000e+02 4.038216502522118390e-05 1.839693069458007812e+01 4.038216502522118390e-05 1.839693069458007812e+01 1.016990065574645996e+00 1.452933349609375000e+03
6.800000000000000000e+02 3.905734411091543734e-05 1.839692878723144531e+01 3.905734411091543734e-05 1.839692878723144531e+01 1.016991615295410156e+00 1.452937988281250000e+03
6.900000000000000000e+02 3.777250094572082162e-05 1.839692115783691406e+01 3.777250094572082162e-05 1.839692115783691406e+01 1.016993880271911621e+00 1.452944213867187500e+03
7.000000000000000000e+02 3.656343324109911919e-05 1.839691925048828125e+01 3.656343324109911919e-05 1.839691925048828125e+01 1.016995310783386230e+00 1.452948730468750000e+03
7.100000000000000000e+02 3.537130396580323577e-05 1.839691925048828125e+01 3.537130396580323577e-05 1.839691925048828125e+01 1.016998291015625000e+00 1.452957031250000000e+03
7.200000000000000000e+02 3.424504757276736200e-05 1.839691352844238281e+01 3.424504757276736200e-05 1.839691352844238281e+01 1.017002105712890625e+00 1.452967651367187500e+03
7.300000000000000000e+02 3.318248127470724285e-05 1.839691162109375000e+01 3.318248127470724285e-05 1.839691162109375000e+01 1.017004966735839844e+00 1.452975952148437500e+03
7.400000000000000000e+02 3.212561932741664350e-05 1.839691162109375000e+01 3.212561932741664350e-05 1.839691162109375000e+01 1.017007470130920410e+00 1.452983154296875000e+03
7.500000000000000000e+02 3.114405262749642134e-05 1.839690399169921875e+01 3.114405262749642134e-05 1.839690399169921875e+01 1.017011046409606934e+00 1.452993286132812500e+03
7.600000000000000000e+02 3.018989627889823169e-05 1.839690399169921875e+01 3.018989627889823169e-05 1.839690399169921875e+01 1.017011642456054688e+00 1.452995239257812500e+03
7.700000000000000000e+02 2.926324486907105893e-05 1.839690971374511719e+01 2.926324486907105893e-05 1.839690971374511719e+01 1.017016530036926270e+00 1.453008911132812500e+03
7.800000000000000000e+02 2.840761771949473768e-05 1.839690399169921875e+01 2.840761771949473768e-05 1.839690399169921875e+01 1.017017483711242676e+00 1.453011718750000000e+03
7.900000000000000000e+02 2.752646832959726453e-05 1.839691162109375000e+01 2.752646832959726453e-05 1.839691162109375000e+01 1.017018556594848633e+00 1.453014892578125000e+03
8.000000000000000000e+02 2.672156006156001240e-05 1.839690589904785156e+01 2.672156006156001240e-05 1.839690589904785156e+01 1.017021059989929199e+00 1.453022094726562500e+03
8.100000000000000000e+02 2.592878809082321823e-05 1.839690971374511719e+01 2.592878809082321823e-05 1.839690971374511719e+01 1.017022490501403809e+00 1.453026000976562500e+03
8.200000000000000000e+02 2.519506961107254028e-05 1.839691162109375000e+01 2.519506961107254028e-05 1.839691162109375000e+01 1.017026066780090332e+00 1.453036254882812500e+03
8.300000000000000000e+02 2.449466410325840116e-05 1.839690399169921875e+01 2.449466410325840116e-05 1.839690399169921875e+01 1.017027378082275391e+00 1.453039916992187500e+03
8.400000000000000000e+02 2.379428588028531522e-05 1.839690017700195312e+01 2.379428588028531522e-05 1.839690017700195312e+01 1.017029523849487305e+00 1.453046264648437500e+03
8.500000000000000000e+02 2.312032484041992575e-05 1.839690208435058594e+01 2.312032484041992575e-05 1.839690208435058594e+01 1.017031431198120117e+00 1.453051757812500000e+03
8.600000000000000000e+02 2.249260069220326841e-05 1.839690208435058594e+01 2.249260069220326841e-05 1.839690208435058594e+01 1.017033100128173828e+00 1.453056518554687500e+03
8.700000000000000000e+02 2.187175596191082150e-05 1.839690017700195312e+01 2.187175596191082150e-05 1.839690017700195312e+01 1.017035126686096191e+00 1.453062133789062500e+03
8.800000000000000000e+02 2.130075699824374169e-05 1.839690017700195312e+01 2.130075699824374169e-05 1.839690017700195312e+01 1.017036557197570801e+00 1.453066284179687500e+03
8.900000000000000000e+02 2.070354275929275900e-05 1.839690208435058594e+01 2.070354275929275900e-05 1.839690208435058594e+01 1.017038106918334961e+00 1.453070678710937500e+03
9.000000000000000000e+02 2.016390862991102040e-05 1.839689636230468750e+01 2.016390862991102040e-05 1.839689636230468750e+01 1.017039537429809570e+00 1.453074829101562500e+03
9.100000000000000000e+02 1.963520844583399594e-05 1.839690971374511719e+01 1.963520844583399594e-05 1.839690971374511719e+01 1.017042160034179688e+00 1.453082275390625000e+03
9.200000000000000000e+02 1.912661718961317092e-05 1.839689826965332031e+01 1.912661718961317092e-05 1.839689826965332031e+01 1.017044067382812500e+00 1.453087768554687500e+03
9.300000000000000000e+02 1.863226862042210996e-05 1.839689636230468750e+01 1.863226862042210996e-05 1.839689636230468750e+01 1.017045974731445312e+00 1.453093017578125000e+03
9.400000000000000000e+02 1.818107011786196381e-05 1.839690017700195312e+01 1.818107011786196381e-05 1.839690017700195312e+01 1.017046928405761719e+00 1.453095947265625000e+03
9.500000000000000000e+02 1.771939423633739352e-05 1.839690589904785156e+01 1.771939423633739352e-05 1.839690589904785156e+01 1.017049074172973633e+00 1.453102050781250000e+03
9.600000000000000000e+02 1.726530172163620591e-05 1.839690780639648438e+01 1.726530172163620591e-05 1.839690780639648438e+01 1.017050147056579590e+00 1.453105346679687500e+03
9.700000000000000000e+02 1.684402013779617846e-05 1.839690399169921875e+01 1.684402013779617846e-05 1.839690399169921875e+01 1.017052292823791504e+00 1.453111206054687500e+03
9.800000000000000000e+02 1.643782525206916034e-05 1.839689826965332031e+01 1.643782525206916034e-05 1.839689826965332031e+01 1.017052888870239258e+00 1.453112915039062500e+03
9.900000000000000000e+02 1.603760210855398327e-05 1.839689636230468750e+01 1.603760210855398327e-05 1.839689636230468750e+01 1.017055273056030273e+00 1.453119873046875000e+03
1.000000000000000000e+03 1.564543708809651434e-05 1.839689445495605469e+01 1.564543708809651434e-05 1.839689445495605469e+01 1.017055749893188477e+00 1.453121215820312500e+03
1.010000000000000000e+03 1.527587119198869914e-05 1.839690208435058594e+01 1.527587119198869914e-05 1.839690208435058594e+01 1.017057895660400391e+00 1.453127075195312500e+03
1.020000000000000000e+03 1.491964212618768215e-05 1.839689445495605469e+01 1.491964212618768215e-05 1.839689445495605469e+01 1.017059087753295898e+00 1.453130493164062500e+03
1.030000000000000000e+03 1.457526741432957351e-05 1.839690208435058594e+01 1.457526741432957351e-05 1.839690208435058594e+01 1.017059326171875000e+00 1.453131225585937500e+03
1.040000000000000000e+03 1.423742833139840513e-05 1.839690399169921875e+01 1.423742833139840513e-05 1.839690399169921875e+01 1.017061591148376465e+00 1.453138183593750000e+03
1.050000000000000000e+03 1.392624290019739419e-05 1.839689445495605469e+01 1.392624290019739419e-05 1.839689445495605469e+01 1.017063260078430176e+00 1.453142578125000000e+03
1.060000000000000000e+03 1.360298119834624231e-05 1.839690017700195312e+01 1.360298119834624231e-05 1.839690017700195312e+01 1.017065048217773438e+00 1.453147705078125000e+03
1.070000000000000000e+03 1.330622217210475355e-05 1.839690017700195312e+01 1.330622217210475355e-05 1.839690017700195312e+01 1.017065882682800293e+00 1.453150146484375000e+03
1.080000000000000000e+03 1.299856648984132335e-05 1.839690208435058594e+01 1.299856648984132335e-05 1.839690208435058594e+01 1.017066359519958496e+00 1.453151489257812500e+03
1.090000000000000000e+03 1.271280689252307639e-05 1.839690780639648438e+01 1.271280689252307639e-05 1.839690780639648438e+01 1.017067551612854004e+00 1.453154541015625000e+03
1.100000000000000000e+03 1.243078077095560730e-05 1.839689445495605469e+01 1.243078077095560730e-05 1.839689445495605469e+01 1.017068505287170410e+00 1.453157470703125000e+03
1.110000000000000000e+03 1.215800966747337952e-05 1.839690399169921875e+01 1.215800966747337952e-05 1.839690399169921875e+01 1.017070293426513672e+00 1.453162597656250000e+03
1.120000000000000000e+03 1.190114016935694963e-05 1.839689254760742188e+01 1.190114016935694963e-05 1.839689254760742188e+01 1.017071962356567383e+00 1.453167480468750000e+03
1.130000000000000000e+03 1.164416335086571053e-05 1.839689636230468750e+01 1.164416335086571053e-05 1.839689636230468750e+01 1.017072677612304688e+00 1.453169555664062500e+03
1.140000000000000000e+03 1.140094263973878697e-05 1.839690017700195312e+01 1.140094263973878697e-05 1.839690017700195312e+01 1.017073392868041992e+00 1.453171630859375000e+03
1.150000000000000000e+03 1.114949645852902904e-05 1.839690208435058594e+01 1.114949645852902904e-05 1.839690208435058594e+01 1.017074584960937500e+00 1.453175048828125000e+03
1.160000000000000000e+03 1.091712783818366006e-05 1.839690017700195312e+01 1.091712783818366006e-05 1.839690017700195312e+01 1.017075419425964355e+00 1.453177490234375000e+03
1.170000000000000000e+03 1.069533573172520846e-05 1.839689636230468750e+01 1.069533573172520846e-05 1.839689636230468750e+01 1.017076611518859863e+00 1.453180786132812500e+03
1.180000000000000000e+03 1.047013574861921370e-05 1.839689636230468750e+01 1.047013574861921370e-05 1.839689636230468750e+01 1.017077207565307617e+00 1.453182373046875000e+03
1.190000000000000000e+03 1.025608162308344617e-05 1.839690017700195312e+01 1.025608162308344617e-05 1.839690017700195312e+01 1.017078876495361328e+00 1.453187500000000000e+03
1.200000000000000000e+03 1.005467129289172590e-05 1.839690399169921875e+01 1.005467129289172590e-05 1.839690399169921875e+01 1.017080545425415039e+00 1.453191894531250000e+03
1.210000000000000000e+03 9.839441190706565976e-06 1.839690208435058594e+01 9.839441190706565976e-06 1.839690208435058594e+01 1.017079830169677734e+00 1.453189941406250000e+03
1.220000000000000000e+03 9.639737072575371712e-06 1.839690017700195312e+01 9.639737072575371712e-06 1.839690017700195312e+01 1.017080903053283691e+00 1.453193359375000000e+03
1.230000000000000000e+03 9.442648661206476390e-06 1.839689826965332031e+01 9.442648661206476390e-06 1.839689826965332031e+01 1.017082095146179199e+00 1.453196533203125000e+03
1.240000000000000000e+03 9.256667908630333841e-06 1.839690399169921875e+01 9.256667908630333841e-06 1.839690399169921875e+01 1.017083168029785156e+00 1.453199340820312500e+03
1.250000000000000000e+03 9.069853149412665516e-06 1.839690399169921875e+01 9.069853149412665516e-06 1.839690399169921875e+01 1.017083525657653809e+00 1.453200561523437500e+03
1.260000000000000000e+03 8.897691259335260838e-06 1.839690208435058594e+01 8.897691259335260838e-06 1.839690208435058594e+01 1.017084240913391113e+00 1.453202392578125000e+03
1.270000000000000000e+03 8.714424438949208707e-06 1.839690971374511719e+01 8.714424438949208707e-06 1.839690971374511719e+01 1.017084598541259766e+00 1.453203613281250000e+03
1.280000000000000000e+03 8.547232937416993082e-06 1.839689445495605469e+01 8.547232937416993082e-06 1.839689445495605469e+01 1.017086267471313477e+00 1.453208129882812500e+03
1.290000000000000000e+03 8.376740879612043500e-06 1.839689826965332031e+01 8.376740879612043500e-06 1.839689826965332031e+01 1.017086863517761230e+00 1.453210083007812500e+03
1.300000000000000000e+03 8.211346539610531181e-06 1.839690017700195312e+01 8.211346539610531181e-06 1.839690017700195312e+01 1.017087697982788086e+00 1.453212402343750000e+03
1.310000000000000000e+03 8.052024895732756704e-06 1.839691162109375000e+01 8.052024895732756704e-06 1.839691162109375000e+01 1.017088890075683594e+00 1.453215698242187500e+03
1.320000000000000000e+03 7.902352990640792996e-06 1.839689636230468750e+01 7.902352990640792996e-06 1.839689636230468750e+01 1.017089247703552246e+00 1.453216552734375000e+03
1.330000000000000000e+03 7.742594789306167513e-06 1.839690399169921875e+01 7.742594789306167513e-06 1.839690399169921875e+01 1.017090678215026855e+00 1.453220825195312500e+03
1.340000000000000000e+03 7.592288056912366301e-06 1.839689636230468750e+01 7.592288056912366301e-06 1.839689636230468750e+01 1.017090201377868652e+00 1.453219482421875000e+03
1.350000000000000000e+03 7.445618848578305915e-06 1.839690017700195312e+01 7.445618848578305915e-06 1.839690017700195312e+01 1.017091274261474609e+00 1.453222656250000000e+03
1.360000000000000000e+03 7.308063686650712043e-06 1.839690399169921875e+01 7.308063686650712043e-06 1.839690399169921875e+01 1.017093062400817871e+00 1.453227905273437500e+03
1.370000000000000000e+03 7.164421276684151962e-06 1.839690017700195312e+01 7.164421276684151962e-06 1.839690017700195312e+01 1.017093300819396973e+00 1.453228515625000000e+03
1.380000000000000000e+03 7.036649094516178593e-06 1.839690399169921875e+01 7.036649094516178593e-06 1.839690399169921875e+01 1.017093896865844727e+00 1.453230102539062500e+03
1.390000000000000000e+03 6.893816589581547305e-06 1.839689826965332031e+01 6.893816589581547305e-06 1.839689826965332031e+01 1.017094731330871582e+00 1.453232177734375000e+03
1.400000000000000000e+03 6.771768312319181859e-06 1.839690780639648438e+01 6.771768312319181859e-06 1.839690780639648438e+01 1.017095565795898438e+00 1.453234741210937500e+03
1.410000000000000000e+03 6.679314992652507499e-06 1.839689826965332031e+01 6.679314992652507499e-06 1.839689826965332031e+01 1.017095685005187988e+00 1.453235107421875000e+03
1.420000000000000000e+03 6.563790066138608381e-06 1.839689445495605469e+01 6.563790066138608381e-06 1.839689445495605469e+01 1.017097115516662598e+00 1.453239257812500000e+03
1.430000000000000000e+03 6.390492217178689316e-06 1.839690208435058594e+01 6.390492217178689316e-06 1.839690208435058594e+01 1.017097949981689453e+00 1.453241577148437500e+03
1.440000000000000000e+03 6.270779067563125864e-06 1.839689445495605469e+01 6.270779067563125864e-06 1.839689445495605469e+01 1.017098426818847656e+00 1.453243286132812500e+03
1.450000000000000000e+03 6.152511105028679594e-06 1.839690017700195312e+01 6.152511105028679594e-06 1.839690017700195312e+01 1.017099618911743164e+00 1.453246826171875000e+03
1.460000000000000000e+03 6.045750978955766186e-06 1.839690017700195312e+01 6.045750978955766186e-06 1.839690017700195312e+01 1.017099022865295410e+00 1.453244873046875000e+03
1.470000000000000000e+03 5.936203251621918753e-06 1.839690399169921875e+01 5.936203251621918753e-06 1.839690399169921875e+01 1.017100214958190918e+00 1.453248413085937500e+03
1.480000000000000000e+03 5.841049187438329682e-06 1.839690399169921875e+01 5.841049187438329682e-06 1.839690399169921875e+01 1.017100930213928223e+00 1.453250000000000000e+03
1.490000000000000000e+03 5.715398401662241668e-06 1.839690017700195312e+01 5.715398401662241668e-06 1.839690017700195312e+01 1.017101764678955078e+00 1.453252685546875000e+03
1.500000000000000000e+03 5.606213562714401633e-06 1.839689826965332031e+01 5.606213562714401633e-06 1.839689826965332031e+01 1.017102122306823730e+00 1.453253417968750000e+03
1.510000000000000000e+03 5.499873168446356431e-06 1.839690017700195312e+01 5.499873168446356431e-06 1.839690017700195312e+01 1.017102837562561035e+00 1.453255615234375000e+03
1.520000000000000000e+03 5.427097676147241145e-06 1.839690017700195312e+01 5.427097676147241145e-06 1.839690017700195312e+01 1.017103314399719238e+00 1.453257202148437500e+03
1.530000000000000000e+03 5.327830876922234893e-06 1.839689445495605469e+01 5.327830876922234893e-06 1.839689445495605469e+01 1.017103195190429688e+00 1.453256835937500000e+03
1.540000000000000000e+03 5.205449724599020556e-06 1.839689636230468750e+01 5.205449724599020556e-06 1.839689636230468750e+01 1.017104268074035645e+00 1.453259887695312500e+03
1.550000000000000000e+03 5.112551207275828347e-06 1.839690017700195312e+01 5.112551207275828347e-06 1.839690017700195312e+01 1.017105102539062500e+00 1.453262207031250000e+03
1.560000000000000000e+03 5.018475803808541968e-06 1.839690017700195312e+01 5.018475803808541968e-06 1.839690017700195312e+01 1.017105698585510254e+00 1.453264038085937500e+03
1.570000000000000000e+03 4.932147930958308280e-06 1.839689254760742188e+01 4.932147930958308280e-06 1.839689254760742188e+01 1.017106294631958008e+00 1.453265625000000000e+03
1.580000000000000000e+03 4.851986886933445930e-06 1.839690017700195312e+01 4.851986886933445930e-06 1.839690017700195312e+01 1.017107844352722168e+00 1.453269897460937500e+03
1.590000000000000000e+03 4.952065410179784521e-06 1.839690017700195312e+01 4.952065410179784521e-06 1.839690017700195312e+01 1.017109394073486328e+00 1.453274536132812500e+03
1.600000000000000000e+03 4.726046881842194125e-06 1.839690017700195312e+01 4.726046881842194125e-06 1.839690017700195312e+01 1.017108917236328125e+00 1.453273071289062500e+03
1.610000000000000000e+03 4.590652224578661844e-06 1.839690017700195312e+01 4.590652224578661844e-06 1.839690017700195312e+01 1.017108201980590820e+00 1.453270996093750000e+03
1.620000000000000000e+03 4.511329734668834135e-06 1.839690399169921875e+01 4.511329734668834135e-06 1.839690399169921875e+01 1.017109751701354980e+00 1.453275268554687500e+03
1.630000000000000000e+03 4.435924438439542428e-06 1.839690017700195312e+01 4.435924438439542428e-06 1.839690017700195312e+01 1.017110466957092285e+00 1.453277465820312500e+03
1.640000000000000000e+03 4.338722646934911609e-06 1.839690017700195312e+01 4.338722646934911609e-06 1.839690017700195312e+01 1.017110466957092285e+00 1.453277587890625000e+03
1.650000000000000000e+03 4.323453595134196803e-06 1.839689445495605469e+01 4.323453595134196803e-06 1.839689445495605469e+01 1.017111778259277344e+00 1.453281127929687500e+03
1.660000000000000000e+03 4.420789537107339129e-06 1.839690780639648438e+01 4.420789537107339129e-06 1.839690780639648438e+01 1.017110109329223633e+00 1.453276611328125000e+03
1.670000000000000000e+03 4.140392320550745353e-06 1.839689826965332031e+01 4.140392320550745353e-06 1.839689826965332031e+01 1.017113089561462402e+00 1.453284912109375000e+03
1.680000000000000000e+03 4.079879545315634459e-06 1.839689254760742188e+01 4.079879545315634459e-06 1.839689254760742188e+01 1.017112135887145996e+00 1.453282226562500000e+03
1.690000000000000000e+03 4.002395144198089838e-06 1.839689636230468750e+01 4.002395144198089838e-06 1.839689636230468750e+01 1.017113327980041504e+00 1.453285888671875000e+03
1.700000000000000000e+03 3.899597231793450192e-06 1.839689826965332031e+01 3.899597231793450192e-06 1.839689826965332031e+01 1.017113924026489258e+00 1.453287475585937500e+03
1.710000000000000000e+03 3.831461526715429500e-06 1.839690589904785156e+01 3.831461526715429500e-06 1.839690589904785156e+01 1.017114043235778809e+00 1.453287353515625000e+03
1.720000000000000000e+03 3.880428721458883956e-06 1.839689445495605469e+01 3.880428721458883956e-06 1.839689445495605469e+01 1.017116189002990723e+00 1.453293823242187500e+03
1.730000000000000000e+03 3.707670657604467124e-06 1.839690017700195312e+01 3.707670657604467124e-06 1.839690017700195312e+01 1.017115712165832520e+00 1.453292480468750000e+03
1.740000000000000000e+03 3.675145535453339107e-06 1.839689636230468750e+01 3.675145535453339107e-06 1.839689636230468750e+01 1.017116427421569824e+00 1.453294677734375000e+03
1.750000000000000000e+03 3.721632765518734232e-06 1.839690971374511719e+01 3.721632765518734232e-06 1.839690971374511719e+01 1.017116189002990723e+00 1.453294067382812500e+03
1.760000000000000000e+03 3.508181407596566714e-06 1.839690017700195312e+01 3.508181407596566714e-06 1.839690017700195312e+01 1.017117381095886230e+00 1.453297241210937500e+03
1.770000000000000000e+03 3.465631152721471153e-06 1.839690208435058594e+01 3.465631152721471153e-06 1.839690208435058594e+01 1.017117619514465332e+00 1.453297851562500000e+03
1.780000000000000000e+03 3.383402372492128052e-06 1.839690971374511719e+01 3.383402372492128052e-06 1.839690971374511719e+01 1.017117857933044434e+00 1.453298828125000000e+03
1.790000000000000000e+03 3.326588966956478544e-06 1.839689636230468750e+01 3.326588966956478544e-06 1.839689636230468750e+01 1.017119050025939941e+00 1.453302124023437500e+03
1.800000000000000000e+03 3.267582997068529949e-06 1.839689445495605469e+01 3.267582997068529949e-06 1.839689445495605469e+01 1.017119288444519043e+00 1.453302612304687500e+03
1.810000000000000000e+03 3.214529442630009726e-06 1.839690017700195312e+01 3.214529442630009726e-06 1.839690017700195312e+01 1.017120122909545898e+00 1.453305053710937500e+03
1.820000000000000000e+03 3.157127366648637690e-06 1.839690399169921875e+01 3.157127366648637690e-06 1.839690399169921875e+01 1.017120957374572754e+00 1.453307617187500000e+03
1.830000000000000000e+03 3.146061771985841915e-06 1.839689254760742188e+01 3.146061771985841915e-06 1.839689254760742188e+01 1.017121911048889160e+00 1.453310180664062500e+03
1.840000000000000000e+03 3.054896069443202578e-06 1.839689445495605469e+01 3.054896069443202578e-06 1.839689445495605469e+01 1.017121315002441406e+00 1.453308593750000000e+03
1.850000000000000000e+03 3.003671508849947713e-06 1.839689445495605469e+01 3.003671508849947713e-06 1.839689445495605469e+01 1.017122030258178711e+00 1.453310424804687500e+03
1.860000000000000000e+03 3.128838670818367973e-06 1.839690017700195312e+01 3.128838670818367973e-06 1.839690017700195312e+01 1.017121434211730957e+00 1.453308959960937500e+03
1.870000000000000000e+03 2.918337713708751835e-06 1.839690971374511719e+01 2.918337713708751835e-06 1.839690971374511719e+01 1.017123579978942871e+00 1.453314941406250000e+03
1.880000000000000000e+03 2.903942004195414484e-06 1.839690399169921875e+01 2.903942004195414484e-06 1.839690399169921875e+01 1.017125248908996582e+00 1.453319824218750000e+03
1.890000000000000000e+03 2.805265467031858861e-06 1.839689636230468750e+01 2.805265467031858861e-06 1.839689636230468750e+01 1.017124652862548828e+00 1.453317871093750000e+03
1.900000000000000000e+03 2.761307314358418807e-06 1.839690399169921875e+01 2.761307314358418807e-06 1.839690399169921875e+01 1.017124652862548828e+00 1.453318115234375000e+03
1.910000000000000000e+03 2.917516894740401767e-06 1.839690399169921875e+01 2.917516894740401767e-06 1.839690399169921875e+01 1.017126083374023438e+00 1.453322143554687500e+03
1.920000000000000000e+03 2.665616193553432822e-06 1.839690208435058594e+01 2.665616193553432822e-06 1.839690208435058594e+01 1.017126441001892090e+00 1.453323242187500000e+03
1.930000000000000000e+03 2.815556854329770431e-06 1.839690208435058594e+01 2.815556854329770431e-06 1.839690208435058594e+01 1.017128348350524902e+00 1.453328491210937500e+03
1.940000000000000000e+03 2.858183506759814918e-06 1.839689826965332031e+01 2.858183506759814918e-06 1.839689826965332031e+01 1.017129421234130859e+00 1.453331542968750000e+03
1.950000000000000000e+03 2.541619778639869764e-06 1.839689636230468750e+01 2.541619778639869764e-06 1.839689636230468750e+01 1.017128109931945801e+00 1.453327758789062500e+03
1.960000000000000000e+03 2.519577947168727405e-06 1.839690971374511719e+01 2.519577947168727405e-06 1.839690971374511719e+01 1.017128467559814453e+00 1.453328857421875000e+03
1.970000000000000000e+03 2.456362608427298255e-06 1.839689254760742188e+01 2.456362608427298255e-06 1.839689254760742188e+01 1.017129182815551758e+00 1.453330810546875000e+03
1.980000000000000000e+03 2.645028871484100819e-06 1.839690017700195312e+01 2.645028871484100819e-06 1.839690017700195312e+01 1.017130613327026367e+00 1.453335327148437500e+03
1.990000000000000000e+03 2.421377530481549911e-06 1.839689636230468750e+01 2.421377530481549911e-06 1.839689636230468750e+01 1.017131209373474121e+00 1.453337036132812500e+03
2.000000000000000000e+03 2.367286697335657664e-06 1.839689826965332031e+01 2.367286697335657664e-06 1.839689826965332031e+01 1.017131090164184570e+00 1.453336669921875000e+03
2.010000000000000000e+03 2.369036110394517891e-06 1.839690780639648438e+01 2.369036110394517891e-06 1.839690780639648438e+01 1.017130255699157715e+00 1.453334106445312500e+03
2.020000000000000000e+03 2.281946535731549375e-06 1.839689636230468750e+01 2.281946535731549375e-06 1.839689636230468750e+01 1.017131328582763672e+00 1.453337036132812500e+03
2.030000000000000000e+03 2.241987431261804886e-06 1.839690208435058594e+01 2.241987431261804886e-06 1.839690208435058594e+01 1.017132401466369629e+00 1.453340209960937500e+03
2.040000000000000000e+03 2.189240831285133027e-06 1.839689254760742188e+01 2.189240831285133027e-06 1.839689254760742188e+01 1.017133474349975586e+00 1.453343261718750000e+03
2.050000000000000000e+03 2.177673877667984925e-06 1.839690017700195312e+01 2.177673877667984925e-06 1.839690017700195312e+01 1.017132639884948730e+00 1.453340942382812500e+03
2.060000000000000000e+03 2.134001078957226127e-06 1.839690017700195312e+01 2.134001078957226127e-06 1.839690017700195312e+01 1.017133474349975586e+00 1.453343383789062500e+03
2.070000000000000000e+03 2.088475184791604988e-06 1.839689826965332031e+01 2.088475184791604988e-06 1.839689826965332031e+01 1.017134547233581543e+00 1.453346313476562500e+03
2.080000000000000000e+03 2.160446911148028448e-06 1.839690208435058594e+01 2.160446911148028448e-06 1.839690208435058594e+01 1.017135500907897949e+00 1.453349121093750000e+03
2.090000000000000000e+03 2.213085281255189329e-06 1.839690589904785156e+01 2.213085281255189329e-06 1.839690589904785156e+01 1.017137169837951660e+00 1.453353881835937500e+03
2.100000000000000000e+03 1.995040520341717638e-06 1.839690017700195312e+01 1.995040520341717638e-06 1.839690017700195312e+01 1.017136812210083008e+00 1.453352661132812500e+03
2.110000000000000000e+03 2.499451056792167947e-06 1.839690399169921875e+01 2.499451056792167947e-06 1.839690399169921875e+01 1.017134547233581543e+00 1.453346313476562500e+03
2.120000000000000000e+03 2.421935505481087603e-06 1.839690208435058594e+01 2.421935505481087603e-06 1.839690208435058594e+01 1.017138481140136719e+00 1.453357543945312500e+03
2.130000000000000000e+03 2.674270490388153121e-06 1.839690971374511719e+01 2.674270490388153121e-06 1.839690971374511719e+01 1.017135500907897949e+00 1.453349121093750000e+03
2.140000000000000000e+03 1.873986320788390003e-06 1.839689636230468750e+01 1.873986320788390003e-06 1.839689636230468750e+01 1.017137885093688965e+00 1.453355834960937500e+03
2.150000000000000000e+03 1.959311930477269925e-06 1.839690017700195312e+01 1.959311930477269925e-06 1.839690017700195312e+01 1.017138957977294922e+00 1.453358886718750000e+03
2.160000000000000000e+03 1.842235178628470749e-06 1.839690399169921875e+01 1.842235178628470749e-06 1.839690399169921875e+01 1.017138481140136719e+00 1.453357543945312500e+03
2.170000000000000000e+03 2.155340098397573456e-06 1.839690017700195312e+01 2.155340098397573456e-06 1.839690017700195312e+01 1.017140984535217285e+00 1.453364868164062500e+03
2.180000000000000000e+03 2.365502496104454622e-06 1.839690780639648438e+01 2.365502496104454622e-06 1.839690780639648438e+01 1.017138004302978516e+00 1.453356323242187500e+03
2.190000000000000000e+03 2.314332732566981576e-06 1.839689826965332031e+01 2.314332732566981576e-06 1.839689826965332031e+01 1.017141222953796387e+00 1.453365356445312500e+03
2.200000000000000000e+03 2.129037056874949485e-06 1.839689826965332031e+01 2.129037056874949485e-06 1.839689826965332031e+01 1.017138719558715820e+00 1.453358276367187500e+03
2.210000000000000000e+03 2.844078835551044904e-06 1.839691352844238281e+01 2.844078835551044904e-06 1.839691352844238281e+01 1.017138004302978516e+00 1.453356323242187500e+03
2.220000000000000000e+03 2.259944494653609581e-06 1.839689826965332031e+01 2.259944494653609581e-06 1.839689826965332031e+01 1.017142295837402344e+00 1.453368652343750000e+03
2.230000000000000000e+03 2.021968612098135054e-06 1.839690208435058594e+01 2.021968612098135054e-06 1.839690208435058594e+01 1.017139077186584473e+00 1.453359008789062500e+03
2.240000000000000000e+03 2.135060412911116146e-06 1.839689636230468750e+01 2.135060412911116146e-06 1.839689636230468750e+01 1.017142534255981445e+00 1.453369018554687500e+03
2.250000000000000000e+03 2.062745807052124292e-06 1.839689826965332031e+01 2.062745807052124292e-06 1.839689826965332031e+01 1.017142534255981445e+00 1.453369262695312500e+03
2.260000000000000000e+03 2.197061121478327550e-06 1.839690208435058594e+01 2.197061121478327550e-06 1.839690208435058594e+01 1.017142534255981445e+00 1.453369018554687500e+03
2.270000000000000000e+03 1.995824277400970459e-06 1.839690399169921875e+01 1.995824277400970459e-06 1.839690399169921875e+01 1.017142891883850098e+00 1.453370117187500000e+03
2.280000000000000000e+03 1.535460683044220787e-06 1.839690017700195312e+01 1.535460683044220787e-06 1.839690017700195312e+01 1.017142891883850098e+00 1.453370117187500000e+03
2.290000000000000000e+03 1.540200855743023567e-06 1.839689826965332031e+01 1.540200855743023567e-06 1.839689826965332031e+01 1.017143130302429199e+00 1.453371093750000000e+03
2.300000000000000000e+03 3.862403900711797178e-06 1.839690399169921875e+01 3.862403900711797178e-06 1.839690399169921875e+01 1.017147779464721680e+00 1.453383789062500000e+03
2.310000000000000000e+03 3.215203605577698909e-06 1.839690017700195312e+01 3.215203605577698909e-06 1.839690017700195312e+01 1.017139911651611328e+00 1.453361938476562500e+03
2.320000000000000000e+03 1.494460434514621738e-06 1.839690971374511719e+01 1.494460434514621738e-06 1.839690971374511719e+01 1.017143368721008301e+00 1.453371459960937500e+03
2.330000000000000000e+03 2.230312702522496693e-06 1.839689445495605469e+01 2.230312702522496693e-06 1.839689445495605469e+01 1.017143368721008301e+00 1.453371582031250000e+03
2.340000000000000000e+03 3.468667728157015517e-06 1.839690780639648438e+01 3.468667728157015517e-06 1.839690780639648438e+01 1.017139673233032227e+00 1.453360961914062500e+03
2.350000000000000000e+03 2.625827846713946201e-06 1.839689826965332031e+01 2.625827846713946201e-06 1.839689826965332031e+01 1.017144918441772461e+00 1.453376098632812500e+03
2.360000000000000000e+03 6.996074262133333832e-06 1.839691162109375000e+01 6.996074262133333832e-06 1.839691162109375000e+01 1.017139315605163574e+00 1.453359863281250000e+03
2.370000000000000000e+03 5.069813596492167562e-06 1.839690780639648438e+01 5.069813596492167562e-06 1.839690780639648438e+01 1.017132282257080078e+00 1.453339843750000000e+03
2.380000000000000000e+03 1.886268819362157956e-06 1.839690780639648438e+01 1.886268819362157956e-06 1.839690780639648438e+01 1.017139792442321777e+00 1.453361206054687500e+03
2.390000000000000000e+03 5.941191830061143264e-06 1.839690589904785156e+01 5.941191830061143264e-06 1.839690589904785156e+01 1.017135381698608398e+00 1.453348754882812500e+03
2.400000000000000000e+03 1.191434330394258723e-05 1.839691352844238281e+01 1.191434330394258723e-05 1.839691352844238281e+01 1.017126321792602539e+00 1.453322753906250000e+03
2.410000000000000000e+03 1.337908429377421271e-06 1.839689254760742188e+01 1.337908429377421271e-06 1.839689254760742188e+01 1.017133712768554688e+00 1.453343872070312500e+03
2.420000000000000000e+03 2.225116077170241624e-05 1.839690017700195312e+01 2.225116077170241624e-05 1.839690017700195312e+01 1.017125368118286133e+00 1.453319946289062500e+03
2.430000000000000000e+03 8.147562039084732533e-05 1.839690399169921875e+01 8.147562039084732533e-05 1.839690399169921875e+01 1.016985177993774414e+00 1.452919433593750000e+03
2.440000000000000000e+03 6.220376963028684258e-05 1.839689254760742188e+01 6.220376963028684258e-05 1.839689254760742188e+01 1.017019629478454590e+00 1.453018066406250000e+03
2.450000000000000000e+03 3.337277303216978908e-05 1.839691352844238281e+01 3.337277303216978908e-05 1.839691352844238281e+01 1.017014503479003906e+00 1.453002929687500000e+03
2.460000000000000000e+03 2.489162034180480987e-05 1.839690780639648438e+01 2.489162034180480987e-05 1.839690780639648438e+01 1.017026185989379883e+00 1.453036743164062500e+03
2.470000000000000000e+03 6.890948498039506376e-06 1.839689826965332031e+01 6.890948498039506376e-06 1.839689826965332031e+01 1.017046451568603516e+00 1.453094482421875000e+03
2.480000000000000000e+03 1.233935836353339255e-05 1.839690017700195312e+01 1.233935836353339255e-05 1.839690017700195312e+01 1.017038822174072266e+00 1.453072631835937500e+03
2.490000000000000000e+03 1.387980046274606138e-05 1.839689826965332031e+01 1.387980046274606138e-05 1.839689826965332031e+01 1.017033934593200684e+00 1.453058959960937500e+03
2.500000000000000000e+03 8.651686948724091053e-05 1.839690780639648438e+01 8.651686948724091053e-05 1.839690780639648438e+01 1.016990780830383301e+00 1.452935424804687500e+03
2.510000000000000000e+03 2.879806743294466287e-05 1.839690399169921875e+01 2.879806743294466287e-05 1.839690399169921875e+01 1.017019152641296387e+00 1.453016479492187500e+03
2.520000000000000000e+03 3.078619101870572194e-06 1.839690971374511719e+01 3.078619101870572194e-06 1.839690971374511719e+01 1.016965508460998535e+00 1.452863403320312500e+03
2.530000000000000000e+03 7.151131285354495049e-05 1.839690780639648438e+01 7.151131285354495049e-05 1.839690780639648438e+01 1.016937375068664551e+00 1.452782592773437500e+03
2.540000000000000000e+03 5.416109706857241690e-05 1.839690208435058594e+01 5.416109706857241690e-05 1.839690208435058594e+01 1.016983270645141602e+00 1.452913940429687500e+03
2.550000000000000000e+03 1.261499255633680150e-05 1.839690589904785156e+01 1.261499255633680150e-05 1.839690589904785156e+01 1.016950964927673340e+00 1.452821899414062500e+03
2.560000000000000000e+03 2.343315100006293505e-05 1.839691352844238281e+01 2.343315100006293505e-05 1.839691352844238281e+01 1.016938924789428711e+00 1.452787475585937500e+03
2.570000000000000000e+03 6.810668855905532837e-05 1.839690399169921875e+01 6.810668855905532837e-05 1.839690399169921875e+01 1.016975402832031250e+00 1.452891479492187500e+03
2.580000000000000000e+03 6.377910904120653868e-05 1.839690017700195312e+01 6.377910904120653868e-05 1.839690017700195312e+01 1.016876578330993652e+00 1.452609375000000000e+03
2.590000000000000000e+03 3.325698344269767404e-05 1.839691162109375000e+01 3.325698344269767404e-05 1.839691162109375000e+01 1.016872525215148926e+00 1.452597534179687500e+03
2.600000000000000000e+03 1.578878618602175266e-05 1.839690399169921875e+01 1.578878618602175266e-05 1.839690399169921875e+01 1.016885876655578613e+00 1.452635986328125000e+03
2.610000000000000000e+03 6.888405096105998382e-06 1.839690589904785156e+01 6.888405096105998382e-06 1.839690589904785156e+01 1.016906976699829102e+00 1.452696044921875000e+03
2.620000000000000000e+03 8.246589277405291796e-05 1.839689826965332031e+01 8.246589277405291796e-05 1.839689826965332031e+01 1.016869068145751953e+00 1.452587524414062500e+03
2.630000000000000000e+03 1.158210798166692257e-04 1.839689636230468750e+01 1.158210798166692257e-04 1.839689636230468750e+01 1.016839981079101562e+00 1.452504394531250000e+03
2.640000000000000000e+03 4.386786167742684484e-05 1.839691162109375000e+01 4.386786167742684484e-05 1.839691162109375000e+01 1.016853332519531250e+00 1.452542968750000000e+03
2.650000000000000000e+03 3.698151658682036214e-06 1.839690399169921875e+01 3.698151658682036214e-06 1.839690399169921875e+01 1.016842007637023926e+00 1.452510253906250000e+03
2.660000000000000000e+03 4.278878623154014349e-05 1.839690589904785156e+01 4.278878623154014349e-05 1.839690589904785156e+01 1.016833424568176270e+00 1.452485839843750000e+03
2.670000000000000000e+03 1.702263602965103928e-06 1.839690589904785156e+01 1.702263602965103928e-06 1.839690589904785156e+01 1.016842961311340332e+00 1.452513183593750000e+03
2.680000000000000000e+03 2.169895196857396513e-06 1.839690780639648438e+01 2.169895196857396513e-06 1.839690780639648438e+01 1.016847252845764160e+00 1.452525634765625000e+03
2.690000000000000000e+03 1.786356006050482392e-04 1.839690780639648438e+01 1.786356006050482392e-04 1.839690780639648438e+01 1.016835570335388184e+00 1.452492065429687500e+03
2.700000000000000000e+03 1.692060177447274327e-04 1.839690017700195312e+01 1.692060177447274327e-04 1.839690017700195312e+01 1.016748070716857910e+00 1.452242065429687500e+03
2.710000000000000000e+03 4.479043491301126778e-05 1.839689636230468750e+01 4.479043491301126778e-05 1.839689636230468750e+01 1.016747355461120605e+00 1.452240234375000000e+03
2.720000000000000000e+03 2.973025220853742212e-05 1.839690780639648438e+01 2.973025220853742212e-05 1.839690780639648438e+01 1.016730427742004395e+00 1.452191528320312500e+03
2.730000000000000000e+03 7.277371878444682807e-06 1.839690589904785156e+01 7.277371878444682807e-06 1.839690589904785156e+01 1.016770720481872559e+00 1.452307006835937500e+03
2.740000000000000000e+03 2.933873247457086109e-06 1.839691352844238281e+01 2.933873247457086109e-06 1.839691352844238281e+01 1.016769170761108398e+00 1.452302246093750000e+03
2.750000000000000000e+03 2.185880930483108386e-06 1.839689826965332031e+01 2.185880930483108386e-06 1.839689826965332031e+01 1.016774058341979980e+00 1.452316406250000000e+03
2.760000000000000000e+03 4.112465103389695287e-05 1.839690208435058594e+01 4.112465103389695287e-05 1.839690208435058594e+01 1.016780614852905273e+00 1.452334838867187500e+03
2.770000000000000000e+03 3.536807344062253833e-05 1.839690399169921875e+01 3.536807344062253833e-05 1.839690399169921875e+01 1.016651868820190430e+00 1.451967163085937500e+03
2.780000000000000000e+03 4.867139068664982915e-05 1.839690399169921875e+01 4.867139068664982915e-05 1.839690399169921875e+01 1.016654968261718750e+00 1.451975952148437500e+03
2.790000000000000000e+03 5.321641219779849052e-05 1.839690589904785156e+01 5.321641219779849052e-05 1.839690589904785156e+01 1.016672968864440918e+00 1.452027587890625000e+03
2.800000000000000000e+03 3.292244946351274848e-05 1.839689445495605469e+01 3.292244946351274848e-05 1.839689445495605469e+01 1.016699075698852539e+00 1.452102050781250000e+03
2.810000000000000000e+03 5.106551725475583225e-06 1.839690208435058594e+01 5.106551725475583225e-06 1.839690208435058594e+01 1.016654372215270996e+00 1.451974121093750000e+03
2.820000000000000000e+03 9.240501640306320041e-06 1.839690589904785156e+01 9.240501640306320041e-06 1.839690589904785156e+01 1.016624450683593750e+00 1.451888671875000000e+03
2.830000000000000000e+03 3.932564140995964408e-05 1.839690399169921875e+01 3.932564140995964408e-05 1.839690399169921875e+01 1.016640067100524902e+00 1.451933715820312500e+03
2.840000000000000000e+03 3.787157402257435024e-05 1.839690589904785156e+01 3.787157402257435024e-05 1.839690589904785156e+01 1.016640543937683105e+00 1.451934570312500000e+03
2.850000000000000000e+03 1.493776744609931484e-05 1.839689826965332031e+01 1.493776744609931484e-05 1.839689826965332031e+01 1.016650557518005371e+00 1.451963378906250000e+03
2.860000000000000000e+03 1.172493921330897138e-05 1.839691352844238281e+01 1.172493921330897138e-05 1.839691352844238281e+01 1.016626238822937012e+00 1.451894042968750000e+03
2.870000000000000000e+03 5.728907854063436389e-05 1.839691162109375000e+01 5.728907854063436389e-05 1.839691162109375000e+01 1.016622185707092285e+00 1.451882812500000000e+03
2.880000000000000000e+03 4.293758593121310696e-06 1.839691162109375000e+01 4.293758593121310696e-06 1.839691162109375000e+01 1.016619801521301270e+00 1.451875488281250000e+03
2.890000000000000000e+03 6.275824853219091892e-05 1.839690208435058594e+01 6.275824853219091892e-05 1.839690208435058594e+01 1.016559243202209473e+00 1.451702636718750000e+03
2.900000000000000000e+03 1.161361215054057539e-04 1.839691162109375000e+01 1.161361215054057539e-04 1.839691162109375000e+01 1.016513347625732422e+00 1.451571411132812500e+03
2.910000000000000000e+03 2.928157528003794141e-06 1.839689826965332031e+01 2.928157528003794141e-06 1.839689826965332031e+01 1.016544342041015625e+00 1.451660156250000000e+03
2.920000000000000000e+03 1.223653453052975237e-05 1.839691925048828125e+01 1.223653453052975237e-05 1.839691925048828125e+01 1.016544342041015625e+00 1.451660156250000000e+03
2.930000000000000000e+03 6.832843610027339309e-06 1.839690780639648438e+01 6.832843610027339309e-06 1.839690780639648438e+01 1.016530632972717285e+00 1.451621093750000000e+03
2.940000000000000000e+03 5.763558510807342827e-05 1.839690780639648438e+01 5.763558510807342827e-05 1.839690780639648438e+01 1.016521096229553223e+00 1.451593750000000000e+03
2.950000000000000000e+03 2.722031422308646142e-05 1.839689826965332031e+01 2.722031422308646142e-05 1.839689826965332031e+01 1.016546130180358887e+00 1.451665161132812500e+03
2.960000000000000000e+03 9.595323717803694308e-06 1.839691162109375000e+01 9.595323717803694308e-06 1.839691162109375000e+01 1.016530513763427734e+00 1.451620361328125000e+03
2.970000000000000000e+03 2.636210956552531570e-05 1.839690589904785156e+01 2.636210956552531570e-05 1.839690589904785156e+01 1.016476154327392578e+00 1.451465576171875000e+03
2.980000000000000000e+03 1.070671496563591063e-04 1.839690208435058594e+01 1.070671496563591063e-04 1.839690208435058594e+01 1.016467094421386719e+00 1.451439575195312500e+03
2.990000000000000000e+03 7.825338252587243915e-05 1.839690017700195312e+01 7.825338252587243915e-05 1.839690017700195312e+01 1.016456127166748047e+00 1.451408203125000000e+03
3.000000000000000000e+03 4.161733158980496228e-05 1.839689445495605469e+01 4.161733158980496228e-05 1.839689445495605469e+01 1.016475558280944824e+00 1.451463745117187500e+03
3.010000000000000000e+03 2.095867057505529374e-05 1.839690399169921875e+01 2.095867057505529374e-05 1.839690399169921875e+01 1.016465425491333008e+00 1.451434692382812500e+03
3.020000000000000000e+03 2.876404323615133762e-06 1.839690208435058594e+01 2.876404323615133762e-06 1.839690208435058594e+01 1.016478657722473145e+00 1.451472290039062500e+03
3.030000000000000000e+03 6.202074291650205851e-05 1.839689826965332031e+01 6.202074291650205851e-05 1.839689826965332031e+01 1.016470670700073242e+00 1.451449707031250000e+03
3.040000000000000000e+03 2.126680556102655828e-05 1.839690780639648438e+01 2.126680556102655828e-05 1.839690780639648438e+01 1.016440391540527344e+00 1.451363159179687500e+03
3.050000000000000000e+03 4.922854714095592499e-06 1.839691162109375000e+01 4.922854714095592499e-06 1.839691162109375000e+01 1.016411900520324707e+00 1.451281616210937500e+03
3.060000000000000000e+03 1.224894276674604043e-05 1.839691162109375000e+01 1.224894276674604043e-05 1.839691162109375000e+01 1.016388416290283203e+00 1.451214843750000000e+03
3.070000000000000000e+03 3.803850268013775349e-05 1.839691925048828125e+01 3.803850268013775349e-05 1.839691925048828125e+01 1.016393423080444336e+00 1.451229125976562500e+03
3.080000000000000000e+03 3.878634743159636855e-05 1.839690208435058594e+01 3.878634743159636855e-05 1.839690208435058594e+01 1.016430974006652832e+00 1.451336303710937500e+03
3.090000000000000000e+03 2.018686973315197974e-05 1.839689636230468750e+01 2.018686973315197974e-05 1.839689636230468750e+01 1.016402482986450195e+00 1.451255004882812500e+03
3.100000000000000000e+03 6.166947969177272171e-06 1.839690971374511719e+01 6.166947969177272171e-06 1.839690971374511719e+01 1.016357898712158203e+00 1.451127685546875000e+03
3.110000000000000000e+03 5.436521860247012228e-06 1.839691352844238281e+01 5.436521860247012228e-06 1.839691352844238281e+01 1.016332507133483887e+00 1.451055419921875000e+03
3.120000000000000000e+03 1.056722067005466670e-05 1.839690208435058594e+01 1.056722067005466670e-05 1.839690208435058594e+01 1.016337275505065918e+00 1.451068725585937500e+03
3.130000000000000000e+03 1.018279363051988184e-05 1.839690589904785156e+01 1.018279363051988184e-05 1.839690589904785156e+01 1.016369581222534180e+00 1.451161010742187500e+03
3.140000000000000000e+03 1.225494543177774176e-05 1.839689636230468750e+01 1.225494543177774176e-05 1.839689636230468750e+01 1.016378641128540039e+00 1.451187133789062500e+03
3.150000000000000000e+03 1.988118310691788793e-05 1.839689826965332031e+01 1.988118310691788793e-05 1.839689826965332031e+01 1.016346931457519531e+00 1.451096557617187500e+03
3.160000000000000000e+03 4.401765181683003902e-06 1.839690780639648438e+01 4.401765181683003902e-06 1.839690780639648438e+01 1.016364097595214844e+00 1.451145507812500000e+03
3.170000000000000000e+03 1.044781456585042179e-04 1.839691352844238281e+01 1.044781456585042179e-04 1.839691352844238281e+01 1.016327977180480957e+00 1.451042236328125000e+03
3.180000000000000000e+03 5.594858157564885914e-05 1.839690589904785156e+01 5.594858157564885914e-05 1.839690589904785156e+01 1.016345143318176270e+00 1.451091430664062500e+03
3.190000000000000000e+03 9.248503192793577909e-05 1.839690017700195312e+01 9.248503192793577909e-05 1.839690017700195312e+01 1.016290783882141113e+00 1.450936157226562500e+03
3.200000000000000000e+03 8.838097710395231843e-05 1.839689445495605469e+01 8.838097710395231843e-05 1.839689445495605469e+01 1.016260862350463867e+00 1.450850463867187500e+03
3.210000000000000000e+03 3.049574661417864263e-05 1.839690780639648438e+01 3.049574661417864263e-05 1.839690780639648438e+01 1.016268372535705566e+00 1.450872070312500000e+03
3.220000000000000000e+03 3.267284773755818605e-05 1.839689826965332031e+01 3.267284773755818605e-05 1.839689826965332031e+01 1.016283035278320312e+00 1.450913940429687500e+03
3.230000000000000000e+03 1.507631804997799918e-05 1.839689445495605469e+01 1.507631804997799918e-05 1.839689445495605469e+01 1.016290545463562012e+00 1.450935180664062500e+03
3.240000000000000000e+03 4.247209290042519569e-06 1.839690780639648438e+01 4.247209290042519569e-06 1.839690780639648438e+01 1.016269087791442871e+00 1.450873901367187500e+03
3.250000000000000000e+03 4.207729580230079591e-05 1.839691352844238281e+01 4.207729580230079591e-05 1.839691352844238281e+01 1.016265034675598145e+00 1.450862548828125000e+03
3.260000000000000000e+03 1.227655320690246299e-05 1.839689636230468750e+01 1.227655320690246299e-05 1.839689636230468750e+01 1.016271829605102539e+00 1.450882202148437500e+03
3.270000000000000000e+03 4.388008528621867299e-05 1.839690971374511719e+01 4.388008528621867299e-05 1.839690971374511719e+01 1.016257047653198242e+00 1.450839843750000000e+03
3.280000000000000000e+03 1.435439344277256168e-06 1.839690399169921875e+01 1.435439344277256168e-06 1.839690399169921875e+01 1.016248226165771484e+00 1.450814453125000000e+03
3.290000000000000000e+03 3.489097798592410982e-05 1.839690589904785156e+01 3.489097798592410982e-05 1.839690589904785156e+01 1.016251683235168457e+00 1.450824096679687500e+03
3.300000000000000000e+03 2.699938022487913258e-06 1.839690971374511719e+01 2.699938022487913258e-06 1.839690971374511719e+01 1.016252994537353516e+00 1.450828125000000000e+03
3.310000000000000000e+03 1.164304703706875443e-04 1.839690971374511719e+01 1.164304703706875443e-04 1.839690971374511719e+01 1.016229391098022461e+00 1.450760864257812500e+03
3.320000000000000000e+03 8.780806820141151547e-05 1.839690208435058594e+01 8.780806820141151547e-05 1.839690208435058594e+01 1.016220450401306152e+00 1.450735229492187500e+03
3.330000000000000000e+03 9.924517507897689939e-05 1.839691352844238281e+01 9.924517507897689939e-05 1.839691352844238281e+01 1.016191601753234863e+00 1.450652954101562500e+03
3.340000000000000000e+03 8.415219781454652548e-05 1.839690017700195312e+01 8.415219781454652548e-05 1.839690017700195312e+01 1.016167879104614258e+00 1.450585083007812500e+03
3.350000000000000000e+03 2.559405220381449908e-05 1.839690780639648438e+01 2.559405220381449908e-05 1.839690780639648438e+01 1.016175031661987305e+00 1.450605346679687500e+03
3.360000000000000000e+03 1.388667624269146472e-05 1.839690208435058594e+01 1.388667624269146472e-05 1.839690208435058594e+01 1.016189098358154297e+00 1.450645874023437500e+03
3.370000000000000000e+03 1.625413824513088912e-05 1.839690208435058594e+01 1.625413824513088912e-05 1.839690208435058594e+01 1.016182184219360352e+00 1.450625976562500000e+03
3.380000000000000000e+03 1.779428771442326251e-06 1.839690399169921875e+01 1.779428771442326251e-06 1.839690399169921875e+01 1.016192793846130371e+00 1.450656250000000000e+03
3.390000000000000000e+03 2.539131492085289210e-05 1.839690208435058594e+01 2.539131492085289210e-05 1.839690208435058594e+01 1.016196489334106445e+00 1.450666748046875000e+03
3.400000000000000000e+03 5.819419129693415016e-06 1.839689445495605469e+01 5.819419129693415016e-06 1.839689445495605469e+01 1.016139745712280273e+00 1.450504638671875000e+03
3.410000000000000000e+03 3.811287388089112937e-05 1.839690017700195312e+01 3.811287388089112937e-05 1.839690017700195312e+01 1.016125082969665527e+00 1.450462768554687500e+03
3.420000000000000000e+03 6.915856647538021207e-05 1.839689636230468750e+01 6.915856647538021207e-05 1.839689636230468750e+01 1.016112446784973145e+00 1.450427001953125000e+03
3.430000000000000000e+03 1.229827030329033732e-04 1.839690399169921875e+01 1.229827030329033732e-04 1.839690399169921875e+01 1.016106605529785156e+00 1.450410156250000000e+03
3.440000000000000000e+03 6.044131441740319133e-05 1.839689445495605469e+01 6.044131441740319133e-05 1.839689445495605469e+01 1.016091346740722656e+00 1.450366577148437500e+03
3.450000000000000000e+03 7.425674539263127372e-06 1.839691352844238281e+01 7.425674539263127372e-06 1.839691352844238281e+01 1.016112804412841797e+00 1.450427612304687500e+03
3.460000000000000000e+03 6.513606876978883520e-06 1.839690399169921875e+01 6.513606876978883520e-06 1.839690399169921875e+01 1.016129136085510254e+00 1.450474609375000000e+03
3.470000000000000000e+03 7.375109362328657880e-06 1.839690399169921875e+01 7.375109362328657880e-06 1.839690399169921875e+01 1.016131877899169922e+00 1.450482543945312500e+03
3.480000000000000000e+03 2.571954246377572417e-05 1.839690780639648438e+01 2.571954246377572417e-05 1.839690780639648438e+01 1.016119837760925293e+00 1.450447998046875000e+03
3.490000000000000000e+03 5.606922513834433630e-06 1.839690971374511719e+01 5.606922513834433630e-06 1.839690971374511719e+01 1.016113519668579102e+00 1.450430175781250000e+03
3.500000000000000000e+03 6.817311259510461241e-06 1.839690780639648438e+01 6.817311259510461241e-06 1.839690780639648438e+01 1.016126632690429688e+00 1.450467163085937500e+03
3.510000000000000000e+03 9.403063450008630753e-05 1.839689254760742188e+01 9.403063450008630753e-05 1.839689254760742188e+01 1.016089797019958496e+00 1.450362182617187500e+03
3.520000000000000000e+03 5.302954014041461051e-05 1.839691162109375000e+01 5.302954014041461051e-05 1.839691162109375000e+01 1.016096115112304688e+00 1.450380371093750000e+03
3.530000000000000000e+03 3.668065983220003545e-05 1.839690208435058594e+01 3.668065983220003545e-05 1.839690208435058594e+01 1.016086101531982422e+00 1.450351806640625000e+03
3.540000000000000000e+03 8.150741632562130690e-05 1.839690589904785156e+01 8.150741632562130690e-05 1.839690589904785156e+01 1.016054868698120117e+00 1.450262695312500000e+03
3.550000000000000000e+03 1.019803239614702761e-04 1.839690780639648438e+01 1.019803239614702761e-04 1.839690780639648438e+01 1.016043305397033691e+00 1.450229492187500000e+03
3.560000000000000000e+03 2.592218697827775031e-05 1.839689826965332031e+01 2.592218697827775031e-05 1.839689826965332031e+01 1.016044735908508301e+00 1.450233520507812500e+03
3.570000000000000000e+03 1.884600897028576583e-05 1.839689826965332031e+01 1.884600897028576583e-05 1.839689826965332031e+01 1.016056537628173828e+00 1.450267456054687500e+03
3.580000000000000000e+03 6.332046723400708288e-06 1.839690780639648438e+01 6.332046723400708288e-06 1.839690780639648438e+01 1.016060829162597656e+00 1.450279418945312500e+03
3.590000000000000000e+03 2.159982841476448812e-06 1.839690971374511719e+01 2.159982841476448812e-06 1.839690971374511719e+01 1.016072750091552734e+00 1.450313842773437500e+03
3.600000000000000000e+03 1.643897917347203474e-06 1.839690399169921875e+01 1.643897917347203474e-06 1.839690399169921875e+01 1.016075730323791504e+00 1.450322143554687500e+03
3.610000000000000000e+03 9.158079024018661585e-07 1.839690589904785156e+01 9.158079024018661585e-07 1.839690589904785156e+01 1.016080498695373535e+00 1.450335815429687500e+03
3.620000000000000000e+03 8.906113180273678154e-06 1.839691352844238281e+01 8.906113180273678154e-06 1.839691352844238281e+01 1.016084432601928711e+00 1.450346679687500000e+03
3.630000000000000000e+03 1.488779380451887846e-04 1.839690971374511719e+01 1.488779380451887846e-04 1.839690971374511719e+01 1.015925765037536621e+00 1.449894042968750000e+03
3.640000000000000000e+03 1.629498729016631842e-05 1.839690971374511719e+01 1.629498729016631842e-05 1.839690971374511719e+01 1.015943288803100586e+00 1.449944091796875000e+03
3.650000000000000000e+03 3.582621502573601902e-05 1.839690589904785156e+01 3.582621502573601902e-05 1.839690589904785156e+01 1.015992522239685059e+00 1.450084350585937500e+03
3.660000000000000000e+03 2.952796603494789451e-05 1.839690017700195312e+01 2.952796603494789451e-05 1.839690017700195312e+01 1.016003966331481934e+00 1.450117309570312500e+03
3.670000000000000000e+03 2.627386129461228848e-05 1.839690017700195312e+01 2.627386129461228848e-05 1.839690017700195312e+01 1.016018509864807129e+00 1.450158691406250000e+03
3.680000000000000000e+03 1.121791319746989757e-05 1.839690017700195312e+01 1.121791319746989757e-05 1.839690017700195312e+01 1.016022562980651855e+00 1.450170410156250000e+03
3.690000000000000000e+03 1.097263407245918643e-06 1.839689636230468750e+01 1.097263407245918643e-06 1.839689636230468750e+01 1.016029834747314453e+00 1.450190917968750000e+03
3.700000000000000000e+03 2.010412572417408228e-06 1.839691162109375000e+01 2.010412572417408228e-06 1.839691162109375000e+01 1.016034722328186035e+00 1.450204956054687500e+03
3.710000000000000000e+03 1.892037630568665918e-06 1.839689826965332031e+01 1.892037630568665918e-06 1.839689826965332031e+01 1.016035676002502441e+00 1.450207763671875000e+03
3.720000000000000000e+03 2.009029958571773022e-05 1.839690017700195312e+01 2.009029958571773022e-05 1.839690017700195312e+01 1.016035079956054688e+00 1.450205932617187500e+03
3.730000000000000000e+03 3.518444282235577703e-05 1.839689445495605469e+01 3.518444282235577703e-05 1.839689445495605469e+01 1.015947818756103516e+00 1.449957153320312500e+03
3.740000000000000000e+03 2.988511914736591280e-05 1.839689636230468750e+01 2.988511914736591280e-05 1.839689636230468750e+01 1.015968084335327148e+00 1.450014648437500000e+03
3.750000000000000000e+03 6.265550473472103477e-05 1.839690208435058594e+01 6.265550473472103477e-05 1.839690208435058594e+01 1.015937328338623047e+00 1.449927124023437500e+03
3.760000000000000000e+03 6.490534724434837699e-05 1.839690208435058594e+01 6.490534724434837699e-05 1.839690208435058594e+01 1.015943884849548340e+00 1.449945434570312500e+03
3.770000000000000000e+03 9.357660928799305111e-06 1.839690780639648438e+01 9.357660928799305111e-06 1.839690780639648438e+01 1.015918850898742676e+00 1.449874267578125000e+03
3.780000000000000000e+03 5.822574621561216190e-06 1.839690780639648438e+01 5.822574621561216190e-06 1.839690780639648438e+01 1.015938758850097656e+00 1.449930786132812500e+03
3.790000000000000000e+03 2.387844233453506604e-06 1.839690780639648438e+01 2.387844233453506604e-06 1.839690780639648438e+01 1.015963792800903320e+00 1.450002807617187500e+03
3.800000000000000000e+03 2.051700448646442965e-06 1.839691162109375000e+01 2.051700448646442965e-06 1.839691162109375000e+01 1.015967607498168945e+00 1.450013427734375000e+03
3.810000000000000000e+03 7.210439889604458585e-06 1.839690208435058594e+01 7.210439889604458585e-06 1.839690208435058594e+01 1.015974402427673340e+00 1.450032714843750000e+03
3.820000000000000000e+03 2.135109525625011884e-06 1.839690208435058594e+01 2.135109525625011884e-06 1.839690208435058594e+01 1.015986204147338867e+00 1.450066528320312500e+03
3.830000000000000000e+03 1.257305029866984114e-05 1.839689445495605469e+01 1.257305029866984114e-05 1.839689445495605469e+01 1.015990734100341797e+00 1.450079223632812500e+03
3.840000000000000000e+03 6.524650962091982365e-05 1.839691925048828125e+01 6.524650962091982365e-05 1.839691925048828125e+01 1.015958070755004883e+00 1.449986206054687500e+03
3.850000000000000000e+03 2.873717312468215823e-05 1.839690780639648438e+01 2.873717312468215823e-05 1.839690780639648438e+01 1.015959262847900391e+00 1.449989746093750000e+03
3.860000000000000000e+03 7.537243618571665138e-06 1.839691162109375000e+01 7.537243618571665138e-06 1.839691162109375000e+01 1.015955090522766113e+00 1.449977783203125000e+03
3.870000000000000000e+03 1.074848205462330952e-05 1.839689826965332031e+01 1.074848205462330952e-05 1.839689826965332031e+01 1.015977859497070312e+00 1.450042236328125000e+03
3.880000000000000000e+03 5.634647823171690106e-05 1.839689826965332031e+01 5.634647823171690106e-05 1.839689826965332031e+01 1.015944957733154297e+00 1.449948730468750000e+03
3.890000000000000000e+03 2.529949415475130081e-05 1.839690971374511719e+01 2.529949415475130081e-05 1.839690971374511719e+01 1.015955448150634766e+00 1.449978759765625000e+03
3.900000000000000000e+03 1.029480426950613037e-05 1.839690208435058594e+01 1.029480426950613037e-05 1.839690208435058594e+01 1.015944957733154297e+00 1.449948974609375000e+03
3.910000000000000000e+03 3.172615379298804328e-06 1.839691352844238281e+01 3.172615379298804328e-06 1.839691352844238281e+01 1.015966176986694336e+00 1.450009521484375000e+03
3.920000000000000000e+03 1.434941950719803572e-04 1.839691352844238281e+01 1.434941950719803572e-04 1.839691352844238281e+01 1.015915989875793457e+00 1.449866210937500000e+03
3.930000000000000000e+03 9.146829688688740134e-05 1.839690208435058594e+01 9.146829688688740134e-05 1.839690208435058594e+01 1.015929698944091797e+00 1.449905273437500000e+03
3.940000000000000000e+03 9.106456855079159141e-05 1.839690780639648438e+01 9.106456855079159141e-05 1.839690780639648438e+01 1.015926718711853027e+00 1.449896728515625000e+03
3.950000000000000000e+03 1.107232237700372934e-04 1.839690017700195312e+01 1.107232237700372934e-04 1.839690017700195312e+01 1.015923142433166504e+00 1.449886352539062500e+03
3.960000000000000000e+03 9.482718451181426644e-05 1.839689445495605469e+01 9.482718451181426644e-05 1.839689445495605469e+01 1.015888929367065430e+00 1.449789184570312500e+03
3.970000000000000000e+03 4.997802898287773132e-05 1.839690017700195312e+01 4.997802898287773132e-05 1.839690017700195312e+01 1.015906691551208496e+00 1.449839599609375000e+03
3.980000000000000000e+03 1.483982850913889706e-05 1.839691352844238281e+01 1.483982850913889706e-05 1.839691352844238281e+01 1.015887141227722168e+00 1.449783691406250000e+03
3.990000000000000000e+03 2.523337570892181247e-06 1.839691352844238281e+01 2.523337570892181247e-06 1.839691352844238281e+01 1.015904307365417480e+00 1.449832763671875000e+03
4.000000000000000000e+03 1.273663087886234280e-06 1.839689636230468750e+01 1.273663087886234280e-06 1.839689636230468750e+01 1.015921473503112793e+00 1.449881713867187500e+03
4.010000000000000000e+03 2.140440301445778459e-06 1.839690780639648438e+01 2.140440301445778459e-06 1.839690780639648438e+01 1.015933275222778320e+00 1.449915527343750000e+03
4.020000000000000000e+03 7.033619112917222083e-06 1.839691162109375000e+01 7.033619112917222083e-06 1.839691162109375000e+01 1.015937089920043945e+00 1.449926147460937500e+03
4.030000000000000000e+03 2.319322902621934190e-06 1.839690017700195312e+01 2.319322902621934190e-06 1.839690017700195312e+01 1.015950322151184082e+00 1.449964111328125000e+03
4.040000000000000000e+03 1.673136694080312736e-06 1.839690399169921875e+01 1.673136694080312736e-06 1.839690399169921875e+01 1.015952706336975098e+00 1.449970947265625000e+03
4.050000000000000000e+03 2.004176712944172323e-05 1.839690017700195312e+01 2.004176712944172323e-05 1.839690017700195312e+01 1.015948653221130371e+00 1.449959228515625000e+03
4.060000000000000000e+03 2.997207775479182601e-05 1.839690399169921875e+01 2.997207775479182601e-05 1.839690399169921875e+01 1.015877127647399902e+00 1.449755249023437500e+03
4.070000000000000000e+03 2.062887142528779805e-05 1.839690589904785156e+01 2.062887142528779805e-05 1.839690589904785156e+01 1.015919327735900879e+00 1.449875610351562500e+03
4.080000000000000000e+03 4.043395165354013443e-05 1.839690971374511719e+01 4.043395165354013443e-05 1.839690971374511719e+01 1.015919446945190430e+00 1.449876220703125000e+03
4.090000000000000000e+03 1.158533791567606386e-06 1.839690399169921875e+01 1.158533791567606386e-06 1.839690399169921875e+01 1.015925168991088867e+00 1.449892333984375000e+03
4.100000000000000000e+03 4.920283754472620785e-05 1.839690017700195312e+01 4.920283754472620785e-05 1.839690017700195312e+01 1.015937685966491699e+00 1.449928100585937500e+03
4.110000000000000000e+03 1.474675059398578014e-06 1.839690399169921875e+01 1.474675059398578014e-06 1.839690399169921875e+01 1.015906810760498047e+00 1.449839843750000000e+03
4.120000000000000000e+03 2.481268165865913033e-05 1.839690208435058594e+01 2.481268165865913033e-05 1.839690208435058594e+01 1.015924096107482910e+00 1.449889282226562500e+03
4.130000000000000000e+03 8.205527137761237100e-07 1.839689826965332031e+01 8.205527137761237100e-07 1.839689826965332031e+01 1.015930652618408203e+00 1.449908081054687500e+03
4.140000000000000000e+03 1.608329148439224809e-05 1.839691162109375000e+01 1.608329148439224809e-05 1.839691162109375000e+01 1.015947699546813965e+00 1.449956542968750000e+03
4.150000000000000000e+03 7.316705887205898762e-05 1.839690780639648438e+01 7.316705887205898762e-05 1.839690780639648438e+01 1.015896439552307129e+00 1.449810424804687500e+03
4.160000000000000000e+03 3.087202640017494559e-05 1.839690971374511719e+01 3.087202640017494559e-05 1.839690971374511719e+01 1.015906214714050293e+00 1.449838378906250000e+03
4.170000000000000000e+03 1.763578984537161887e-05 1.839690399169921875e+01 1.763578984537161887e-05 1.839690399169921875e+01 1.015935182571411133e+00 1.449920654296875000e+03
4.180000000000000000e+03 1.949107900145463645e-05 1.839690589904785156e+01 1.949107900145463645e-05 1.839690589904785156e+01 1.015917181968688965e+00 1.449869628906250000e+03
4.190000000000000000e+03 1.613495442143175751e-05 1.839689445495605469e+01 1.613495442143175751e-05 1.839689445495605469e+01 1.015931248664855957e+00 1.449909423828125000e+03
4.200000000000000000e+03 7.629048195667564869e-05 1.839690589904785156e+01 7.629048195667564869e-05 1.839690589904785156e+01 1.015881896018981934e+00 1.449768676757812500e+03
4.210000000000000000e+03 3.210849536117166281e-05 1.839690780639648438e+01 3.210849536117166281e-05 1.839690780639648438e+01 1.015919923782348633e+00 1.449877441406250000e+03
4.220000000000000000e+03 2.529755693103652447e-05 1.839690399169921875e+01 2.529755693103652447e-05 1.839690399169921875e+01 1.015916228294372559e+00 1.449866943359375000e+03
4.230000000000000000e+03 7.074532277329126373e-06 1.839690589904785156e+01 7.074532277329126373e-06 1.839690589904785156e+01 1.015933156013488770e+00 1.449915039062500000e+03
4.240000000000000000e+03 1.091207741410471499e-04 1.839691162109375000e+01 1.091207741410471499e-04 1.839691162109375000e+01 1.015884041786193848e+00 1.449774780273437500e+03
4.250000000000000000e+03 4.030203854199498892e-05 1.839689445495605469e+01 4.030203854199498892e-05 1.839689445495605469e+01 1.015916705131530762e+00 1.449868286132812500e+03
4.260000000000000000e+03 1.105846786231268197e-05 1.839690399169921875e+01 1.105846786231268197e-05 1.839690399169921875e+01 1.015923023223876953e+00 1.449886352539062500e+03
4.270000000000000000e+03 1.063095351128140464e-05 1.839690589904785156e+01 1.063095351128140464e-05 1.839690589904785156e+01 1.015934586524963379e+00 1.449919311523437500e+03
4.280000000000000000e+03 6.781936099287122488e-05 1.839690589904785156e+01 6.781936099287122488e-05 1.839690589904785156e+01 1.015903234481811523e+00 1.449829956054687500e+03
4.290000000000000000e+03 5.296453309711068869e-06 1.839689445495605469e+01 5.296453309711068869e-06 1.839689445495605469e+01 1.015926003456115723e+00 1.449894531250000000e+03
4.300000000000000000e+03 1.349119265796616673e-04 1.839690971374511719e+01 1.349119265796616673e-04 1.839690971374511719e+01 1.015923738479614258e+00 1.449888183593750000e+03
4.310000000000000000e+03 3.307721635792404413e-05 1.839689826965332031e+01 3.307721635792404413e-05 1.839689826965332031e+01 1.015896320343017578e+00 1.449810058593750000e+03
4.320000000000000000e+03 3.363320956850657240e-06 1.839690399169921875e+01 3.363320956850657240e-06 1.839690399169921875e+01 1.015945553779602051e+00 1.449950683593750000e+03
4.330000000000000000e+03 2.653947376529686153e-06 1.839690589904785156e+01 2.653947376529686153e-06 1.839690589904785156e+01 1.015954256057739258e+00 1.449975219726562500e+03
4.340000000000000000e+03 5.634575791191309690e-05 1.839691162109375000e+01 5.634575791191309690e-05 1.839691162109375000e+01 1.015944004058837891e+00 1.449945922851562500e+03
4.350000000000000000e+03 1.434008117939811200e-05 1.839690399169921875e+01 1.434008117939811200e-05 1.839690399169921875e+01 1.015905499458312988e+00 1.449836425781250000e+03
4.360000000000000000e+03 6.318582018138840795e-05 1.839690208435058594e+01 6.318582018138840795e-05 1.839690208435058594e+01 1.015937566757202148e+00 1.449927734375000000e+03
4.370000000000000000e+03 1.271135033675818704e-06 1.839690017700195312e+01 1.271135033675818704e-06 1.839690017700195312e+01 1.015930771827697754e+00 1.449908569335937500e+03
4.380000000000000000e+03 3.194134842487983406e-05 1.839689636230468750e+01 3.194134842487983406e-05 1.839689636230468750e+01 1.015960097312927246e+00 1.449991943359375000e+03
4.390000000000000000e+03 3.622713484219275415e-05 1.839690589904785156e+01 3.622713484219275415e-05 1.839690589904785156e+01 1.015934467315673828e+00 1.449918701171875000e+03
4.400000000000000000e+03 3.282552643213421106e-05 1.839690208435058594e+01 3.282552643213421106e-05 1.839690208435058594e+01 1.015952110290527344e+00 1.449969238281250000e+03
4.410000000000000000e+03 7.814546552253887057e-05 1.839690208435058594e+01 7.814546552253887057e-05 1.839690208435058594e+01 1.015906691551208496e+00 1.449839599609375000e+03
4.420000000000000000e+03 5.914301436860114336e-05 1.839690780639648438e+01 5.914301436860114336e-05 1.839690780639648438e+01 1.015948772430419922e+00 1.449959594726562500e+03
4.430000000000000000e+03 1.812114351196214557e-05 1.839689445495605469e+01 1.812114351196214557e-05 1.839689445495605469e+01 1.015946030616760254e+00 1.449951660156250000e+03
4.440000000000000000e+03 1.290189993596868590e-05 1.839690017700195312e+01 1.290189993596868590e-05 1.839690017700195312e+01 1.015969872474670410e+00 1.450019653320312500e+03
4.450000000000000000e+03 8.524423174094408751e-05 1.839690780639648438e+01 8.524423174094408751e-05 1.839690780639648438e+01 1.015941858291625977e+00 1.449939941406250000e+03
4.460000000000000000e+03 1.052297761816589627e-06 1.839690208435058594e+01 1.052297761816589627e-06 1.839690208435058594e+01 1.015953063964843750e+00 1.449971557617187500e+03
4.470000000000000000e+03 1.012737993733026087e-04 1.839691925048828125e+01 1.012737993733026087e-04 1.839691925048828125e+01 1.015977382659912109e+00 1.450041259765625000e+03
4.480000000000000000e+03 7.031384029687615111e-06 1.839690780639648438e+01 7.031384029687615111e-06 1.839690780639648438e+01 1.015936017036437988e+00 1.449923217773437500e+03
4.490000000000000000e+03 8.673717820784077048e-05 1.839690589904785156e+01 8.673717820784077048e-05 1.839690589904785156e+01 1.015975594520568848e+00 1.450036010742187500e+03
4.500000000000000000e+03 1.767206185832037590e-06 1.839690589904785156e+01 1.767206185832037590e-06 1.839690589904785156e+01 1.015964746475219727e+00 1.450005126953125000e+03
4.510000000000000000e+03 4.667707617045380175e-05 1.839689636230468750e+01 4.667707617045380175e-05 1.839689636230468750e+01 1.015993595123291016e+00 1.450087280273437500e+03
4.520000000000000000e+03 2.289585972903296351e-05 1.839689826965332031e+01 2.289585972903296351e-05 1.839689826965332031e+01 1.015971064567565918e+00 1.450023315429687500e+03
4.530000000000000000e+03 6.432114219023787882e-07 1.839690780639648438e+01 6.432114219023787882e-07 1.839690780639648438e+01 1.016006946563720703e+00 1.450126098632812500e+03
4.540000000000000000e+03 2.995645627379417419e-05 1.839690017700195312e+01 2.995645627379417419e-05 1.839690017700195312e+01 1.016004920005798340e+00 1.450119750976562500e+03
4.550000000000000000e+03 3.094919375143945217e-04 1.839690589904785156e+01 3.094919375143945217e-04 1.839690589904785156e+01 1.015912771224975586e+00 1.449856933593750000e+03
4.560000000000000000e+03 1.184263019240461290e-04 1.839689636230468750e+01 1.184263019240461290e-04 1.839689636230468750e+01 1.016015887260437012e+00 1.450151245117187500e+03
4.570000000000000000e+03 2.262804173369659111e-06 1.839690399169921875e+01 2.262804173369659111e-06 1.839690399169921875e+01 1.015989184379577637e+00 1.450074951171875000e+03
4.580000000000000000e+03 1.885790516098495573e-05 1.839690780639648438e+01 1.885790516098495573e-05 1.839690780639648438e+01 1.016036152839660645e+00 1.450208984375000000e+03
4.590000000000000000e+03 3.307243105155066587e-06 1.839689636230468750e+01 3.307243105155066587e-06 1.839689636230468750e+01 1.016036391258239746e+00 1.450209960937500000e+03
4.600000000000000000e+03 4.355021519586443901e-05 1.839691543579101562e+01 4.355021519586443901e-05 1.839691543579101562e+01 1.016024708747863770e+00 1.450176269531250000e+03
4.610000000000000000e+03 5.390121441450901330e-05 1.839690399169921875e+01 5.390121441450901330e-05 1.839690399169921875e+01 1.016006350517272949e+00 1.450123901367187500e+03
4.620000000000000000e+03 4.380949576443526894e-06 1.839690399169921875e+01 4.380949576443526894e-06 1.839690399169921875e+01 1.016040086746215820e+00 1.450220458984375000e+03
4.630000000000000000e+03 2.467546437401324511e-04 1.839690589904785156e+01 2.467546437401324511e-04 1.839690589904785156e+01 1.015995144844055176e+00 1.450092041015625000e+03
4.640000000000000000e+03 7.084987737471237779e-05 1.839690017700195312e+01 7.084987737471237779e-05 1.839690017700195312e+01 1.016050457954406738e+00 1.450249877929687500e+03
4.650000000000000000e+03 3.518380253808572888e-06 1.839691543579101562e+01 3.518380253808572888e-06 1.839691543579101562e+01 1.016125082969665527e+00 1.450462768554687500e+03
4.660000000000000000e+03 6.127897358965128660e-05 1.839690589904785156e+01 6.127897358965128660e-05 1.839690589904785156e+01 1.016045212745666504e+00 1.450234985351562500e+03
4.670000000000000000e+03 9.766247239895164967e-05 1.839691925048828125e+01 9.766247239895164967e-05 1.839691925048828125e+01 1.016063570976257324e+00 1.450287353515625000e+03
4.680000000000000000e+03 6.815330380049999803e-07 1.839689064025878906e+01 6.815330380049999803e-07 1.839689064025878906e+01 1.016057133674621582e+00 1.450269287109375000e+03
4.690000000000000000e+03 1.393442362314090133e-04 1.839691543579101562e+01 1.393442362314090133e-04 1.839691543579101562e+01 1.016074895858764648e+00 1.450319702148437500e+03
4.700000000000000000e+03 1.567374565638601780e-04 1.839690208435058594e+01 1.567374565638601780e-04 1.839690208435058594e+01 1.016079425811767578e+00 1.450332397460937500e+03
4.710000000000000000e+03 1.222903579473495483e-01 1.839709472656250000e+01 1.222903579473495483e-01 1.839709472656250000e+01 1.014173984527587891e+00 1.444897949218750000e+03
4.720000000000000000e+03 4.354576587677001953e+00 1.866222953796386719e+01 4.354576587677001953e+00 1.866222953796386719e+01 1.011605024337768555e+00 1.437587402343750000e+03
4.730000000000000000e+03 2.821376323699951172e+00 1.850920677185058594e+01 2.821376323699951172e+00 1.850920677185058594e+01 1.003057956695556641e+00 1.413397338867187500e+03
4.740000000000000000e+03 2.569437742233276367e+00 1.844756889343261719e+01 2.569437742233276367e+00 1.844756889343261719e+01 1.007265806198120117e+00 1.425280761718750000e+03
4.750000000000000000e+03 2.956759929656982422e+00 1.845730781555175781e+01 2.956759929656982422e+00 1.845730781555175781e+01 1.005133032798767090e+00 1.419251831054687500e+03
4.760000000000000000e+03 2.770010948181152344e+00 1.844777488708496094e+01 2.770010948181152344e+00 1.844777488708496094e+01 1.002344131469726562e+00 1.411386840820312500e+03
4.770000000000000000e+03 3.998084068298339844e+00 1.846752738952636719e+01 3.998084068298339844e+00 1.846752738952636719e+01 1.007000684738159180e+00 1.424530761718750000e+03
4.780000000000000000e+03 3.907525300979614258e+00 1.842235183715820312e+01 3.907525300979614258e+00 1.842235183715820312e+01 9.987081885337829590e-01 1.401165771484375000e+03
4.790000000000000000e+03 3.999724149703979492e+00 1.844296264648437500e+01 3.999724149703979492e+00 1.844296264648437500e+01 1.004889845848083496e+00 1.418564941406250000e+03
4.800000000000000000e+03 4.000237941741943359e+00 1.841437339782714844e+01 4.000237941741943359e+00 1.841437339782714844e+01 1.000434637069702148e+00 1.406014160156250000e+03
4.810000000000000000e+03 4.000024795532226562e+00 1.840271949768066406e+01 4.000024795532226562e+00 1.840271949768066406e+01 1.001157760620117188e+00 1.408047607421875000e+03
4.820000000000000000e+03 3.999975204467773438e+00 1.839894104003906250e+01 3.999975204467773438e+00 1.839894104003906250e+01 1.000289440155029297e+00 1.405606079101562500e+03
4.830000000000000000e+03 3.999973773956298828e+00 1.839776611328125000e+01 3.999973773956298828e+00 1.839776611328125000e+01 1.000494837760925293e+00 1.406183593750000000e+03
4.840000000000000000e+03 3.999972105026245117e+00 1.839734077453613281e+01 3.999972105026245117e+00 1.839734077453613281e+01 1.000321269035339355e+00 1.405695678710937500e+03
4.850000000000000000e+03 3.999967813491821289e+00 1.839716720581054688e+01 3.999967813491821289e+00 1.839716720581054688e+01 1.000482559204101562e+00 1.406149047851562500e+03
4.860000000000000000e+03 3.999962568283081055e+00 1.839709281921386719e+01 3.999962568283081055e+00 1.839709281921386719e+01 1.000391721725463867e+00 1.405893676757812500e+03
4.870000000000000000e+03 3.999954223632812500e+00 1.839705467224121094e+01 3.999954223632812500e+00 1.839705467224121094e+01 1.000416398048400879e+00 1.405963012695312500e+03
4.880000000000000000e+03 3.999938249588012695e+00 1.839703369140625000e+01 3.999938249588012695e+00 1.839703369140625000e+01 1.000401258468627930e+00 1.405920410156250000e+03
4.890000000000000000e+03 3.999907493591308594e+00 1.839701271057128906e+01 3.999907493591308594e+00 1.839701271057128906e+01 1.000412106513977051e+00 1.405950927734375000e+03
4.900000000000000000e+03 3.999827384948730469e+00 1.839702033996582031e+01 3.999827384948730469e+00 1.839702033996582031e+01 1.000428438186645508e+00 1.405996826171875000e+03
4.910000000000000000e+03 3.999433755874633789e+00 1.839703178405761719e+01 3.999433755874633789e+00 1.839703178405761719e+01 1.000471115112304688e+00 1.406116821289062500e+03
4.920000000000000000e+03 3.675105571746826172e+00 1.839867591857910156e+01 3.675105571746826172e+00 1.839867591857910156e+01 1.000414729118347168e+00 1.405958496093750000e+03
4.930000000000000000e+03 3.999999284744262695e+00 1.840143013000488281e+01 3.999999284744262695e+00 1.840143013000488281e+01 1.000366091728210449e+00 1.405821533203125000e+03
4.940000000000000000e+03 3.999999284744262695e+00 1.839858245849609375e+01 3.999999284744262695e+00 1.839858245849609375e+01 1.000234127044677734e+00 1.405450683593750000e+03
4.950000000000000000e+03 3.999999284744262695e+00 1.839749526977539062e+01 3.999999284744262695e+00 1.839749526977539062e+01 1.000321626663208008e+00 1.405696533203125000e+03
4.960000000000000000e+03 3.999999284744262695e+00 1.839717102050781250e+01 3.999999284744262695e+00 1.839717102050781250e+01 1.000228762626647949e+00 1.405435668945312500e+03
4.970000000000000000e+03 3.999999284744262695e+00 1.839705085754394531e+01 3.999999284744262695e+00 1.839705085754394531e+01 1.000227212905883789e+00 1.405431152343750000e+03
4.980000000000000000e+03 3.999999284744262695e+00 1.839699745178222656e+01 3.999999284744262695e+00 1.839699745178222656e+01 1.000291585922241211e+00 1.405612426757812500e+03
4.990000000000000000e+03 3.999999284744262695e+00 1.839697456359863281e+01 3.999999284744262695e+00 1.839697456359863281e+01 1.000264167785644531e+00 1.405535156250000000e+03
5.000000000000000000e+03 3.999999284744262695e+00 1.839695549011230469e+01 3.999999284744262695e+00 1.839695549011230469e+01 1.000274777412414551e+00 1.405565185546875000e+03
