# step, loss_train, loss_test, metrics_test
0.000000000000000000e+00 1.362420845031738281e+01 7.852588653564453125e+00 1.362420845031738281e+01 7.852588653564453125e+00 9.842492341995239258e-01 1.084124450683593750e+02
1.000000000000000000e+01 5.276355147361755371e-01 7.794971942901611328e+00 5.276355147361755371e-01 7.794971942901611328e+00 1.064659118652343750e+00 1.268499374389648438e+02
2.000000000000000000e+01 2.341759949922561646e-01 7.733922004699707031e+00 2.341759949922561646e-01 7.733922004699707031e+00 1.039321422576904297e+00 1.208839569091796875e+02
3.000000000000000000e+01 4.490722715854644775e-02 7.713069438934326172e+00 4.490722715854644775e-02 7.713069438934326172e+00 1.052374720573425293e+00 1.239395217895507812e+02
4.000000000000000000e+01 1.047686394304037094e-02 7.683866500854492188e+00 1.047686394304037094e-02 7.683866500854492188e+00 1.042114019393920898e+00 1.215344772338867188e+02
5.000000000000000000e+01 5.867609288543462753e-03 7.670621871948242188e+00 5.867609288543462753e-03 7.670621871948242188e+00 1.038133740425109863e+00 1.206078643798828125e+02
6.000000000000000000e+01 3.855598159134387970e-03 7.663457393646240234e+00 3.855598159134387970e-03 7.663457393646240234e+00 1.038758039474487305e+00 1.207529296875000000e+02
7.000000000000000000e+01 2.502315212041139603e-03 7.659161090850830078e+00 2.502315212041139603e-03 7.659161090850830078e+00 1.036850810050964355e+00 1.203099441528320312e+02
8.000000000000000000e+01 1.880835974588990211e-03 7.656632423400878906e+00 1.880835974588990211e-03 7.656632423400878906e+00 1.036641836166381836e+00 1.202614974975585938e+02
9.000000000000000000e+01 1.274635433219373226e-03 7.655013084411621094e+00 1.274635433219373226e-03 7.655013084411621094e+00 1.036084175109863281e+00 1.201321105957031250e+02
1.000000000000000000e+02 1.036918372847139835e-03 7.653892993927001953e+00 1.036918372847139835e-03 7.653892993927001953e+00 1.035913944244384766e+00 1.200926055908203125e+02
1.100000000000000000e+02 8.567571640014648438e-04 7.653057098388671875e+00 8.567571640014648438e-04 7.653057098388671875e+00 1.035428166389465332e+00 1.199800033569335938e+02
1.200000000000000000e+02 7.264299783855676651e-04 7.652442455291748047e+00 7.264299783855676651e-04 7.652442455291748047e+00 1.035135984420776367e+00 1.199123306274414062e+02
1.300000000000000000e+02 6.202681688591837883e-04 7.651977062225341797e+00 6.202681688591837883e-04 7.651977062225341797e+00 1.034843802452087402e+00 1.198446731567382812e+02
1.400000000000000000e+02 5.361702060326933861e-04 7.651621818542480469e+00 5.361702060326933861e-04 7.651621818542480469e+00 1.034613013267517090e+00 1.197911682128906250e+02
1.500000000000000000e+02 4.689045017585158348e-04 7.651340007781982422e+00 4.689045017585158348e-04 7.651340007781982422e+00 1.034420490264892578e+00 1.197466125488281250e+02
1.600000000000000000e+02 4.141076642554253340e-04 7.651116847991943359e+00 4.141076642554253340e-04 7.651116847991943359e+00 1.034220099449157715e+00 1.197002334594726562e+02
1.700000000000000000e+02 3.683320246636867523e-04 7.650938987731933594e+00 3.683320246636867523e-04 7.650938987731933594e+00 1.034035325050354004e+00 1.196574859619140625e+02
1.800000000000000000e+02 3.300266689620912075e-04 7.650786399841308594e+00 3.300266689620912075e-04 7.650786399841308594e+00 1.033863902091979980e+00 1.196177902221679688e+02
1.900000000000000000e+02 2.973275259137153625e-04 7.650673866271972656e+00 2.973275259137153625e-04 7.650673866271972656e+00 1.033700466156005859e+00 1.195799484252929688e+02
2.000000000000000000e+02 2.692331036087125540e-04 7.650574207305908203e+00 2.692331036087125540e-04 7.650574207305908203e+00 1.033548712730407715e+00 1.195448684692382812e+02
2.100000000000000000e+02 2.449391467962414026e-04 7.650490283966064453e+00 2.449391467962414026e-04 7.650490283966064453e+00 1.033400654792785645e+00 1.195106277465820312e+02
2.200000000000000000e+02 2.239095920231193304e-04 7.650426387786865234e+00 2.239095920231193304e-04 7.650426387786865234e+00 1.033259868621826172e+00 1.194780349731445312e+02
2.300000000000000000e+02 2.053756616078317165e-04 7.650370597839355469e+00 2.053756616078317165e-04 7.650370597839355469e+00 1.033122062683105469e+00 1.194461746215820312e+02
2.400000000000000000e+02 1.890196581371128559e-04 7.650313377380371094e+00 1.890196581371128559e-04 7.650313377380371094e+00 1.032988667488098145e+00 1.194153518676757812e+02
2.500000000000000000e+02 1.746116322465240955e-04 7.650265693664550781e+00 1.746116322465240955e-04 7.650265693664550781e+00 1.032858490943908691e+00 1.193852310180664062e+02
2.600000000000000000e+02 1.617654052097350359e-04 7.650229930877685547e+00 1.617654052097350359e-04 7.650229930877685547e+00 1.032732009887695312e+00 1.193559875488281250e+02
2.700000000000000000e+02 1.500399521319195628e-04 7.650195598602294922e+00 1.500399521319195628e-04 7.650195598602294922e+00 1.032607436180114746e+00 1.193272552490234375e+02
2.800000000000000000e+02 1.395516592310741544e-04 7.650160789489746094e+00 1.395516592310741544e-04 7.650160789489746094e+00 1.032486915588378906e+00 1.192993774414062500e+02
2.900000000000000000e+02 1.299312716582790017e-04 7.650132656097412109e+00 1.299312716582790017e-04 7.650132656097412109e+00 1.032369375228881836e+00 1.192721862792968750e+02
3.000000000000000000e+02 1.213021168950945139e-04 7.650103092193603516e+00 1.213021168950945139e-04 7.650103092193603516e+00 1.032251715660095215e+00 1.192450256347656250e+02
3.100000000000000000e+02 1.133458208641968668e-04 7.650076866149902344e+00 1.133458208641968668e-04 7.650076866149902344e+00 1.032137155532836914e+00 1.192185287475585938e+02
3.200000000000000000e+02 1.062372975866310298e-04 7.650051116943359375e+00 1.062372975866310298e-04 7.650051116943359375e+00 1.032023787498474121e+00 1.191923675537109375e+02
3.300000000000000000e+02 9.957972361007705331e-05 7.650026321411132812e+00 9.957972361007705331e-05 7.650026321411132812e+00 1.031913280487060547e+00 1.191668243408203125e+02
3.400000000000000000e+02 9.346014849143102765e-05 7.650005817413330078e+00 9.346014849143102765e-05 7.650005817413330078e+00 1.031805872917175293e+00 1.191420288085937500e+02
3.500000000000000000e+02 8.784783858573064208e-05 7.649984359741210938e+00 8.784783858573064208e-05 7.649984359741210938e+00 1.031701445579528809e+00 1.191179275512695312e+02
3.600000000000000000e+02 8.267015073215588927e-05 7.649964332580566406e+00 8.267015073215588927e-05 7.649964332580566406e+00 1.031595110893249512e+00 1.190933609008789062e+02
3.700000000000000000e+02 7.790653035044670105e-05 7.649947643280029297e+00 7.790653035044670105e-05 7.649947643280029297e+00 1.031490802764892578e+00 1.190692825317382812e+02
3.800000000000000000e+02 7.338709110626950860e-05 7.649926185607910156e+00 7.338709110626950860e-05 7.649926185607910156e+00 1.031390309333801270e+00 1.190460815429687500e+02
3.900000000000000000e+02 6.919544102856889367e-05 7.649906635284423828e+00 6.919544102856889367e-05 7.649906635284423828e+00 1.031289577484130859e+00 1.190228347778320312e+02
4.000000000000000000e+02 6.538720481330528855e-05 7.649891376495361328e+00 6.538720481330528855e-05 7.649891376495361328e+00 1.031194329261779785e+00 1.190008468627929688e+02
4.100000000000000000e+02 6.177282193675637245e-05 7.649878501892089844e+00 6.177282193675637245e-05 7.649878501892089844e+00 1.031098127365112305e+00 1.189786453247070312e+02
4.200000000000000000e+02 5.839296500198543072e-05 7.649858474731445312e+00 5.839296500198543072e-05 7.649858474731445312e+00 1.031002640724182129e+00 1.189565887451171875e+02
4.300000000000000000e+02 5.530626731342636049e-05 7.649841785430908203e+00 5.530626731342636049e-05 7.649841785430908203e+00 1.030911684036254883e+00 1.189356155395507812e+02
4.400000000000000000e+02 5.248549132375046611e-05 7.649829387664794922e+00 5.248549132375046611e-05 7.649829387664794922e+00 1.030820012092590332e+00 1.189144515991210938e+02
4.500000000000000000e+02 4.972390888724476099e-05 7.649819374084472656e+00 4.972390888724476099e-05 7.649819374084472656e+00 1.030729770660400391e+00 1.188936233520507812e+02
4.600000000000000000e+02 4.725928374682553113e-05 7.649806499481201172e+00 4.725928374682553113e-05 7.649806499481201172e+00 1.030642747879028320e+00 1.188735580444335938e+02
4.700000000000000000e+02 4.487469777814112604e-05 7.649795532226562500e+00 4.487469777814112604e-05 7.649795532226562500e+00 1.030556201934814453e+00 1.188535919189453125e+02
4.800000000000000000e+02 4.267776603228412569e-05 7.649783611297607422e+00 4.267776603228412569e-05 7.649783611297607422e+00 1.030472397804260254e+00 1.188342971801757812e+02
4.900000000000000000e+02 4.069382339366711676e-05 7.649770259857177734e+00 4.069382339366711676e-05 7.649770259857177734e+00 1.030389189720153809e+00 1.188150787353515625e+02
5.000000000000000000e+02 3.878683128277771175e-05 7.649759769439697266e+00 3.878683128277771175e-05 7.649759769439697266e+00 1.030306935310363770e+00 1.187961349487304688e+02
5.100000000000000000e+02 3.699724766192957759e-05 7.649751186370849609e+00 3.699724766192957759e-05 7.649751186370849609e+00 1.030227422714233398e+00 1.187777862548828125e+02
5.200000000000000000e+02 3.530602043610997498e-05 7.649737834930419922e+00 3.530602043610997498e-05 7.649737834930419922e+00 1.030150175094604492e+00 1.187599716186523438e+02
5.300000000000000000e+02 3.371852290001697838e-05 7.649728775024414062e+00 3.371852290001697838e-05 7.649728775024414062e+00 1.030071973800659180e+00 1.187419815063476562e+02
5.400000000000000000e+02 3.230055153835564852e-05 7.649721145629882812e+00 3.230055153835564852e-05 7.649721145629882812e+00 1.029996633529663086e+00 1.187245941162109375e+02
5.500000000000000000e+02 3.093215491389855742e-05 7.649712562561035156e+00 3.093215491389855742e-05 7.649712562561035156e+00 1.029921650886535645e+00 1.187072753906250000e+02
5.600000000000000000e+02 2.963322549476288259e-05 7.649703025817871094e+00 2.963322549476288259e-05 7.649703025817871094e+00 1.029848337173461914e+00 1.186904067993164062e+02
5.700000000000000000e+02 2.840330125764012337e-05 7.649691104888916016e+00 2.840330125764012337e-05 7.649691104888916016e+00 1.029778242111206055e+00 1.186742324829101562e+02
5.800000000000000000e+02 2.727093669818714261e-05 7.649682521820068359e+00 2.727093669818714261e-05 7.649682521820068359e+00 1.029705882072448730e+00 1.186575546264648438e+02
5.900000000000000000e+02 2.625901652208995074e-05 7.649674892425537109e+00 2.625901652208995074e-05 7.649674892425537109e+00 1.029637932777404785e+00 1.186418609619140625e+02
6.000000000000000000e+02 2.523851071600802243e-05 7.649662971496582031e+00 2.523851071600802243e-05 7.649662971496582031e+00 1.029569268226623535e+00 1.186260528564453125e+02
6.100000000000000000e+02 2.428050174785312265e-05 7.649651527404785156e+00 2.428050174785312265e-05 7.649651527404785156e+00 1.029503464698791504e+00 1.186109085083007812e+02
6.200000000000000000e+02 2.335756471438799053e-05 7.649645805358886719e+00 2.335756471438799053e-05 7.649645805358886719e+00 1.029436826705932617e+00 1.185955734252929688e+02
6.300000000000000000e+02 2.254501669085584581e-05 7.649636745452880859e+00 2.254501669085584581e-05 7.649636745452880859e+00 1.029373168945312500e+00 1.185808868408203125e+02
6.400000000000000000e+02 2.174224209738895297e-05 7.649631500244140625e+00 2.174224209738895297e-05 7.649631500244140625e+00 1.029309511184692383e+00 1.185662536621093750e+02
6.500000000000000000e+02 2.097545075230300426e-05 7.649622440338134766e+00 2.097545075230300426e-05 7.649622440338134766e+00 1.029248356819152832e+00 1.185521240234375000e+02
6.600000000000000000e+02 2.026349466177634895e-05 7.649617671966552734e+00 2.026349466177634895e-05 7.649617671966552734e+00 1.029187560081481934e+00 1.185381240844726562e+02
6.700000000000000000e+02 1.954985236807260662e-05 7.649609565734863281e+00 1.954985236807260662e-05 7.649609565734863281e+00 1.029128789901733398e+00 1.185245819091796875e+02
6.800000000000000000e+02 1.892746149678714573e-05 7.649603366851806641e+00 1.892746149678714573e-05 7.649603366851806641e+00 1.029068946838378906e+00 1.185107955932617188e+02
6.900000000000000000e+02 1.827045707614161074e-05 7.649597167968750000e+00 1.827045707614161074e-05 7.649597167968750000e+00 1.029011607170104980e+00 1.184976043701171875e+02
7.000000000000000000e+02 1.772344694472849369e-05 7.649592399597167969e+00 1.772344694472849369e-05 7.649592399597167969e+00 1.028954386711120605e+00 1.184844131469726562e+02
7.100000000000000000e+02 1.713520214252639562e-05 7.649584770202636719e+00 1.713520214252639562e-05 7.649584770202636719e+00 1.028900504112243652e+00 1.184720458984375000e+02
7.200000000000000000e+02 1.660054294916335493e-05 7.649579524993896484e+00 1.660054294916335493e-05 7.649579524993896484e+00 1.028843998908996582e+00 1.184589996337890625e+02
7.300000000000000000e+02 1.613495442143175751e-05 7.649574279785156250e+00 1.613495442143175751e-05 7.649574279785156250e+00 1.028794050216674805e+00 1.184474868774414062e+02
7.400000000000000000e+02 1.568443258292973042e-05 7.649567127227783203e+00 1.568443258292973042e-05 7.649567127227783203e+00 1.028736710548400879e+00 1.184342803955078125e+02
7.500000000000000000e+02 1.520333626103820279e-05 7.649564266204833984e+00 1.520333626103820279e-05 7.649564266204833984e+00 1.028686404228210449e+00 1.184227371215820312e+02
7.600000000000000000e+02 1.476151373935863376e-05 7.649558544158935547e+00 1.476151373935863376e-05 7.649558544158935547e+00 1.028636813163757324e+00 1.184113159179687500e+02
7.700000000000000000e+02 1.432480257790302858e-05 7.649552345275878906e+00 1.432480257790302858e-05 7.649552345275878906e+00 1.028587341308593750e+00 1.183998947143554688e+02
7.800000000000000000e+02 1.391081696056062356e-05 7.649548530578613281e+00 1.391081696056062356e-05 7.649548530578613281e+00 1.028538346290588379e+00 1.183886337280273438e+02
7.900000000000000000e+02 1.351063383481232449e-05 7.649542331695556641e+00 1.351063383481232449e-05 7.649542331695556641e+00 1.028488278388977051e+00 1.183770980834960938e+02
8.000000000000000000e+02 1.316938505624420941e-05 7.649539470672607422e+00 1.316938505624420941e-05 7.649539470672607422e+00 1.028442740440368652e+00 1.183666305541992188e+02
8.100000000000000000e+02 1.281456297874683514e-05 7.649536609649658203e+00 1.281456297874683514e-05 7.649536609649658203e+00 1.028396368026733398e+00 1.183559494018554688e+02
8.200000000000000000e+02 1.246489318873500451e-05 7.649531364440917969e+00 1.246489318873500451e-05 7.649531364440917969e+00 1.028350114822387695e+00 1.183453140258789062e+02
8.300000000000000000e+02 1.213976520375581458e-05 7.649526119232177734e+00 1.213976520375581458e-05 7.649526119232177734e+00 1.028305649757385254e+00 1.183350677490234375e+02
8.400000000000000000e+02 1.181427705887472257e-05 7.649521827697753906e+00 1.181427705887472257e-05 7.649521827697753906e+00 1.028261065483093262e+00 1.183248214721679688e+02
8.500000000000000000e+02 1.151943069999106228e-05 7.649517059326171875e+00 1.151943069999106228e-05 7.649517059326171875e+00 1.028218269348144531e+00 1.183149490356445312e+02
8.600000000000000000e+02 1.122963840316515416e-05 7.649511337280273438e+00 1.122963840316515416e-05 7.649511337280273438e+00 1.028175115585327148e+00 1.183050231933593750e+02
8.700000000000000000e+02 1.093882929126266390e-05 7.649504661560058594e+00 1.093882929126266390e-05 7.649504661560058594e+00 1.028133988380432129e+00 1.182955627441406250e+02
8.800000000000000000e+02 1.066446475306292996e-05 7.649500846862792969e+00 1.066446475306292996e-05 7.649500846862792969e+00 1.028091907501220703e+00 1.182858963012695312e+02
8.900000000000000000e+02 1.042648000293411314e-05 7.649497509002685547e+00 1.042648000293411314e-05 7.649497509002685547e+00 1.028051137924194336e+00 1.182764968872070312e+02
9.000000000000000000e+02 1.019579667627112940e-05 7.649494171142578125e+00 1.019579667627112940e-05 7.649494171142578125e+00 1.028011441230773926e+00 1.182673568725585938e+02
9.100000000000000000e+02 9.923858669935725629e-06 7.649491786956787109e+00 9.923858669935725629e-06 7.649491786956787109e+00 1.027973413467407227e+00 1.182586212158203125e+02
9.200000000000000000e+02 9.712748578749597073e-06 7.649488449096679688e+00 9.712748578749597073e-06 7.649488449096679688e+00 1.027936100959777832e+00 1.182500000000000000e+02
9.300000000000000000e+02 9.482429049967322499e-06 7.649486064910888672e+00 9.482429049967322499e-06 7.649486064910888672e+00 1.027898311614990234e+00 1.182413558959960938e+02
9.400000000000000000e+02 9.284379302698653191e-06 7.649480819702148438e+00 9.284379302698653191e-06 7.649480819702148438e+00 1.027858853340148926e+00 1.182322387695312500e+02
9.500000000000000000e+02 9.044129910762421787e-06 7.649479389190673828e+00 9.044129910762421787e-06 7.649479389190673828e+00 1.027822375297546387e+00 1.182238311767578125e+02
9.600000000000000000e+02 8.855490705172996968e-06 7.649477958679199219e+00 8.855490705172996968e-06 7.649477958679199219e+00 1.027789354324340820e+00 1.182162780761718750e+02
9.700000000000000000e+02 8.673806405568029732e-06 7.649470329284667969e+00 8.673806405568029732e-06 7.649470329284667969e+00 1.027753710746765137e+00 1.182080612182617188e+02
9.800000000000000000e+02 8.473708476230967790e-06 7.649470806121826172e+00 8.473708476230967790e-06 7.649470806121826172e+00 1.027718782424926758e+00 1.182000274658203125e+02
9.900000000000000000e+02 8.315618288179393858e-06 7.649466991424560547e+00 8.315618288179393858e-06 7.649466991424560547e+00 1.027683734893798828e+00 1.181919555664062500e+02
1.000000000000000000e+03 8.115644959616474807e-06 7.649464607238769531e+00 8.115644959616474807e-06 7.649464607238769531e+00 1.027649879455566406e+00 1.181841659545898438e+02
1.010000000000000000e+03 7.970868864504154772e-06 7.649461269378662109e+00 7.970868864504154772e-06 7.649461269378662109e+00 1.027617216110229492e+00 1.181766510009765625e+02
1.020000000000000000e+03 7.791068128426559269e-06 7.649458885192871094e+00 7.791068128426559269e-06 7.649458885192871094e+00 1.027586698532104492e+00 1.181696319580078125e+02
1.030000000000000000e+03 7.603103313158499077e-06 7.649456024169921875e+00 7.603103313158499077e-06 7.649456024169921875e+00 1.027554273605346680e+00 1.181621780395507812e+02
1.040000000000000000e+03 7.452135832863859832e-06 7.649453163146972656e+00 7.452135832863859832e-06 7.649453163146972656e+00 1.027523159980773926e+00 1.181550674438476562e+02
1.050000000000000000e+03 7.322492365346988663e-06 7.649448871612548828e+00 7.322492365346988663e-06 7.649448871612548828e+00 1.027492165565490723e+00 1.181479187011718750e+02
1.060000000000000000e+03 7.190559699665755033e-06 7.649446964263916016e+00 7.190559699665755033e-06 7.649446964263916016e+00 1.027462005615234375e+00 1.181409988403320312e+02
1.070000000000000000e+03 7.040552645776188001e-06 7.649442672729492188e+00 7.040552645776188001e-06 7.649442672729492188e+00 1.027432203292846680e+00 1.181340866088867188e+02
1.080000000000000000e+03 6.895888873259536922e-06 7.649440288543701172e+00 6.895888873259536922e-06 7.649440288543701172e+00 1.027402758598327637e+00 1.181273269653320312e+02
1.090000000000000000e+03 6.779431714676320553e-06 7.649439334869384766e+00 6.779431714676320553e-06 7.649439334869384766e+00 1.027372717857360840e+00 1.181204299926757812e+02
1.100000000000000000e+03 6.650767772953258827e-06 7.649437427520751953e+00 6.650767772953258827e-06 7.649437427520751953e+00 1.027344942092895508e+00 1.181140747070312500e+02
1.110000000000000000e+03 6.526525794470217079e-06 7.649432182312011719e+00 6.526525794470217079e-06 7.649432182312011719e+00 1.027318835258483887e+00 1.181080474853515625e+02
1.120000000000000000e+03 6.389253485394874588e-06 7.649430274963378906e+00 6.389253485394874588e-06 7.649430274963378906e+00 1.027289986610412598e+00 1.181014175415039062e+02
1.130000000000000000e+03 6.292184025369351730e-06 7.649427890777587891e+00 6.292184025369351730e-06 7.649427890777587891e+00 1.027262926101684570e+00 1.180951843261718750e+02
1.140000000000000000e+03 6.171326276671607047e-06 7.649425506591796875e+00 6.171326276671607047e-06 7.649425506591796875e+00 1.027234792709350586e+00 1.180887374877929688e+02
1.150000000000000000e+03 6.038643277861410752e-06 7.649424076080322266e+00 6.038643277861410752e-06 7.649424076080322266e+00 1.027210235595703125e+00 1.180830764770507812e+02
1.160000000000000000e+03 5.961238912277622148e-06 7.649422168731689453e+00 5.961238912277622148e-06 7.649422168731689453e+00 1.027183532714843750e+00 1.180769500732421875e+02
1.170000000000000000e+03 5.850099114468321204e-06 7.649418830871582031e+00 5.850099114468321204e-06 7.649418830871582031e+00 1.027159214019775391e+00 1.180713577270507812e+02
1.180000000000000000e+03 5.738257641496602446e-06 7.649416446685791016e+00 5.738257641496602446e-06 7.649416446685791016e+00 1.027134776115417480e+00 1.180657424926757812e+02
1.190000000000000000e+03 5.616590897261630744e-06 7.649414539337158203e+00 5.616590897261630744e-06 7.649414539337158203e+00 1.027111649513244629e+00 1.180604324340820312e+02
1.200000000000000000e+03 5.551053618546575308e-06 7.649413108825683594e+00 5.551053618546575308e-06 7.649413108825683594e+00 1.027087330818176270e+00 1.180548171997070312e+02
1.210000000000000000e+03 5.453071480587823316e-06 7.649409294128417969e+00 5.453071480587823316e-06 7.649409294128417969e+00 1.027062058448791504e+00 1.180490341186523438e+02
1.220000000000000000e+03 5.345779754861723632e-06 7.649405956268310547e+00 5.345779754861723632e-06 7.649405956268310547e+00 1.027039170265197754e+00 1.180437469482421875e+02
1.230000000000000000e+03 5.268112090561771765e-06 7.649398326873779297e+00 5.268112090561771765e-06 7.649398326873779297e+00 1.027016639709472656e+00 1.180385818481445312e+02
1.240000000000000000e+03 5.193286142457509413e-06 7.649397373199462891e+00 5.193286142457509413e-06 7.649397373199462891e+00 1.026992559432983398e+00 1.180330352783203125e+02
1.250000000000000000e+03 5.088585112389409915e-06 7.649396896362304688e+00 5.088585112389409915e-06 7.649396896362304688e+00 1.026970267295837402e+00 1.180279159545898438e+02
1.260000000000000000e+03 5.012810561311198398e-06 7.649394035339355469e+00 5.012810561311198398e-06 7.649394035339355469e+00 1.026947498321533203e+00 1.180226974487304688e+02
1.270000000000000000e+03 4.928027465211926028e-06 7.649394035339355469e+00 4.928027465211926028e-06 7.649394035339355469e+00 1.026926517486572266e+00 1.180178680419921875e+02
1.280000000000000000e+03 4.840274414164014161e-06 7.649388790130615234e+00 4.840274414164014161e-06 7.649388790130615234e+00 1.026903867721557617e+00 1.180126571655273438e+02
1.290000000000000000e+03 4.763726337841944769e-06 7.649386882781982422e+00 4.763726337841944769e-06 7.649386882781982422e+00 1.026884198188781738e+00 1.180081405639648438e+02
1.300000000000000000e+03 4.694448762165848166e-06 7.649384975433349609e+00 4.694448762165848166e-06 7.649384975433349609e+00 1.026863098144531250e+00 1.180032806396484375e+02
1.310000000000000000e+03 4.615713351086014882e-06 7.649385929107666016e+00 4.615713351086014882e-06 7.649385929107666016e+00 1.026843905448913574e+00 1.179988708496093750e+02
1.320000000000000000e+03 4.522732524492312223e-06 7.649382591247558594e+00 4.522732524492312223e-06 7.649382591247558594e+00 1.026822805404663086e+00 1.179940490722656250e+02
1.330000000000000000e+03 4.467935923457844183e-06 7.649379253387451172e+00 4.467935923457844183e-06 7.649379253387451172e+00 1.026803374290466309e+00 1.179895706176757812e+02
1.340000000000000000e+03 4.390087269712239504e-06 7.649375438690185547e+00 4.390087269712239504e-06 7.649375438690185547e+00 1.026783347129821777e+00 1.179849472045898438e+02
1.350000000000000000e+03 4.324809196987189353e-06 7.649374961853027344e+00 4.324809196987189353e-06 7.649374961853027344e+00 1.026764988899230957e+00 1.179807434082031250e+02
1.360000000000000000e+03 4.247090600983938202e-06 7.649373531341552734e+00 4.247090600983938202e-06 7.649373531341552734e+00 1.026746392250061035e+00 1.179764862060546875e+02
1.370000000000000000e+03 4.195464043732499704e-06 7.649372100830078125e+00 4.195464043732499704e-06 7.649372100830078125e+00 1.026728510856628418e+00 1.179723587036132812e+02
1.380000000000000000e+03 4.122181508137146011e-06 7.649369716644287109e+00 4.122181508137146011e-06 7.649369716644287109e+00 1.026709079742431641e+00 1.179678878784179688e+02
1.390000000000000000e+03 4.047215043101459742e-06 7.649367809295654297e+00 4.047215043101459742e-06 7.649367809295654297e+00 1.026690244674682617e+00 1.179635772705078125e+02
1.400000000000000000e+03 3.992785423179157078e-06 7.649365425109863281e+00 3.992785423179157078e-06 7.649365425109863281e+00 1.026671886444091797e+00 1.179593353271484375e+02
1.410000000000000000e+03 3.941375325666740537e-06 7.649364948272705078e+00 3.941375325666740537e-06 7.649364948272705078e+00 1.026654124259948730e+00 1.179552459716796875e+02
1.420000000000000000e+03 3.870990440191235393e-06 7.649363994598388672e+00 3.870990440191235393e-06 7.649363994598388672e+00 1.026637911796569824e+00 1.179515380859375000e+02
1.430000000000000000e+03 3.814046067418530583e-06 7.649362564086914062e+00 3.814046067418530583e-06 7.649362564086914062e+00 1.026620030403137207e+00 1.179474182128906250e+02
1.440000000000000000e+03 3.757183321795309894e-06 7.649358749389648438e+00 3.757183321795309894e-06 7.649358749389648438e+00 1.026603579521179199e+00 1.179436874389648438e+02
1.450000000000000000e+03 3.702680032802163623e-06 7.649359703063964844e+00 3.702680032802163623e-06 7.649359703063964844e+00 1.026586294174194336e+00 1.179396743774414062e+02
1.460000000000000000e+03 3.644336175057105720e-06 7.649356365203857422e+00 3.644336175057105720e-06 7.649356365203857422e+00 1.026572465896606445e+00 1.179365081787109375e+02
1.470000000000000000e+03 3.593283963709836826e-06 7.649353981018066406e+00 3.593283963709836826e-06 7.649353981018066406e+00 1.026556611061096191e+00 1.179328384399414062e+02
1.480000000000000000e+03 3.548029781086370349e-06 7.649351119995117188e+00 3.548029781086370349e-06 7.649351119995117188e+00 1.026538133621215820e+00 1.179286041259765625e+02
1.490000000000000000e+03 3.472669050097465515e-06 7.649353981018066406e+00 3.472669050097465515e-06 7.649353981018066406e+00 1.026522636413574219e+00 1.179250411987304688e+02
1.500000000000000000e+03 3.419333779675071128e-06 7.649353027343750000e+00 3.419333779675071128e-06 7.649353027343750000e+00 1.026507854461669922e+00 1.179216690063476562e+02
1.510000000000000000e+03 3.377907432877691463e-06 7.649347782135009766e+00 3.377907432877691463e-06 7.649347782135009766e+00 1.026492714881896973e+00 1.179181747436523438e+02
1.520000000000000000e+03 3.314106606921995990e-06 7.649347305297851562e+00 3.314106606921995990e-06 7.649347305297851562e+00 1.026476860046386719e+00 1.179145278930664062e+02
1.530000000000000000e+03 3.286162836957373656e-06 7.649347782135009766e+00 3.286162836957373656e-06 7.649347782135009766e+00 1.026461362838745117e+00 1.179109497070312500e+02
1.540000000000000000e+03 3.215219749108655378e-06 7.649346828460693359e+00 3.215219749108655378e-06 7.649346828460693359e+00 1.026449441909790039e+00 1.179082183837890625e+02
1.550000000000000000e+03 3.183448598065297119e-06 7.649345397949218750e+00 3.183448598065297119e-06 7.649345397949218750e+00 1.026434779167175293e+00 1.179048461914062500e+02
1.560000000000000000e+03 3.139290356557467021e-06 7.649342536926269531e+00 3.139290356557467021e-06 7.649342536926269531e+00 1.026419043540954590e+00 1.179012603759765625e+02
1.570000000000000000e+03 3.067787019972456619e-06 7.649341583251953125e+00 3.067787019972456619e-06 7.649341583251953125e+00 1.026405096054077148e+00 1.178980484008789062e+02
1.580000000000000000e+03 3.027760158147430047e-06 7.649342536926269531e+00 3.027760158147430047e-06 7.649342536926269531e+00 1.026391744613647461e+00 1.178949737548828125e+02
1.590000000000000000e+03 3.007063014592858963e-06 7.649340629577636719e+00 3.007063014592858963e-06 7.649340629577636719e+00 1.026376962661743164e+00 1.178915786743164062e+02
1.600000000000000000e+03 2.936779310402926058e-06 7.649337768554687500e+00 2.936779310402926058e-06 7.649337768554687500e+00 1.026363968849182129e+00 1.178886032104492188e+02
1.610000000000000000e+03 2.898446155086276121e-06 7.649332523345947266e+00 2.898446155086276121e-06 7.649332523345947266e+00 1.026350378990173340e+00 1.178854980468750000e+02
1.620000000000000000e+03 2.853857267837156542e-06 7.649333953857421875e+00 2.853857267837156542e-06 7.649333953857421875e+00 1.026336073875427246e+00 1.178821716308593750e+02
1.630000000000000000e+03 2.796278522509965114e-06 7.649332523345947266e+00 2.796278522509965114e-06 7.649332523345947266e+00 1.026324152946472168e+00 1.178794555664062500e+02
1.640000000000000000e+03 2.763925522231147625e-06 7.649331092834472656e+00 2.763925522231147625e-06 7.649331092834472656e+00 1.026309967041015625e+00 1.178761978149414062e+02
1.650000000000000000e+03 2.724480509641580284e-06 7.649329185485839844e+00 2.724480509641580284e-06 7.649329185485839844e+00 1.026298403739929199e+00 1.178735275268554688e+02
1.660000000000000000e+03 2.702824076550314203e-06 7.649326324462890625e+00 2.702824076550314203e-06 7.649326324462890625e+00 1.026283860206604004e+00 1.178702087402343750e+02
1.670000000000000000e+03 2.648763938850606792e-06 7.649325847625732422e+00 2.648763938850606792e-06 7.649325847625732422e+00 1.026273488998413086e+00 1.178678283691406250e+02
1.680000000000000000e+03 2.601863116069580428e-06 7.649325847625732422e+00 2.601863116069580428e-06 7.649325847625732422e+00 1.026260495185852051e+00 1.178648300170898438e+02
1.690000000000000000e+03 2.559008180469390936e-06 7.649325370788574219e+00 2.559008180469390936e-06 7.649325370788574219e+00 1.026248931884765625e+00 1.178621597290039062e+02
1.700000000000000000e+03 2.535667590564116836e-06 7.649324417114257812e+00 2.535667590564116836e-06 7.649324417114257812e+00 1.026235222816467285e+00 1.178590393066406250e+02
1.710000000000000000e+03 2.492869271009112708e-06 7.649322509765625000e+00 2.492869271009112708e-06 7.649322509765625000e+00 1.026225209236145020e+00 1.178567199707031250e+02
1.720000000000000000e+03 2.447241286063217558e-06 7.649321079254150391e+00 2.447241286063217558e-06 7.649321079254150391e+00 1.026213288307189941e+00 1.178539962768554688e+02
1.730000000000000000e+03 2.409234184597153217e-06 7.649320602416992188e+00 2.409234184597153217e-06 7.649320602416992188e+00 1.026201009750366211e+00 1.178511734008789062e+02
1.740000000000000000e+03 2.373626784901716746e-06 7.649319171905517578e+00 2.373626784901716746e-06 7.649319171905517578e+00 1.026191830635070801e+00 1.178490524291992188e+02
1.750000000000000000e+03 2.346586597923305817e-06 7.649316787719726562e+00 2.346586597923305817e-06 7.649316787719726562e+00 1.026177406311035156e+00 1.178457412719726562e+02
1.760000000000000000e+03 2.306640681126737036e-06 7.649316787719726562e+00 2.306640681126737036e-06 7.649316787719726562e+00 1.026168346405029297e+00 1.178436431884765625e+02
1.770000000000000000e+03 2.266934188810409978e-06 7.649315834045410156e+00 2.266934188810409978e-06 7.649315834045410156e+00 1.026156544685363770e+00 1.178409652709960938e+02
1.780000000000000000e+03 2.242211621705791913e-06 7.649313926696777344e+00 2.242211621705791913e-06 7.649313926696777344e+00 1.026147127151489258e+00 1.178387985229492188e+02
1.790000000000000000e+03 2.215844006059342064e-06 7.649316310882568359e+00 2.215844006059342064e-06 7.649316310882568359e+00 1.026135206222534180e+00 1.178360671997070312e+02
1.800000000000000000e+03 2.166970716643845662e-06 7.649312496185302734e+00 2.166970716643845662e-06 7.649312496185302734e+00 1.026125192642211914e+00 1.178337783813476562e+02
1.810000000000000000e+03 2.137083129127859138e-06 7.649312496185302734e+00 2.137083129127859138e-06 7.649312496185302734e+00 1.026114106178283691e+00 1.178311843872070312e+02
1.820000000000000000e+03 2.111384446834563278e-06 7.649312496185302734e+00 2.111384446834563278e-06 7.649312496185302734e+00 1.026104807853698730e+00 1.178290863037109375e+02
1.830000000000000000e+03 2.076385044347262010e-06 7.649312496185302734e+00 2.076385044347262010e-06 7.649312496185302734e+00 1.026093363761901855e+00 1.178264465332031250e+02
1.840000000000000000e+03 2.044119355559814721e-06 7.649310111999511719e+00 2.044119355559814721e-06 7.649310111999511719e+00 1.026084423065185547e+00 1.178243713378906250e+02
1.850000000000000000e+03 2.015528480114880949e-06 7.649312019348144531e+00 2.015528480114880949e-06 7.649312019348144531e+00 1.026073575019836426e+00 1.178218917846679688e+02
1.860000000000000000e+03 1.974747192434733734e-06 7.649310588836669922e+00 1.974747192434733734e-06 7.649310588836669922e+00 1.026064991950988770e+00 1.178199234008789062e+02
1.870000000000000000e+03 1.955059815372806042e-06 7.649308681488037109e+00 1.955059815372806042e-06 7.649308681488037109e+00 1.026053428649902344e+00 1.178172378540039062e+02
1.880000000000000000e+03 1.917523832162260078e-06 7.649308204650878906e+00 1.917523832162260078e-06 7.649308204650878906e+00 1.026043891906738281e+00 1.178150634765625000e+02
1.890000000000000000e+03 1.881311391116469167e-06 7.649306774139404297e+00 1.881311391116469167e-06 7.649306774139404297e+00 1.026035070419311523e+00 1.178130493164062500e+02
1.900000000000000000e+03 1.861487248788762372e-06 7.649305820465087891e+00 1.861487248788762372e-06 7.649305820465087891e+00 1.026025891304016113e+00 1.178109359741210938e+02
1.910000000000000000e+03 1.836801743593241554e-06 7.649305820465087891e+00 1.836801743593241554e-06 7.649305820465087891e+00 1.026015996932983398e+00 1.178086624145507812e+02
1.920000000000000000e+03 1.808630713640013710e-06 7.649307250976562500e+00 1.808630713640013710e-06 7.649307250976562500e+00 1.026006817817687988e+00 1.178065719604492188e+02
1.930000000000000000e+03 1.768074639585393015e-06 7.649306774139404297e+00 1.768074639585393015e-06 7.649306774139404297e+00 1.025996208190917969e+00 1.178041305541992188e+02
1.940000000000000000e+03 1.746858742990298197e-06 7.649306774139404297e+00 1.746858742990298197e-06 7.649306774139404297e+00 1.025987505912780762e+00 1.178021621704101562e+02
1.950000000000000000e+03 1.723038167256163433e-06 7.649302959442138672e+00 1.723038167256163433e-06 7.649302959442138672e+00 1.025981783866882324e+00 1.178008346557617188e+02
1.960000000000000000e+03 1.706029365777794737e-06 7.649302482604980469e+00 1.706029365777794737e-06 7.649302482604980469e+00 1.025972247123718262e+00 1.177986221313476562e+02
1.970000000000000000e+03 1.670901042416517157e-06 7.649302005767822266e+00 1.670901042416517157e-06 7.649302005767822266e+00 1.025963664054870605e+00 1.177966690063476562e+02
1.980000000000000000e+03 1.640937853153445758e-06 7.649302005767822266e+00 1.640937853153445758e-06 7.649302005767822266e+00 1.025954604148864746e+00 1.177945709228515625e+02
1.990000000000000000e+03 1.606728460501472000e-06 7.649301528930664062e+00 1.606728460501472000e-06 7.649301528930664062e+00 1.025945067405700684e+00 1.177923812866210938e+02
2.000000000000000000e+03 1.592009766682167538e-06 7.649299621582031250e+00 1.592009766682167538e-06 7.649299621582031250e+00 1.025937557220458984e+00 1.177906494140625000e+02
2.010000000000000000e+03 1.572010887684882618e-06 7.649299621582031250e+00 1.572010887684882618e-06 7.649299621582031250e+00 1.025929093360900879e+00 1.177887344360351562e+02
2.020000000000000000e+03 1.554690811644832138e-06 7.649300575256347656e+00 1.554690811644832138e-06 7.649300575256347656e+00 1.025919198989868164e+00 1.177864608764648438e+02
2.030000000000000000e+03 1.515091867076989729e-06 7.649300575256347656e+00 1.515091867076989729e-06 7.649300575256347656e+00 1.025912284851074219e+00 1.177848663330078125e+02
2.040000000000000000e+03 1.502490476923412643e-06 7.649300098419189453e+00 1.502490476923412643e-06 7.649300098419189453e+00 1.025902748107910156e+00 1.177826843261718750e+02
2.050000000000000000e+03 1.481676235925988294e-06 7.649298191070556641e+00 1.481676235925988294e-06 7.649298191070556641e+00 1.025897145271301270e+00 1.177813949584960938e+02
2.060000000000000000e+03 1.455047481613291893e-06 7.649298191070556641e+00 1.455047481613291893e-06 7.649298191070556641e+00 1.025889396667480469e+00 1.177796096801757812e+02
2.070000000000000000e+03 1.433409465789736714e-06 7.649298667907714844e+00 1.433409465789736714e-06 7.649298667907714844e+00 1.025880932807922363e+00 1.177776794433593750e+02
2.080000000000000000e+03 1.405476950822048821e-06 7.649296283721923828e+00 1.405476950822048821e-06 7.649296283721923828e+00 1.025871753692626953e+00 1.177755737304687500e+02
2.090000000000000000e+03 1.390566922054858878e-06 7.649296283721923828e+00 1.390566922054858878e-06 7.649296283721923828e+00 1.025865077972412109e+00 1.177740249633789062e+02
2.100000000000000000e+03 1.365898128824483138e-06 7.649296283721923828e+00 1.365898128824483138e-06 7.649296283721923828e+00 1.025855779647827148e+00 1.177718887329101562e+02
2.110000000000000000e+03 1.360368059977190569e-06 7.649295330047607422e+00 1.360368059977190569e-06 7.649295330047607422e+00 1.025849580764770508e+00 1.177704696655273438e+02
2.120000000000000000e+03 1.348393197986297309e-06 7.649294853210449219e+00 1.348393197986297309e-06 7.649294853210449219e+00 1.025840520858764648e+00 1.177683563232421875e+02
2.130000000000000000e+03 1.303375029237940907e-06 7.649295330047607422e+00 1.303375029237940907e-06 7.649295330047607422e+00 1.025834679603576660e+00 1.177670593261718750e+02
2.140000000000000000e+03 1.290418822463834658e-06 7.649294853210449219e+00 1.290418822463834658e-06 7.649294853210449219e+00 1.025825619697570801e+00 1.177649765014648438e+02
2.150000000000000000e+03 1.264058028027648106e-06 7.649292945861816406e+00 1.264058028027648106e-06 7.649292945861816406e+00 1.025820374488830566e+00 1.177637634277343750e+02
2.160000000000000000e+03 1.250575110134377610e-06 7.649294853210449219e+00 1.250575110134377610e-06 7.649294853210449219e+00 1.025812029838562012e+00 1.177618713378906250e+02
2.170000000000000000e+03 1.230637053595273755e-06 7.649293422698974609e+00 1.230637053595273755e-06 7.649293422698974609e+00 1.025806784629821777e+00 1.177606277465820312e+02
2.180000000000000000e+03 1.206219394589425065e-06 7.649293899536132812e+00 1.206219394589425065e-06 7.649293899536132812e+00 1.025799155235290527e+00 1.177588653564453125e+02
2.190000000000000000e+03 1.194613446386938449e-06 7.649294376373291016e+00 1.194613446386938449e-06 7.649294376373291016e+00 1.025793790817260742e+00 1.177576828002929688e+02
2.200000000000000000e+03 1.167329514828452375e-06 7.649291992187500000e+00 1.167329514828452375e-06 7.649291992187500000e+00 1.025784730911254883e+00 1.177555847167968750e+02
2.210000000000000000e+03 1.159850626208935864e-06 7.649291515350341797e+00 1.159850626208935864e-06 7.649291515350341797e+00 1.025777220726013184e+00 1.177538528442382812e+02
2.220000000000000000e+03 1.143185727414675057e-06 7.649291515350341797e+00 1.143185727414675057e-06 7.649291515350341797e+00 1.025770306587219238e+00 1.177522659301757812e+02
2.230000000000000000e+03 1.125404082813474815e-06 7.649291515350341797e+00 1.125404082813474815e-06 7.649291515350341797e+00 1.025761961936950684e+00 1.177503356933593750e+02
2.240000000000000000e+03 1.103869976759597193e-06 7.649290084838867188e+00 1.103869976759597193e-06 7.649290084838867188e+00 1.025757789611816406e+00 1.177493972778320312e+02
2.250000000000000000e+03 1.088064550458511803e-06 7.649290084838867188e+00 1.088064550458511803e-06 7.649290084838867188e+00 1.025750160217285156e+00 1.177476425170898438e+02
2.260000000000000000e+03 1.061860530171543360e-06 7.649291992187500000e+00 1.061860530171543360e-06 7.649291992187500000e+00 1.025746226310729980e+00 1.177467422485351562e+02
2.270000000000000000e+03 1.044305463437922299e-06 7.649291038513183594e+00 1.044305463437922299e-06 7.649291038513183594e+00 1.025738716125488281e+00 1.177450027465820312e+02
2.280000000000000000e+03 1.031431452247488778e-06 7.649291038513183594e+00 1.031431452247488778e-06 7.649291038513183594e+00 1.025732398033142090e+00 1.177435531616210938e+02
2.290000000000000000e+03 1.017079057419323362e-06 7.649291038513183594e+00 1.017079057419323362e-06 7.649291038513183594e+00 1.025724530220031738e+00 1.177417602539062500e+02
2.300000000000000000e+03 1.007637479233380873e-06 7.649290084838867188e+00 1.007637479233380873e-06 7.649290084838867188e+00 1.025720357894897461e+00 1.177407836914062500e+02
2.310000000000000000e+03 9.887600072033819743e-07 7.649286746978759766e+00 9.887600072033819743e-07 7.649286746978759766e+00 1.025714516639709473e+00 1.177394561767578125e+02
2.320000000000000000e+03 9.699388101580552757e-07 7.649285793304443359e+00 9.699388101580552757e-07 7.649285793304443359e+00 1.025707483291625977e+00 1.177378540039062500e+02
2.330000000000000000e+03 9.572992212270037271e-07 7.649285793304443359e+00 9.572992212270037271e-07 7.649285793304443359e+00 1.025700330734252930e+00 1.177362136840820312e+02
2.340000000000000000e+03 9.469488304603146389e-07 7.649288177490234375e+00 9.469488304603146389e-07 7.649288177490234375e+00 1.025693893432617188e+00 1.177347106933593750e+02
2.350000000000000000e+03 9.332302397524472326e-07 7.649287700653076172e+00 9.332302397524472326e-07 7.649287700653076172e+00 1.025689125061035156e+00 1.177336425781250000e+02
2.360000000000000000e+03 9.175164450425654650e-07 7.649286746978759766e+00 9.175164450425654650e-07 7.649286746978759766e+00 1.025682449340820312e+00 1.177320861816406250e+02
2.370000000000000000e+03 8.978354912869690452e-07 7.649285793304443359e+00 8.978354912869690452e-07 7.649285793304443359e+00 1.025676131248474121e+00 1.177306747436523438e+02
2.380000000000000000e+03 8.878758990249480121e-07 7.649285793304443359e+00 8.878758990249480121e-07 7.649285793304443359e+00 1.025671243667602539e+00 1.177295150756835938e+02
2.390000000000000000e+03 8.677884011376590934e-07 7.649286746978759766e+00 8.677884011376590934e-07 7.649286746978759766e+00 1.025664091110229492e+00 1.177278671264648438e+02
2.400000000000000000e+03 8.520975711689970922e-07 7.649286270141601562e+00 8.520975711689970922e-07 7.649286270141601562e+00 1.025659322738647461e+00 1.177267990112304688e+02
2.410000000000000000e+03 8.537215308024315163e-07 7.649284362792968750e+00 8.537215308024315163e-07 7.649284362792968750e+00 1.025654554367065430e+00 1.177256622314453125e+02
2.420000000000000000e+03 8.384645866499340627e-07 7.649285793304443359e+00 8.384645866499340627e-07 7.649285793304443359e+00 1.025648117065429688e+00 1.177242202758789062e+02
2.430000000000000000e+03 8.269456657217233442e-07 7.649282932281494141e+00 8.269456657217233442e-07 7.649282932281494141e+00 1.025643706321716309e+00 1.177231750488281250e+02
2.440000000000000000e+03 8.106703148769156542e-07 7.649285316467285156e+00 8.106703148769156542e-07 7.649285316467285156e+00 1.025636792182922363e+00 1.177216110229492188e+02
2.450000000000000000e+03 7.963150778778071981e-07 7.649285316467285156e+00 7.963150778778071981e-07 7.649285316467285156e+00 1.025631427764892578e+00 1.177203903198242188e+02
2.460000000000000000e+03 7.878235237512853928e-07 7.649283885955810547e+00 7.878235237512853928e-07 7.649283885955810547e+00 1.025627493858337402e+00 1.177194900512695312e+02
2.470000000000000000e+03 7.902945071691647172e-07 7.649283885955810547e+00 7.902945071691647172e-07 7.649283885955810547e+00 1.025618910789489746e+00 1.177174987792968750e+02
2.480000000000000000e+03 7.582454486509959679e-07 7.649283885955810547e+00 7.582454486509959679e-07 7.649283885955810547e+00 1.025616288185119629e+00 1.177169418334960938e+02
2.490000000000000000e+03 7.541728450632945169e-07 7.649284362792968750e+00 7.541728450632945169e-07 7.649284362792968750e+00 1.025610208511352539e+00 1.177155227661132812e+02
2.500000000000000000e+03 7.414412266371073201e-07 7.649282932281494141e+00 7.414412266371073201e-07 7.649282932281494141e+00 1.025604248046875000e+00 1.177141265869140625e+02
2.510000000000000000e+03 7.281752232302096672e-07 7.649281024932861328e+00 7.281752232302096672e-07 7.649281024932861328e+00 1.025598645210266113e+00 1.177128677368164062e+02
2.520000000000000000e+03 7.180448733379307669e-07 7.649281024932861328e+00 7.180448733379307669e-07 7.649281024932861328e+00 1.025594353675842285e+00 1.177118606567382812e+02
2.530000000000000000e+03 7.019165764177159872e-07 7.649283885955810547e+00 7.019165764177159872e-07 7.649283885955810547e+00 1.025590538978576660e+00 1.177109909057617188e+02
2.540000000000000000e+03 6.904463134560501203e-07 7.649283885955810547e+00 6.904463134560501203e-07 7.649283885955810547e+00 1.025585532188415527e+00 1.177098541259765625e+02
2.550000000000000000e+03 6.813227173552149907e-07 7.649283409118652344e+00 6.813227173552149907e-07 7.649283409118652344e+00 1.025578856468200684e+00 1.177083206176757812e+02
2.560000000000000000e+03 6.703478447889210656e-07 7.649283409118652344e+00 6.703478447889210656e-07 7.649283409118652344e+00 1.025575280189514160e+00 1.177074737548828125e+02
2.570000000000000000e+03 6.761027293578081299e-07 7.649281978607177734e+00 6.761027293578081299e-07 7.649281978607177734e+00 1.025567531585693359e+00 1.177057266235351562e+02
2.580000000000000000e+03 6.540751655847998336e-07 7.649282455444335938e+00 6.540751655847998336e-07 7.649282455444335938e+00 1.025564908981323242e+00 1.177051010131835938e+02
2.590000000000000000e+03 6.446533689086209051e-07 7.649282455444335938e+00 6.446533689086209051e-07 7.649282455444335938e+00 1.025561451911926270e+00 1.177042846679687500e+02
2.600000000000000000e+03 6.445147846534382552e-07 7.649281501770019531e+00 6.445147846534382552e-07 7.649281501770019531e+00 1.025557518005371094e+00 1.177034225463867188e+02
2.610000000000000000e+03 6.240064180929039139e-07 7.649281024932861328e+00 6.240064180929039139e-07 7.649281024932861328e+00 1.025549530982971191e+00 1.177015914916992188e+02
2.620000000000000000e+03 6.335156967907096259e-07 7.649280071258544922e+00 6.335156967907096259e-07 7.649280071258544922e+00 1.025543093681335449e+00 1.177001037597656250e+02
2.630000000000000000e+03 6.097426421547424980e-07 7.649280071258544922e+00 6.097426421547424980e-07 7.649280071258544922e+00 1.025539517402648926e+00 1.176992950439453125e+02
2.640000000000000000e+03 5.954219659543014131e-07 7.649280548095703125e+00 5.954219659543014131e-07 7.649280548095703125e+00 1.025537967681884766e+00 1.176989212036132812e+02
2.650000000000000000e+03 5.972777330498502124e-07 7.649278163909912109e+00 5.972777330498502124e-07 7.649278163909912109e+00 1.025534868240356445e+00 1.176982040405273438e+02
2.660000000000000000e+03 5.784202130598714575e-07 7.649278163909912109e+00 5.784202130598714575e-07 7.649278163909912109e+00 1.025528669357299805e+00 1.176968078613281250e+02
2.670000000000000000e+03 5.698148584087903146e-07 7.649278163909912109e+00 5.698148584087903146e-07 7.649278163909912109e+00 1.025523543357849121e+00 1.176956253051757812e+02
2.680000000000000000e+03 5.602756232292449567e-07 7.649279117584228516e+00 5.602756232292449567e-07 7.649279117584228516e+00 1.025516986846923828e+00 1.176940917968750000e+02
2.690000000000000000e+03 5.592756906480644830e-07 7.649278163909912109e+00 5.592756906480644830e-07 7.649278163909912109e+00 1.025511860847473145e+00 1.176929321289062500e+02
2.700000000000000000e+03 5.446285626931057777e-07 7.649279117584228516e+00 5.446285626931057777e-07 7.649279117584228516e+00 1.025508403778076172e+00 1.176921081542968750e+02
2.710000000000000000e+03 5.372890541366359685e-07 7.649278163909912109e+00 5.372890541366359685e-07 7.649278163909912109e+00 1.025505781173706055e+00 1.176915206909179688e+02
2.720000000000000000e+03 5.258274882180558052e-07 7.649277687072753906e+00 5.258274882180558052e-07 7.649277687072753906e+00 1.025501847267150879e+00 1.176906356811523438e+02
2.730000000000000000e+03 5.128555926603439730e-07 7.649276256561279297e+00 5.128555926603439730e-07 7.649276256561279297e+00 1.025497674942016602e+00 1.176896591186523438e+02
2.740000000000000000e+03 5.173288855075952597e-07 7.649278163909912109e+00 5.173288855075952597e-07 7.649278163909912109e+00 1.025491476058959961e+00 1.176882781982421875e+02
2.750000000000000000e+03 5.019637114855868276e-07 7.649277210235595703e+00 5.019637114855868276e-07 7.649277210235595703e+00 1.025487661361694336e+00 1.176873550415039062e+02
2.760000000000000000e+03 5.088800207886379212e-07 7.649275779724121094e+00 5.088800207886379212e-07 7.649275779724121094e+00 1.025487422943115234e+00 1.176873168945312500e+02
2.770000000000000000e+03 4.847569812227447983e-07 7.649275302886962891e+00 4.847569812227447983e-07 7.649275302886962891e+00 1.025481104850769043e+00 1.176858825683593750e+02
2.780000000000000000e+03 4.809959364138194360e-07 7.649275302886962891e+00 4.809959364138194360e-07 7.649275302886962891e+00 1.025475502014160156e+00 1.176845932006835938e+02
2.790000000000000000e+03 4.941155111737316474e-07 7.649275302886962891e+00 4.941155111737316474e-07 7.649275302886962891e+00 1.025474786758422852e+00 1.176844558715820312e+02
2.800000000000000000e+03 5.010386985304648988e-07 7.649276256561279297e+00 5.010386985304648988e-07 7.649276256561279297e+00 1.025463938713073730e+00 1.176819305419921875e+02
2.810000000000000000e+03 5.074863338450086303e-07 7.649274826049804688e+00 5.074863338450086303e-07 7.649274826049804688e+00 1.025468587875366211e+00 1.176829910278320312e+02
2.820000000000000000e+03 4.466789675916515989e-07 7.649275779724121094e+00 4.466789675916515989e-07 7.649275779724121094e+00 1.025459885597229004e+00 1.176810150146484375e+02
2.830000000000000000e+03 4.875262789028056432e-07 7.649275779724121094e+00 4.875262789028056432e-07 7.649275779724121094e+00 1.025452136993408203e+00 1.176792449951171875e+02
2.840000000000000000e+03 4.332981120569456834e-07 7.649274826049804688e+00 4.332981120569456834e-07 7.649274826049804688e+00 1.025453209877014160e+00 1.176794815063476562e+02
2.850000000000000000e+03 4.316422348438209156e-07 7.649274349212646484e+00 4.316422348438209156e-07 7.649274349212646484e+00 1.025447845458984375e+00 1.176782302856445312e+02
2.860000000000000000e+03 4.230174681651988067e-07 7.649273872375488281e+00 4.230174681651988067e-07 7.649273872375488281e+00 1.025447130203247070e+00 1.176780624389648438e+02
2.870000000000000000e+03 4.520058212165167788e-07 7.649274349212646484e+00 4.520058212165167788e-07 7.649274349212646484e+00 1.025437831878662109e+00 1.176759338378906250e+02
2.880000000000000000e+03 1.086198267330473755e-06 7.649274826049804688e+00 1.086198267330473755e-06 7.649274826049804688e+00 1.025421977043151855e+00 1.176723175048828125e+02
2.890000000000000000e+03 3.746109314306522720e-06 7.649274349212646484e+00 3.746109314306522720e-06 7.649274349212646484e+00 1.025399208068847656e+00 1.176670684814453125e+02
2.900000000000000000e+03 6.176419265102595091e-05 7.649270534515380859e+00 6.176419265102595091e-05 7.649270534515380859e+00 1.025286912918090820e+00 1.176413116455078125e+02
2.910000000000000000e+03 8.731349953450262547e-04 7.649272918701171875e+00 8.731349953450262547e-04 7.649272918701171875e+00 1.025014519691467285e+00 1.175788040161132812e+02
2.920000000000000000e+03 5.358547787182033062e-05 7.649273872375488281e+00 5.358547787182033062e-05 7.649273872375488281e+00 1.025896787643432617e+00 1.177812728881835938e+02
2.930000000000000000e+03 4.472384171094745398e-05 7.649274349212646484e+00 4.472384171094745398e-05 7.649274349212646484e+00 1.025987029075622559e+00 1.178019943237304688e+02
2.940000000000000000e+03 1.654102015891112387e-05 7.649272441864013672e+00 1.654102015891112387e-05 7.649272441864013672e+00 1.025946259498596191e+00 1.177926406860351562e+02
2.950000000000000000e+03 5.710616278520319611e-06 7.649275302886962891e+00 5.710616278520319611e-06 7.649275302886962891e+00 1.025925636291503906e+00 1.177879333496093750e+02
2.960000000000000000e+03 2.587700691947247833e-06 7.649272918701171875e+00 2.587700691947247833e-06 7.649272918701171875e+00 1.025895833969116211e+00 1.177810974121093750e+02
2.970000000000000000e+03 8.720979849385912530e-07 7.649271965026855469e+00 8.720979849385912530e-07 7.649271965026855469e+00 1.025866746902465820e+00 1.177744140625000000e+02
2.980000000000000000e+03 4.147927938902284950e-07 7.649269580841064453e+00 4.147927938902284950e-07 7.649269580841064453e+00 1.025833845138549805e+00 1.177668228149414062e+02
2.990000000000000000e+03 4.059691036673029885e-07 7.649273395538330078e+00 4.059691036673029885e-07 7.649273395538330078e+00 1.025818824768066406e+00 1.177633972167968750e+02
3.000000000000000000e+03 5.033501793150207959e-07 7.649271965026855469e+00 5.033501793150207959e-07 7.649271965026855469e+00 1.025802135467529297e+00 1.177595977783203125e+02
3.010000000000000000e+03 3.353801218963781139e-07 7.649272918701171875e+00 3.353801218963781139e-07 7.649272918701171875e+00 1.025799870491027832e+00 1.177590637207031250e+02
3.020000000000000000e+03 3.110933732841658639e-07 7.649271965026855469e+00 3.110933732841658639e-07 7.649271965026855469e+00 1.025785088539123535e+00 1.177556610107421875e+02
3.030000000000000000e+03 3.085754656240169425e-07 7.649271965026855469e+00 3.085754656240169425e-07 7.649271965026855469e+00 1.025774836540222168e+00 1.177533187866210938e+02
3.040000000000000000e+03 3.037905003111518454e-07 7.649271965026855469e+00 3.037905003111518454e-07 7.649271965026855469e+00 1.025763034820556641e+00 1.177506027221679688e+02
3.050000000000000000e+03 3.017651692971412558e-07 7.649271488189697266e+00 3.017651692971412558e-07 7.649271488189697266e+00 1.025755882263183594e+00 1.177489700317382812e+02
3.060000000000000000e+03 3.170403033436741680e-07 7.649271011352539062e+00 3.170403033436741680e-07 7.649271011352539062e+00 1.025742530822753906e+00 1.177458877563476562e+02
3.070000000000000000e+03 3.179427778832177864e-07 7.649270057678222656e+00 3.179427778832177864e-07 7.649270057678222656e+00 1.025739908218383789e+00 1.177452850341796875e+02
3.080000000000000000e+03 2.858740515421231976e-07 7.649271965026855469e+00 2.858740515421231976e-07 7.649271965026855469e+00 1.025728464126586914e+00 1.177426300048828125e+02
3.090000000000000000e+03 2.776955341232678620e-07 7.649270534515380859e+00 2.776955341232678620e-07 7.649270534515380859e+00 1.025720834732055664e+00 1.177408981323242188e+02
3.100000000000000000e+03 8.391990604650345631e-07 7.649271965026855469e+00 8.391990604650345631e-07 7.649271965026855469e+00 1.025699377059936523e+00 1.177359924316406250e+02
3.110000000000000000e+03 2.155087940991506912e-06 7.649270534515380859e+00 2.155087940991506912e-06 7.649270534515380859e+00 1.025681257247924805e+00 1.177317962646484375e+02
3.120000000000000000e+03 1.610605636415129993e-06 7.649270534515380859e+00 1.610605636415129993e-06 7.649270534515380859e+00 1.025680899620056152e+00 1.177317352294921875e+02
3.130000000000000000e+03 1.712251105345785618e-05 7.649272918701171875e+00 1.712251105345785618e-05 7.649272918701171875e+00 1.025620460510253906e+00 1.177178497314453125e+02
3.140000000000000000e+03 6.569385295733809471e-04 7.649269104003906250e+00 6.569385295733809471e-04 7.649269104003906250e+00 1.025263428688049316e+00 1.176359100341796875e+02
3.150000000000000000e+03 1.490377180743962526e-04 7.649274349212646484e+00 1.490377180743962526e-04 7.649274349212646484e+00 1.026602387428283691e+00 1.179433822631835938e+02
3.160000000000000000e+03 3.322741031297482550e-05 7.649271011352539062e+00 3.322741031297482550e-05 7.649271011352539062e+00 1.026690244674682617e+00 1.179635772705078125e+02
3.170000000000000000e+03 7.266522879945114255e-05 7.649270534515380859e+00 7.266522879945114255e-05 7.649270534515380859e+00 1.026864528656005859e+00 1.180036087036132812e+02
3.180000000000000000e+03 3.594802547013387084e-05 7.649274826049804688e+00 3.594802547013387084e-05 7.649274826049804688e+00 1.026813626289367676e+00 1.179919128417968750e+02
3.190000000000000000e+03 3.446166374487802386e-06 7.649271965026855469e+00 3.446166374487802386e-06 7.649271965026855469e+00 1.026721835136413574e+00 1.179708175659179688e+02
3.200000000000000000e+03 9.011021688820619602e-07 7.649270057678222656e+00 9.011021688820619602e-07 7.649270057678222656e+00 1.026659011840820312e+00 1.179563674926757812e+02
3.210000000000000000e+03 1.767251433193450794e-06 7.649269580841064453e+00 1.767251433193450794e-06 7.649269580841064453e+00 1.026606559753417969e+00 1.179443511962890625e+02
3.220000000000000000e+03 7.630935670022154227e-07 7.649271011352539062e+00 7.630935670022154227e-07 7.649271011352539062e+00 1.026576042175292969e+00 1.179373168945312500e+02
3.230000000000000000e+03 3.834209962860768428e-07 7.649269580841064453e+00 3.834209962860768428e-07 7.649269580841064453e+00 1.026554346084594727e+00 1.179323272705078125e+02
3.240000000000000000e+03 3.568929116681829328e-07 7.649271011352539062e+00 3.568929116681829328e-07 7.649271011352539062e+00 1.026526451110839844e+00 1.179259338378906250e+02
3.250000000000000000e+03 3.183852470556303160e-07 7.649270534515380859e+00 3.183852470556303160e-07 7.649270534515380859e+00 1.026499986648559570e+00 1.179198303222656250e+02
3.260000000000000000e+03 3.225555929020629264e-07 7.649269104003906250e+00 3.225555929020629264e-07 7.649269104003906250e+00 1.026478648185729980e+00 1.179149475097656250e+02
3.270000000000000000e+03 2.978591169267019723e-07 7.649270057678222656e+00 2.978591169267019723e-07 7.649270057678222656e+00 1.026455879211425781e+00 1.179096984863281250e+02
3.280000000000000000e+03 2.877385156807577005e-07 7.649269104003906250e+00 2.877385156807577005e-07 7.649269104003906250e+00 1.026437163352966309e+00 1.179054183959960938e+02
3.290000000000000000e+03 2.586068319487822009e-07 7.649269104003906250e+00 2.586068319487822009e-07 7.649269104003906250e+00 1.026417255401611328e+00 1.179008483886718750e+02
3.300000000000000000e+03 3.624630267040629406e-07 7.649266242980957031e+00 3.624630267040629406e-07 7.649266242980957031e+00 1.026394963264465332e+00 1.178957138061523438e+02
3.310000000000000000e+03 2.670210221822344465e-07 7.649268627166748047e+00 2.670210221822344465e-07 7.649268627166748047e+00 1.026388406753540039e+00 1.178942184448242188e+02
3.320000000000000000e+03 2.365854641084297327e-07 7.649268150329589844e+00 2.365854641084297327e-07 7.649268150329589844e+00 1.026371836662292480e+00 1.178904190063476562e+02
3.330000000000000000e+03 2.446966220759350108e-07 7.649269104003906250e+00 2.446966220759350108e-07 7.649269104003906250e+00 1.026356577873229980e+00 1.178869018554687500e+02
3.340000000000000000e+03 2.328135764173566713e-07 7.649269104003906250e+00 2.328135764173566713e-07 7.649269104003906250e+00 1.026349067687988281e+00 1.178851852416992188e+02
3.350000000000000000e+03 2.329807102796621621e-07 7.649267196655273438e+00 2.329807102796621621e-07 7.649267196655273438e+00 1.026332974433898926e+00 1.178814620971679688e+02
3.360000000000000000e+03 2.089097961288644001e-07 7.649267673492431641e+00 2.089097961288644001e-07 7.649267673492431641e+00 1.026324391365051270e+00 1.178794937133789062e+02
3.370000000000000000e+03 2.227195352588751120e-07 7.649267196655273438e+00 2.227195352588751120e-07 7.649267196655273438e+00 1.026310801506042480e+00 1.178763961791992188e+02
3.380000000000000000e+03 2.164687913364105043e-07 7.649267196655273438e+00 2.164687913364105043e-07 7.649267196655273438e+00 1.026300072669982910e+00 1.178739471435546875e+02
3.390000000000000000e+03 2.114702226663212059e-07 7.649267673492431641e+00 2.114702226663212059e-07 7.649267673492431641e+00 1.026297092437744141e+00 1.178732528686523438e+02
3.400000000000000000e+03 1.867527998911100440e-07 7.649267196655273438e+00 1.867527998911100440e-07 7.649267196655273438e+00 1.026286125183105469e+00 1.178707199096679688e+02
3.410000000000000000e+03 8.290615369332954288e-06 7.649267673492431641e+00 8.290615369332954288e-06 7.649267673492431641e+00 1.026227116584777832e+00 1.178571777343750000e+02
3.420000000000000000e+03 1.340355811407789588e-04 7.649267673492431641e+00 1.340355811407789588e-04 7.649267673492431641e+00 1.026076078414916992e+00 1.178225021362304688e+02
3.430000000000000000e+03 2.381061203777790070e-03 7.649271011352539062e+00 2.381061203777790070e-03 7.649271011352539062e+00 1.025726437568664551e+00 1.177422027587890625e+02
3.440000000000000000e+03 6.809356273151934147e-05 7.649270057678222656e+00 6.809356273151934147e-05 7.649270057678222656e+00 1.027062416076660156e+00 1.180491027832031250e+02
3.450000000000000000e+03 3.451211159699596465e-05 7.649269104003906250e+00 3.451211159699596465e-05 7.649269104003906250e+00 1.027187705039978027e+00 1.180778884887695312e+02
3.460000000000000000e+03 6.565932835655985400e-06 7.649269104003906250e+00 6.565932835655985400e-06 7.649269104003906250e+00 1.027068495750427246e+00 1.180504913330078125e+02
3.470000000000000000e+03 1.331598468823358417e-06 7.649272918701171875e+00 1.331598468823358417e-06 7.649272918701171875e+00 1.027035474777221680e+00 1.180429000854492188e+02
3.480000000000000000e+03 1.064721118382294662e-06 7.649268150329589844e+00 1.064721118382294662e-06 7.649268150329589844e+00 1.027005434036254883e+00 1.180360183715820312e+02
3.490000000000000000e+03 7.915328410490474198e-07 7.649267673492431641e+00 7.915328410490474198e-07 7.649267673492431641e+00 1.026963591575622559e+00 1.180263671875000000e+02
3.500000000000000000e+03 8.421900474786525592e-07 7.649271488189697266e+00 8.421900474786525592e-07 7.649271488189697266e+00 1.026924729347229004e+00 1.180174713134765625e+02
3.510000000000000000e+03 7.247863322845660150e-07 7.649267673492431641e+00 7.247863322845660150e-07 7.649267673492431641e+00 1.026895642280578613e+00 1.180107574462890625e+02
3.520000000000000000e+03 4.696298674389254302e-07 7.649265766143798828e+00 4.696298674389254302e-07 7.649265766143798828e+00 1.026861667633056641e+00 1.180029449462890625e+02
3.530000000000000000e+03 4.481233588649047306e-07 7.649267196655273438e+00 4.481233588649047306e-07 7.649267196655273438e+00 1.026828765869140625e+00 1.179954147338867188e+02
3.540000000000000000e+03 4.044364345645590220e-07 7.649268150329589844e+00 4.044364345645590220e-07 7.649268150329589844e+00 1.026808023452758789e+00 1.179906234741210938e+02
3.550000000000000000e+03 4.386315026749798562e-07 7.649267196655273438e+00 4.386315026749798562e-07 7.649267196655273438e+00 1.026797056198120117e+00 1.179881134033203125e+02
3.560000000000000000e+03 3.482815884581214050e-07 7.649265766143798828e+00 3.482815884581214050e-07 7.649265766143798828e+00 1.026770114898681641e+00 1.179819107055664062e+02
3.570000000000000000e+03 2.984376124004484154e-07 7.649265766143798828e+00 2.984376124004484154e-07 7.649265766143798828e+00 1.026757478713989258e+00 1.179789962768554688e+02
3.580000000000000000e+03 2.865135968477261486e-07 7.649265289306640625e+00 2.865135968477261486e-07 7.649265289306640625e+00 1.026744484901428223e+00 1.179760131835937500e+02
3.590000000000000000e+03 2.685267475044383900e-07 7.649264335632324219e+00 2.685267475044383900e-07 7.649264335632324219e+00 1.026729583740234375e+00 1.179726028442382812e+02
3.600000000000000000e+03 2.515019446036603767e-07 7.649266242980957031e+00 2.515019446036603767e-07 7.649266242980957031e+00 1.026715636253356934e+00 1.179693984985351562e+02
3.610000000000000000e+03 2.425142895390308695e-07 7.649267196655273438e+00 2.425142895390308695e-07 7.649267196655273438e+00 1.026705384254455566e+00 1.179670181274414062e+02
3.620000000000000000e+03 2.244651824412358110e-07 7.649266242980957031e+00 2.244651824412358110e-07 7.649266242980957031e+00 1.026693224906921387e+00 1.179642410278320312e+02
3.630000000000000000e+03 2.172559590007949737e-07 7.649265766143798828e+00 2.172559590007949737e-07 7.649265766143798828e+00 1.026681661605834961e+00 1.179616012573242188e+02
3.640000000000000000e+03 2.102550666904789978e-07 7.649264812469482422e+00 2.102550666904789978e-07 7.649264812469482422e+00 1.026673316955566406e+00 1.179596862792968750e+02
3.650000000000000000e+03 4.940760049976233859e-07 7.649265289306640625e+00 4.940760049976233859e-07 7.649265289306640625e+00 1.026653647422790527e+00 1.179551544189453125e+02
3.660000000000000000e+03 1.481098297517746687e-05 7.649265766143798828e+00 1.481098297517746687e-05 7.649265766143798828e+00 1.026589155197143555e+00 1.179403381347656250e+02
3.670000000000000000e+03 6.112626288086175919e-04 7.649264335632324219e+00 6.112626288086175919e-04 7.649264335632324219e+00 1.026266336441040039e+00 1.178661575317382812e+02
3.680000000000000000e+03 8.749683183850720525e-05 7.649267196655273438e+00 8.749683183850720525e-05 7.649267196655273438e+00 1.027169942855834961e+00 1.180738296508789062e+02
3.690000000000000000e+03 7.884829392423853278e-05 7.649267196655273438e+00 7.884829392423853278e-05 7.649267196655273438e+00 1.027317523956298828e+00 1.181077728271484375e+02
3.700000000000000000e+03 1.087672717403620481e-05 7.649268627166748047e+00 1.087672717403620481e-05 7.649268627166748047e+00 1.027466297149658203e+00 1.181419372558593750e+02
3.710000000000000000e+03 4.026927854283712804e-05 7.649265766143798828e+00 4.026927854283712804e-05 7.649265766143798828e+00 1.027539610862731934e+00 1.181588134765625000e+02
3.720000000000000000e+03 1.785249150998424739e-05 7.649266242980957031e+00 1.785249150998424739e-05 7.649266242980957031e+00 1.027483224868774414e+00 1.181458740234375000e+02
3.730000000000000000e+03 1.612003416084917262e-06 7.649264335632324219e+00 1.612003416084917262e-06 7.649264335632324219e+00 1.027379035949707031e+00 1.181218872070312500e+02
3.740000000000000000e+03 8.481732152176846284e-07 7.649268150329589844e+00 8.481732152176846284e-07 7.649268150329589844e+00 1.027315616607666016e+00 1.181073303222656250e+02
3.750000000000000000e+03 1.062824480868584942e-06 7.649266242980957031e+00 1.062824480868584942e-06 7.649266242980957031e+00 1.027271628379821777e+00 1.180971908569335938e+02
3.760000000000000000e+03 7.821369081284501590e-07 7.649267673492431641e+00 7.821369081284501590e-07 7.649267673492431641e+00 1.027240633964538574e+00 1.180900878906250000e+02
3.770000000000000000e+03 6.700554422423010692e-07 7.649265766143798828e+00 6.700554422423010692e-07 7.649265766143798828e+00 1.027212977409362793e+00 1.180837097167968750e+02
3.780000000000000000e+03 4.565756341889937175e-07 7.649265289306640625e+00 4.565756341889937175e-07 7.649265289306640625e+00 1.027193784713745117e+00 1.180792999267578125e+02
3.790000000000000000e+03 4.198196563720557606e-07 7.649265289306640625e+00 4.198196563720557606e-07 7.649265289306640625e+00 1.027171730995178223e+00 1.180742340087890625e+02
3.800000000000000000e+03 3.910124632966471836e-07 7.649267196655273438e+00 3.910124632966471836e-07 7.649267196655273438e+00 1.027154564857482910e+00 1.180702896118164062e+02
3.810000000000000000e+03 3.854393639812769834e-07 7.649265766143798828e+00 3.854393639812769834e-07 7.649265766143798828e+00 1.027132511138916016e+00 1.180652465820312500e+02
3.820000000000000000e+03 3.359418769832700491e-07 7.649264335632324219e+00 3.359418769832700491e-07 7.649264335632324219e+00 1.027118921279907227e+00 1.180620727539062500e+02
3.830000000000000000e+03 3.178670908710046206e-07 7.649261951446533203e+00 3.178670908710046206e-07 7.649261951446533203e+00 1.027105331420898438e+00 1.180589675903320312e+02
3.840000000000000000e+03 2.943094443708105246e-07 7.649264812469482422e+00 2.943094443708105246e-07 7.649264812469482422e+00 1.027091860771179199e+00 1.180558853149414062e+02
3.850000000000000000e+03 2.785683648198755691e-07 7.649266242980957031e+00 2.785683648198755691e-07 7.649266242980957031e+00 1.027078509330749512e+00 1.180527877807617188e+02
3.860000000000000000e+03 2.623903867515764432e-07 7.649264335632324219e+00 2.623903867515764432e-07 7.649264335632324219e+00 1.027067065238952637e+00 1.180501708984375000e+02
3.870000000000000000e+03 2.519545887480489910e-07 7.649263858795166016e+00 2.519545887480489910e-07 7.649263858795166016e+00 1.027056455612182617e+00 1.180477218627929688e+02
3.880000000000000000e+03 2.370125287143309833e-07 7.649265289306640625e+00 2.370125287143309833e-07 7.649265289306640625e+00 1.027045130729675293e+00 1.180451278686523438e+02
3.890000000000000000e+03 2.204380820103324368e-07 7.649265289306640625e+00 2.204380820103324368e-07 7.649265289306640625e+00 1.027035474777221680e+00 1.180429153442382812e+02
3.900000000000000000e+03 2.129465741518288269e-07 7.649263858795166016e+00 2.129465741518288269e-07 7.649263858795166016e+00 1.027025461196899414e+00 1.180406265258789062e+02
3.910000000000000000e+03 2.838886814515717560e-07 7.649260997772216797e+00 2.838886814515717560e-07 7.649260997772216797e+00 1.027012825012207031e+00 1.180377120971679688e+02
3.920000000000000000e+03 3.013815614849590929e-07 7.649264812469482422e+00 3.013815614849590929e-07 7.649264812469482422e+00 1.027004599571228027e+00 1.180358352661132812e+02
3.930000000000000000e+03 2.068861022053170018e-06 7.649263381958007812e+00 2.068861022053170018e-06 7.649263381958007812e+00 1.026980042457580566e+00 1.180301437377929688e+02
3.940000000000000000e+03 9.678619790065567940e-06 7.649264335632324219e+00 9.678619790065567940e-06 7.649264335632324219e+00 1.026946306228637695e+00 1.180224227905273438e+02
3.950000000000000000e+03 2.517590182833373547e-04 7.649263858795166016e+00 2.517590182833373547e-04 7.649263858795166016e+00 1.026753664016723633e+00 1.179781417846679688e+02
3.960000000000000000e+03 1.989726210013031960e-03 7.649264335632324219e+00 1.989726210013031960e-03 7.649264335632324219e+00 1.026657700538635254e+00 1.179560928344726562e+02
3.970000000000000000e+03 3.620522329583764076e-05 7.649263381958007812e+00 3.620522329583764076e-05 7.649263381958007812e+00 1.027406811714172363e+00 1.181282958984375000e+02
3.980000000000000000e+03 8.435801646555773914e-06 7.649263858795166016e+00 8.435801646555773914e-06 7.649263858795166016e+00 1.027542233467102051e+00 1.181594543457031250e+02
3.990000000000000000e+03 1.212074130307883024e-05 7.649264335632324219e+00 1.212074130307883024e-05 7.649264335632324219e+00 1.027555942535400391e+00 1.181625747680664062e+02
4.000000000000000000e+03 9.135266736848279834e-06 7.649265289306640625e+00 9.135266736848279834e-06 7.649265289306640625e+00 1.027524471282958984e+00 1.181553421020507812e+02
4.010000000000000000e+03 5.709159268008079380e-06 7.649262428283691406e+00 5.709159268008079380e-06 7.649262428283691406e+00 1.027470946311950684e+00 1.181430206298828125e+02
4.020000000000000000e+03 1.892582076834514737e-06 7.649263381958007812e+00 1.892582076834514737e-06 7.649263381958007812e+00 1.027413845062255859e+00 1.181299057006835938e+02
4.030000000000000000e+03 4.512497184805397410e-07 7.649264335632324219e+00 4.512497184805397410e-07 7.649264335632324219e+00 1.027369022369384766e+00 1.181195831298828125e+02
4.040000000000000000e+03 6.299903816398000345e-07 7.649266242980957031e+00 6.299903816398000345e-07 7.649266242980957031e+00 1.027339816093444824e+00 1.181128768920898438e+02
4.050000000000000000e+03 3.596312296849646373e-07 7.649264335632324219e+00 3.596312296849646373e-07 7.649264335632324219e+00 1.027323365211486816e+00 1.181090850830078125e+02
4.060000000000000000e+03 3.604893379360873951e-07 7.649264335632324219e+00 3.604893379360873951e-07 7.649264335632324219e+00 1.027307510375976562e+00 1.181054306030273438e+02
4.070000000000000000e+03 3.173782943122205324e-07 7.649263858795166016e+00 3.173782943122205324e-07 7.649263858795166016e+00 1.027285814285278320e+00 1.181004333496093750e+02
4.080000000000000000e+03 2.896576063449174399e-07 7.649266242980957031e+00 2.896576063449174399e-07 7.649266242980957031e+00 1.027273893356323242e+00 1.180976943969726562e+02
4.090000000000000000e+03 2.688652216420450713e-07 7.649263858795166016e+00 2.688652216420450713e-07 7.649263858795166016e+00 1.027261137962341309e+00 1.180947647094726562e+02
4.100000000000000000e+03 2.679715862541343085e-07 7.649263858795166016e+00 2.679715862541343085e-07 7.649263858795166016e+00 1.027244806289672852e+00 1.180910186767578125e+02
4.110000000000000000e+03 2.436510726511187386e-07 7.649262428283691406e+00 2.436510726511187386e-07 7.649262428283691406e+00 1.027238607406616211e+00 1.180896224975585938e+02
4.120000000000000000e+03 2.222792971906528692e-07 7.649263381958007812e+00 2.222792971906528692e-07 7.649263381958007812e+00 1.027227163314819336e+00 1.180869674682617188e+02
4.130000000000000000e+03 4.988550017515080981e-07 7.649265766143798828e+00 4.988550017515080981e-07 7.649265766143798828e+00 1.027224421501159668e+00 1.180863418579101562e+02
4.140000000000000000e+03 8.549575909455597866e-07 7.649264812469482422e+00 8.549575909455597866e-07 7.649264812469482422e+00 1.027195572853088379e+00 1.180796890258789062e+02
4.150000000000000000e+03 2.692128759917977732e-07 7.649268150329589844e+00 2.692128759917977732e-07 7.649268150329589844e+00 1.027202725410461426e+00 1.180813522338867188e+02
4.160000000000000000e+03 2.739043054589274107e-07 7.649268627166748047e+00 2.739043054589274107e-07 7.649268627166748047e+00 1.027195572853088379e+00 1.180797271728515625e+02
4.170000000000000000e+03 5.041796384830377065e-07 7.649265766143798828e+00 5.041796384830377065e-07 7.649265766143798828e+00 1.027174592018127441e+00 1.180748977661132812e+02
4.180000000000000000e+03 1.583513585501350462e-05 7.649263381958007812e+00 1.583513585501350462e-05 7.649263381958007812e+00 1.027120113372802734e+00 1.180623703002929688e+02
4.190000000000000000e+03 1.154251163825392723e-03 7.649262428283691406e+00 1.154251163825392723e-03 7.649262428283691406e+00 1.026724219322204590e+00 1.179713897705078125e+02
4.200000000000000000e+03 4.778004367835819721e-04 7.649267673492431641e+00 4.778004367835819721e-04 7.649267673492431641e+00 1.027976274490356445e+00 1.182592697143554688e+02
4.210000000000000000e+03 3.181062638759613037e-04 7.649269580841064453e+00 3.181062638759613037e-04 7.649269580841064453e+00 1.028009653091430664e+00 1.182669525146484375e+02
4.220000000000000000e+03 1.797961012925952673e-04 7.649270057678222656e+00 1.797961012925952673e-04 7.649270057678222656e+00 1.027885198593139648e+00 1.182383041381835938e+02
4.230000000000000000e+03 2.579499550847685896e-06 7.649264812469482422e+00 2.579499550847685896e-06 7.649264812469482422e+00 1.027711629867553711e+00 1.181984100341796875e+02
4.240000000000000000e+03 2.522418617445509881e-05 7.649264335632324219e+00 2.522418617445509881e-05 7.649264335632324219e+00 1.027624964714050293e+00 1.181784210205078125e+02
4.250000000000000000e+03 4.422983693075366318e-06 7.649265289306640625e+00 4.422983693075366318e-06 7.649265289306640625e+00 1.027598738670349121e+00 1.181724243164062500e+02
4.260000000000000000e+03 9.459145076107233763e-07 7.649264335632324219e+00 9.459145076107233763e-07 7.649264335632324219e+00 1.027574896812438965e+00 1.181669235229492188e+02
4.270000000000000000e+03 1.483677465330401901e-06 7.649262905120849609e+00 1.483677465330401901e-06 7.649262905120849609e+00 1.027549028396606445e+00 1.181609802246093750e+02
4.280000000000000000e+03 7.752468036414938979e-07 7.649265289306640625e+00 7.752468036414938979e-07 7.649265289306640625e+00 1.027516245841979980e+00 1.181534271240234375e+02
4.290000000000000000e+03 4.032673643905582139e-07 7.649263381958007812e+00 4.032673643905582139e-07 7.649263381958007812e+00 1.027486681938171387e+00 1.181466522216796875e+02
4.300000000000000000e+03 3.559763399607618339e-07 7.649264335632324219e+00 3.559763399607618339e-07 7.649264335632324219e+00 1.027461886405944824e+00 1.181409606933593750e+02
4.310000000000000000e+03 3.171257958456408232e-07 7.649264335632324219e+00 3.171257958456408232e-07 7.649264335632324219e+00 1.027445912361145020e+00 1.181372756958007812e+02
4.320000000000000000e+03 2.902358744449884398e-07 7.649264335632324219e+00 2.902358744449884398e-07 7.649264335632324219e+00 1.027431488037109375e+00 1.181339569091796875e+02
4.330000000000000000e+03 2.719715723742410773e-07 7.649261951446533203e+00 2.719715723742410773e-07 7.649261951446533203e+00 1.027415990829467773e+00 1.181303787231445312e+02
4.340000000000000000e+03 2.533674035021249438e-07 7.649262428283691406e+00 2.533674035021249438e-07 7.649262428283691406e+00 1.027404427528381348e+00 1.181277313232421875e+02
4.350000000000000000e+03 2.370868230627820594e-07 7.649263858795166016e+00 2.370868230627820594e-07 7.649263858795166016e+00 1.027392506599426270e+00 1.181250000000000000e+02
4.360000000000000000e+03 2.241544052594690584e-07 7.649263858795166016e+00 2.241544052594690584e-07 7.649263858795166016e+00 1.027381539344787598e+00 1.181224441528320312e+02
4.370000000000000000e+03 2.119577970915997867e-07 7.649262428283691406e+00 2.119577970915997867e-07 7.649262428283691406e+00 1.027372837066650391e+00 1.181204452514648438e+02
4.380000000000000000e+03 2.043225606485066237e-07 7.649268627166748047e+00 2.043225606485066237e-07 7.649268627166748047e+00 1.027362585067749023e+00 1.181181106567382812e+02
4.390000000000000000e+03 2.208954867910506437e-07 7.649262905120849609e+00 2.208954867910506437e-07 7.649262905120849609e+00 1.027352213859558105e+00 1.181157302856445312e+02
4.400000000000000000e+03 2.433168333482171874e-07 7.649265766143798828e+00 2.433168333482171874e-07 7.649265766143798828e+00 1.027348399162292480e+00 1.181148605346679688e+02
4.410000000000000000e+03 2.446748510465113213e-07 7.649263381958007812e+00 2.446748510465113213e-07 7.649263381958007812e+00 1.027335524559020996e+00 1.181119308471679688e+02
4.420000000000000000e+03 1.915911695959948702e-07 7.649262905120849609e+00 1.915911695959948702e-07 7.649262905120849609e+00 1.027328491210937500e+00 1.181102752685546875e+02
4.430000000000000000e+03 2.170362876086073811e-07 7.649267196655273438e+00 2.170362876086073811e-07 7.649267196655273438e+00 1.027326703071594238e+00 1.181098937988281250e+02
4.440000000000000000e+03 1.449220405902451603e-07 7.649260044097900391e+00 1.449220405902451603e-07 7.649260044097900391e+00 1.027316927909851074e+00 1.181076202392578125e+02
4.450000000000000000e+03 1.362363946100231260e-07 7.649260044097900391e+00 1.362363946100231260e-07 7.649260044097900391e+00 1.027311801910400391e+00 1.181064605712890625e+02
4.460000000000000000e+03 1.666570028646674473e-07 7.649264335632324219e+00 1.666570028646674473e-07 7.649264335632324219e+00 1.027308702468872070e+00 1.181057128906250000e+02
4.470000000000000000e+03 5.804864713354618289e-07 7.649261951446533203e+00 5.804864713354618289e-07 7.649261951446533203e+00 1.027308702468872070e+00 1.181057662963867188e+02
4.480000000000000000e+03 4.852336132898926735e-06 7.649260520935058594e+00 4.852336132898926735e-06 7.649260520935058594e+00 1.027321457862854004e+00 1.181086730957031250e+02
4.490000000000000000e+03 2.431276698189321905e-05 7.649260520935058594e+00 2.431276698189321905e-05 7.649260520935058594e+00 1.027353763580322266e+00 1.181160812377929688e+02
4.500000000000000000e+03 5.181435699341818690e-05 7.649261951446533203e+00 5.181435699341818690e-05 7.649261951446533203e+00 1.027382135391235352e+00 1.181226043701171875e+02
4.510000000000000000e+03 1.701971486909314990e-04 7.649265289306640625e+00 1.701971486909314990e-04 7.649265289306640625e+00 1.027462005615234375e+00 1.181410140991210938e+02
4.520000000000000000e+03 6.673763273283839226e-04 7.649264812469482422e+00 6.673763273283839226e-04 7.649264812469482422e+00 1.027663469314575195e+00 1.181873321533203125e+02
4.530000000000000000e+03 2.886629090426140465e-06 7.649264812469482422e+00 2.886629090426140465e-06 7.649264812469482422e+00 1.027383446693420410e+00 1.181229019165039062e+02
4.540000000000000000e+03 6.087626388762146235e-06 7.649261951446533203e+00 6.087626388762146235e-06 7.649261951446533203e+00 1.027374982833862305e+00 1.181209640502929688e+02
4.550000000000000000e+03 2.394309740338940173e-05 7.649260997772216797e+00 2.394309740338940173e-05 7.649260997772216797e+00 1.027455091476440430e+00 1.181394119262695312e+02
4.560000000000000000e+03 1.032148702506674454e-05 7.649260044097900391e+00 1.032148702506674454e-05 7.649260044097900391e+00 1.027341604232788086e+00 1.181132965087890625e+02
4.570000000000000000e+03 6.468293122452450916e-06 7.649265289306640625e+00 6.468293122452450916e-06 7.649265289306640625e+00 1.027393460273742676e+00 1.181252365112304688e+02
4.580000000000000000e+03 5.441930625238455832e-06 7.649262428283691406e+00 5.441930625238455832e-06 7.649262428283691406e+00 1.027378439903259277e+00 1.181217575073242188e+02
4.590000000000000000e+03 1.464657771066413261e-06 7.649260997772216797e+00 1.464657771066413261e-06 7.649260997772216797e+00 1.027354717254638672e+00 1.181163253784179688e+02
4.600000000000000000e+03 6.305219812929863110e-07 7.649260997772216797e+00 6.305219812929863110e-07 7.649260997772216797e+00 1.027338981628417969e+00 1.181127090454101562e+02
4.610000000000000000e+03 3.296911017969250679e-05 7.649264335632324219e+00 3.296911017969250679e-05 7.649264335632324219e+00 1.027391076087951660e+00 1.181246643066406250e+02
4.620000000000000000e+03 1.772563322447240353e-03 7.649267196655273438e+00 1.772563322447240353e-03 7.649267196655273438e+00 1.027860641479492188e+00 1.182326583862304688e+02
4.630000000000000000e+03 9.024922619573771954e-04 7.649267673492431641e+00 9.024922619573771954e-04 7.649267673492431641e+00 1.027305841445922852e+00 1.181051025390625000e+02
4.640000000000000000e+03 1.045409590005874634e-04 7.649269104003906250e+00 1.045409590005874634e-04 7.649269104003906250e+00 1.027643084526062012e+00 1.181826171875000000e+02
4.650000000000000000e+03 9.867422340903431177e-05 7.649266242980957031e+00 9.867422340903431177e-05 7.649266242980957031e+00 1.027618169784545898e+00 1.181769256591796875e+02
4.660000000000000000e+03 6.096447759773582220e-05 7.649264812469482422e+00 6.096447759773582220e-05 7.649264812469482422e+00 1.027611136436462402e+00 1.181752853393554688e+02
4.670000000000000000e+03 2.490272163413465023e-05 7.649270534515380859e+00 2.490272163413465023e-05 7.649270534515380859e+00 1.027586221694946289e+00 1.181695556640625000e+02
4.680000000000000000e+03 7.522158284700708464e-06 7.649260044097900391e+00 7.522158284700708464e-06 7.649260044097900391e+00 1.027562618255615234e+00 1.181641387939453125e+02
4.690000000000000000e+03 2.206038516305852681e-06 7.649268150329589844e+00 2.206038516305852681e-06 7.649268150329589844e+00 1.027530908584594727e+00 1.181568222045898438e+02
4.700000000000000000e+03 7.554953072030912153e-07 7.649264812469482422e+00 7.554953072030912153e-07 7.649264812469482422e+00 1.027509450912475586e+00 1.181519012451171875e+02
4.710000000000000000e+03 3.948233882056229049e-07 7.649264335632324219e+00 3.948233882056229049e-07 7.649264335632324219e+00 1.027487874031066895e+00 1.181469497680664062e+02
4.720000000000000000e+03 3.469329215022298740e-07 7.649265289306640625e+00 3.469329215022298740e-07 7.649265289306640625e+00 1.027468681335449219e+00 1.181425247192382812e+02
4.730000000000000000e+03 3.189456947438884526e-07 7.649265289306640625e+00 3.189456947438884526e-07 7.649265289306640625e+00 1.027454614639282227e+00 1.181392822265625000e+02
4.740000000000000000e+03 1.933632205464164144e-07 7.649268150329589844e+00 1.933632205464164144e-07 7.649268150329589844e+00 1.027444601058959961e+00 1.181369934082031250e+02
4.750000000000000000e+03 1.762406753869072418e-07 7.649267673492431641e+00 1.762406753869072418e-07 7.649267673492431641e+00 1.027431726455688477e+00 1.181340103149414062e+02
4.760000000000000000e+03 1.650928567187293083e-07 7.649262905120849609e+00 1.650928567187293083e-07 7.649262905120849609e+00 1.027422547340393066e+00 1.181319122314453125e+02
4.770000000000000000e+03 1.548194461520324694e-07 7.649262428283691406e+00 1.548194461520324694e-07 7.649262428283691406e+00 1.027414560317993164e+00 1.181300811767578125e+02
4.780000000000000000e+03 1.672166405342068174e-07 7.649264335632324219e+00 1.672166405342068174e-07 7.649264335632324219e+00 1.027404069900512695e+00 1.181276855468750000e+02
4.790000000000000000e+03 1.367474169455817901e-07 7.649263381958007812e+00 1.367474169455817901e-07 7.649263381958007812e+00 1.027399063110351562e+00 1.181265106201171875e+02
4.800000000000000000e+03 1.308997639171138871e-07 7.649261951446533203e+00 1.308997639171138871e-07 7.649261951446533203e+00 1.027391791343688965e+00 1.181248321533203125e+02
4.810000000000000000e+03 1.270080076665180968e-07 7.649260044097900391e+00 1.270080076665180968e-07 7.649260044097900391e+00 1.027385950088500977e+00 1.181234741210937500e+02
4.820000000000000000e+03 1.419770683241949882e-07 7.649262428283691406e+00 1.419770683241949882e-07 7.649262428283691406e+00 1.027377367019653320e+00 1.181215362548828125e+02
4.830000000000000000e+03 1.142557408684297116e-07 7.649261474609375000e+00 1.142557408684297116e-07 7.649261474609375000e+00 1.027373671531677246e+00 1.181207199096679688e+02
4.840000000000000000e+03 1.114701433380105300e-07 7.649263381958007812e+00 1.114701433380105300e-07 7.649263381958007812e+00 1.027369379997253418e+00 1.181196899414062500e+02
4.850000000000000000e+03 1.467280696942907525e-07 7.649263381958007812e+00 1.467280696942907525e-07 7.649263381958007812e+00 1.027363181114196777e+00 1.181182327270507812e+02
4.860000000000000000e+03 1.066863148935226491e-07 7.649264812469482422e+00 1.066863148935226491e-07 7.649264812469482422e+00 1.027360916137695312e+00 1.181177368164062500e+02
4.870000000000000000e+03 1.975915211005485617e-06 7.649264335632324219e+00 1.975915211005485617e-06 7.649264335632324219e+00 1.027374029159545898e+00 1.181207580566406250e+02
4.880000000000000000e+03 1.150133084593107924e-05 7.649262905120849609e+00 1.150133084593107924e-05 7.649262905120849609e+00 1.027396202087402344e+00 1.181258621215820312e+02
4.890000000000000000e+03 1.091238445951603353e-04 7.649264812469482422e+00 1.091238445951603353e-04 7.649264812469482422e+00 1.027480959892272949e+00 1.181453247070312500e+02
4.900000000000000000e+03 2.048050984740257263e-03 7.649271965026855469e+00 2.048050984740257263e-03 7.649271965026855469e+00 1.027969360351562500e+00 1.182576828002929688e+02
4.910000000000000000e+03 5.503392312675714493e-04 7.649265766143798828e+00 5.503392312675714493e-04 7.649265766143798828e+00 1.027446627616882324e+00 1.181374359130859375e+02
4.920000000000000000e+03 1.780366292223334312e-04 7.649267673492431641e+00 1.780366292223334312e-04 7.649267673492431641e+00 1.027943849563598633e+00 1.182518081665039062e+02
4.930000000000000000e+03 6.414623203454539180e-05 7.649262905120849609e+00 6.414623203454539180e-05 7.649262905120849609e+00 1.027884960174560547e+00 1.182382659912109375e+02
4.940000000000000000e+03 9.434928870177827775e-06 7.649262428283691406e+00 9.434928870177827775e-06 7.649262428283691406e+00 1.027727603912353516e+00 1.182020721435546875e+02
4.950000000000000000e+03 9.274107469536829740e-06 7.649262428283691406e+00 9.274107469536829740e-06 7.649262428283691406e+00 1.027675151824951172e+00 1.181899871826171875e+02
4.960000000000000000e+03 2.235271040262887254e-06 7.649263858795166016e+00 2.235271040262887254e-06 7.649263858795166016e+00 1.027679085731506348e+00 1.181909255981445312e+02
4.970000000000000000e+03 5.660920123773394153e-07 7.649262428283691406e+00 5.660920123773394153e-07 7.649262428283691406e+00 1.027638316154479980e+00 1.181815261840820312e+02
4.980000000000000000e+03 3.889991262440162245e-07 7.649261951446533203e+00 3.889991262440162245e-07 7.649261951446533203e+00 1.027602553367614746e+00 1.181732788085937500e+02
4.990000000000000000e+03 1.986685873589522089e-07 7.649263381958007812e+00 1.986685873589522089e-07 7.649263381958007812e+00 1.027590870857238770e+00 1.181706237792968750e+02
5.000000000000000000e+03 1.777519287315953989e-07 7.649261951446533203e+00 1.777519287315953989e-07 7.649261951446533203e+00 1.027570962905883789e+00 1.181660537719726562e+02
