# step, loss_train, loss_test, metrics_test
0.000000000000000000e+00 3.475542413070797920e-03 5.533547401428222656e-01 3.657405972480773926e-01 3.475542413070797920e-03 5.533547401428222656e-01 3.657405972480773926e-01 1.109845638275146484e+00 4.314921200275421143e-01
1.000000000000000000e+01 1.048759743571281433e-02 3.816059231758117676e-02 8.441945910453796387e-02 1.048759743571281433e-02 3.816059231758117676e-02 8.441945910453796387e-02 4.171591401100158691e-01 6.096088141202926636e-02
2.000000000000000000e+01 1.331478240899741650e-03 1.104528736323118210e-02 1.485301088541746140e-02 1.331478240899741650e-03 1.104528736323118210e-02 1.485301088541746140e-02 1.869790703058242798e-01 1.224711257964372635e-02
3.000000000000000000e+01 2.411550143733620644e-03 8.514003828167915344e-03 9.116791188716888428e-03 2.411550143733620644e-03 8.514003828167915344e-03 9.116791188716888428e-03 1.665034145116806030e-01 9.711670689284801483e-03
4.000000000000000000e+01 9.507209761068224907e-04 5.681538023054599762e-03 5.948922596871852875e-03 9.507209761068224907e-04 5.681538023054599762e-03 5.948922596871852875e-03 1.324470043182373047e-01 6.145143881440162659e-03
5.000000000000000000e+01 1.012611202895641327e-03 3.498337464407086372e-03 5.413179751485586166e-03 1.012611202895641327e-03 3.498337464407086372e-03 5.413179751485586166e-03 1.098010838031768799e-01 4.223387222737073898e-03
6.000000000000000000e+01 1.160412910394370556e-03 2.344104228541254997e-03 3.863404970616102219e-03 1.160412910394370556e-03 2.344104228541254997e-03 3.863404970616102219e-03 9.100508689880371094e-02 2.901209052652120590e-03
7.000000000000000000e+01 1.355861662887036800e-03 2.062296960502862930e-03 2.262358088046312332e-03 1.355861662887036800e-03 2.062296960502862930e-03 2.262358088046312332e-03 8.325452357530593872e-02 2.428082283586263657e-03
8.000000000000000000e+01 1.447236631065607071e-03 1.596889458596706390e-03 1.502860686741769314e-03 1.447236631065607071e-03 1.596889458596706390e-03 1.502860686741769314e-03 7.400313764810562134e-02 1.918438589200377464e-03
9.000000000000000000e+01 1.317335292696952820e-03 1.265194267034530640e-03 1.130822929553687572e-03 1.317335292696952820e-03 1.265194267034530640e-03 1.130822929553687572e-03 6.637883931398391724e-02 1.543501275591552258e-03
1.000000000000000000e+02 1.054976484738290310e-03 1.081555150449275970e-03 8.910628966987133026e-04 1.054976484738290310e-03 1.081555150449275970e-03 8.910628966987133026e-04 6.215802580118179321e-02 1.353449770249426365e-03
1.000000000000000000e+02 9.745823917910456657e-04 1.081555150449275970e-03 8.910628966987133026e-04 1.054976484738290310e-03 1.081555150449275970e-03 8.910628966987133026e-04 6.215802580118179321e-02 1.353449770249426365e-03
1.100000000000000000e+02 1.776850665919482708e-03 1.880591968074440956e-03 4.144959151744842529e-03 1.999872270971536636e-03 1.880591968074440956e-03 4.144959151744842529e-03 8.162005245685577393e-02 2.333680633455514908e-03
1.200000000000000000e+02 4.724527825601398945e-04 8.541946299374103546e-04 1.383788650855422020e-03 6.122288177721202374e-04 8.541946299374103546e-04 1.383788650855422020e-03 5.851040780544281006e-02 1.199261751025915146e-03
1.300000000000000000e+02 3.331527404952794313e-04 7.308104541152715683e-04 5.901101976633071899e-04 4.090293950866907835e-04 7.308104541152715683e-04 5.901101976633071899e-04 5.479471385478973389e-02 1.051780418492853642e-03
1.400000000000000000e+02 2.744149533100426197e-04 4.497423942666500807e-04 4.671289934776723385e-04 3.541350015439093113e-04 4.497423942666500807e-04 4.671289934776723385e-04 4.858709499239921570e-02 8.269696845673024654e-04
1.500000000000000000e+02 2.102930011460557580e-04 2.924851141870021820e-04 3.056688001379370689e-04 2.871422329917550087e-04 2.924851141870021820e-04 3.056688001379370689e-04 4.190957173705101013e-02 6.152818677946925163e-04
1.600000000000000000e+02 1.665812014834955335e-04 2.515727246645838022e-04 2.449879248160868883e-04 2.299657935509458184e-04 2.515727246645838022e-04 2.449879248160868883e-04 3.851961344480514526e-02 5.197704304009675980e-04
1.700000000000000000e+02 1.459133345633745193e-04 2.043974673142656684e-04 1.998310181079432368e-04 2.004079142352566123e-04 2.043974673142656684e-04 1.998310181079432368e-04 3.632777929306030273e-02 4.623015993274748325e-04
1.800000000000000000e+02 1.332087558694183826e-04 1.767751964507624507e-04 1.686058531049638987e-04 1.831001427490264177e-04 1.767751964507624507e-04 1.686058531049638987e-04 3.453962504863739014e-02 4.179101670160889626e-04
1.900000000000000000e+02 1.187649759231135249e-04 1.579130766913294792e-04 1.446390233468264341e-04 1.639108522795140743e-04 1.579130766913294792e-04 1.446390233468264341e-04 3.294080495834350586e-02 3.801159909926354885e-04
2.000000000000000000e+02 1.071713559213094413e-04 1.407126255799084902e-04 1.279768766835331917e-04 1.483584346715360880e-04 1.407126255799084902e-04 1.279768766835331917e-04 3.168892115354537964e-02 3.517730510793626308e-04
2.000000000000000000e+02 8.389170398004353046e-05 1.407126255799084902e-04 1.279768766835331917e-04 1.483584346715360880e-04 1.407126255799084902e-04 1.279768766835331917e-04 3.168892115354537964e-02 3.517730510793626308e-04
2.100000000000000000e+02 1.459516352042555809e-04 7.171278120949864388e-04 7.764787878841161728e-04 2.432980400044471025e-04 7.171278120949864388e-04 7.764787878841161728e-04 5.191473290324211121e-02 9.441238944418728352e-04
2.200000000000000000e+02 6.582083733519539237e-05 2.343613014090806246e-04 2.146957849618047476e-04 1.146484428318217397e-04 2.343613014090806246e-04 2.146957849618047476e-04 3.438323363661766052e-02 4.141342360526323318e-04
2.300000000000000000e+02 6.112216942710801959e-05 1.480494247516617179e-04 1.447291288059204817e-04 1.071215010597370565e-04 1.480494247516617179e-04 1.447291288059204817e-04 3.019277192652225494e-02 3.193402371834963560e-04
2.400000000000000000e+02 5.557127587962895632e-05 1.064879106706939638e-04 6.959556048968806863e-05 9.743398550199344754e-05 1.064879106706939638e-04 6.959556048968806863e-05 2.541673369705677032e-02 2.263013884657993913e-04
2.500000000000000000e+02 5.543548104469664395e-05 7.026993989711627364e-05 5.434378908830694854e-05 9.616139141144230962e-05 7.026993989711627364e-05 5.434378908830694854e-05 2.440406382083892822e-02 2.086277090711519122e-04
2.600000000000000000e+02 4.967584754922427237e-05 6.096311335568316281e-05 5.063744174549356103e-05 8.757890464039519429e-05 6.096311335568316281e-05 5.063744174549356103e-05 2.377884089946746826e-02 1.980747038032859564e-04
2.700000000000000000e+02 4.527483906713314354e-05 5.486963709699921310e-05 4.088995410711504519e-05 7.990073936525732279e-05 5.486963709699921310e-05 4.088995410711504519e-05 2.307543531060218811e-02 1.865294761955738068e-04
2.800000000000000000e+02 4.351257666712626815e-05 4.929777423967607319e-05 3.512522380333393812e-05 7.696290413150563836e-05 4.929777423967607319e-05 3.512522380333393812e-05 2.250706590712070465e-02 1.774538541212677956e-04
2.900000000000000000e+02 4.067043118993751705e-05 4.556779458653181791e-05 3.151878263452090323e-05 7.193987403297796845e-05 4.556779458653181791e-05 3.151878263452090323e-05 2.217334508895874023e-02 1.722305460134521127e-04
3.000000000000000000e+02 3.871983062708750367e-05 4.219115362502634525e-05 2.821063571900594980e-05 6.850099453004077077e-05 4.219115362502634525e-05 2.821063571900594980e-05 2.175014652311801910e-02 1.657189131947234273e-04
3.000000000000000000e+02 3.180634666932746768e-05 4.219115362502634525e-05 2.821063571900594980e-05 6.850099453004077077e-05 4.219115362502634525e-05 2.821063571900594980e-05 2.175014652311801910e-02 1.657189131947234273e-04
3.100000000000000000e+02 8.951208292273804545e-05 6.793829961679875851e-04 4.698782286141067743e-04 1.360361202387139201e-04 6.793829961679875851e-04 4.698782286141067743e-04 4.086164385080337524e-02 5.848968285135924816e-04
3.200000000000000000e+02 1.361050381092354655e-04 2.515873347874730825e-04 1.626303710509091616e-04 1.772057439666241407e-04 2.515873347874730825e-04 1.626303710509091616e-04 2.901024185121059418e-02 2.948155452031642199e-04
3.300000000000000000e+02 3.473709148238413036e-05 7.508123235311359167e-05 6.649011629633605480e-05 6.256558845052495599e-05 7.508123235311359167e-05 6.649011629633605480e-05 2.203574404120445251e-02 1.700995198916643858e-04
3.400000000000000000e+02 3.771956835407763720e-05 5.330817293724976480e-05 4.221302151563577354e-05 7.589517917949706316e-05 5.330817293724976480e-05 4.221302151563577354e-05 2.209563925862312317e-02 1.710254873614758253e-04
3.500000000000000000e+02 2.588306051620747894e-05 3.629352431744337082e-05 3.327289596199989319e-05 5.574100214289501309e-05 3.629352431744337082e-05 3.327289596199989319e-05 2.111283317208290100e-02 1.561495591886341572e-04
3.600000000000000000e+02 2.566992588981520385e-05 3.717444997164420784e-05 1.729548239381983876e-05 5.507650348590686917e-05 3.717444997164420784e-05 1.729548239381983876e-05 1.944405771791934967e-02 1.324406912317499518e-04
3.700000000000000000e+02 2.614457116578705609e-05 2.702602068893611431e-05 1.712611810944508761e-05 5.419641092885285616e-05 2.702602068893611431e-05 1.712611810944508761e-05 1.954656094312667847e-02 1.338407746516168118e-04
3.800000000000000000e+02 2.403629696345888078e-05 2.619823862914927304e-05 1.654396328376606107e-05 5.170978693058714271e-05 2.619823862914927304e-05 1.654396328376606107e-05 1.949404738843441010e-02 1.331225939793512225e-04
3.900000000000000000e+02 2.327050970052368939e-05 2.442169716232456267e-05 1.436480215488700196e-05 5.000701276003383100e-05 2.442169716232456267e-05 1.436480215488700196e-05 1.918243803083896637e-02 1.289007050218060613e-04
4.000000000000000000e+02 2.225389471277594566e-05 2.280963053635787219e-05 1.424870970367919654e-05 4.772592001245357096e-05 2.280963053635787219e-05 1.424870970367919654e-05 1.913304254412651062e-02 1.282377052120864391e-04
