# step, loss_train, loss_test, metrics_test
0.000000000000000000e+00 3.343176795169711113e-04 3.288390636444091797e-01 3.343176795169711113e-04 3.288390636444091797e-01 8.561072349548339844e-01 2.761295437812805176e-01
1.000000000000000000e+01 2.840102533809840679e-04 2.895670384168624878e-02 2.840102533809840679e-04 2.895670384168624878e-02 3.319383859634399414e-01 4.151178896427154541e-02
2.000000000000000000e+01 7.246307359309867024e-05 1.054437644779682159e-02 7.246307359309867024e-05 1.054437644779682159e-02 1.844739168882369995e-01 1.282113604247570038e-02
3.000000000000000000e+01 1.833511669246945530e-05 3.359825350344181061e-03 1.833511669246945530e-05 3.359825350344181061e-03 1.098809689283370972e-01 4.548849072307348251e-03
4.000000000000000000e+01 2.458138169458834454e-06 1.058855094015598297e-03 2.458138169458834454e-06 1.058855094015598297e-03 6.259739398956298828e-02 1.476281089708209038e-03
5.000000000000000000e+01 1.009241373139957432e-06 3.852192894555628300e-04 1.009241373139957432e-06 3.852192894555628300e-04 3.826838359236717224e-02 5.517430254258215427e-04
6.000000000000000000e+01 9.338642144030018244e-07 2.231944090453907847e-04 9.338642144030018244e-07 2.231944090453907847e-04 2.631098590791225433e-02 2.608139184303581715e-04
7.000000000000000000e+01 3.714818319622281706e-07 1.276420080102980137e-04 3.714818319622281706e-07 1.276420080102980137e-04 2.075806632637977600e-02 1.623417774681001902e-04
8.000000000000000000e+01 3.793520590988919139e-07 6.539428432006388903e-05 3.793520590988919139e-07 6.539428432006388903e-05 1.848019659519195557e-02 1.286677579628303647e-04
9.000000000000000000e+01 1.819665982338847243e-07 4.191783955320715904e-05 1.819665982338847243e-07 4.191783955320715904e-05 1.570500805974006653e-02 9.292506729252636433e-05
1.000000000000000000e+02 1.330336516502939048e-07 3.007159830303862691e-05 1.330336516502939048e-07 3.007159830303862691e-05 1.429939642548561096e-02 7.703570008743554354e-05
1.100000000000000000e+02 1.038261459029854450e-07 2.572716766735538840e-05 1.038261459029854450e-07 2.572716766735538840e-05 1.357941050082445145e-02 6.947337533347308636e-05
1.200000000000000000e+02 6.094771975995172397e-08 2.081823004118632525e-05 6.094771975995172397e-08 2.081823004118632525e-05 1.289196405559778214e-02 6.261736416490748525e-05
1.300000000000000000e+02 3.402904269478312926e-08 1.791436443454585969e-05 3.402904269478312926e-08 1.791436443454585969e-05 1.239024661481380463e-02 5.783841697848401964e-05
1.400000000000000000e+02 2.894050687984872638e-08 1.659038025536574423e-05 2.894050687984872638e-08 1.659038025536574423e-05 1.203273888677358627e-02 5.454884376376867294e-05
1.500000000000000000e+02 2.978176460999293340e-08 1.603553573659155518e-05 2.978176460999293340e-08 1.603553573659155518e-05 1.174634043127298355e-02 5.198304643272422254e-05
1.600000000000000000e+02 2.920820563190318353e-08 1.557437826704699546e-05 2.920820563190318353e-08 1.557437826704699546e-05 1.149002928286790848e-02 4.973919931217096746e-05
1.700000000000000000e+02 2.074125049489339290e-08 1.512921971880132332e-05 2.074125049489339290e-08 1.512921971880132332e-05 1.124168559908866882e-02 4.761232776218093932e-05
1.800000000000000000e+02 6.005669916930855834e-08 1.469817925681127235e-05 6.005669916930855834e-08 1.469817925681127235e-05 1.101813931018114090e-02 4.573757541947998106e-05
1.900000000000000000e+02 1.532394122705227346e-07 1.425201571692014113e-05 1.532394122705227346e-07 1.425201571692014113e-05 1.079933159053325653e-02 4.393900599097833037e-05
2.000000000000000000e+02 1.548258694583637407e-07 1.382182199449744076e-05 1.548258694583637407e-07 1.382182199449744076e-05 1.057836972177028656e-02 4.215936132823117077e-05
2.100000000000000000e+02 3.360661082751903450e-07 1.336963396170176566e-05 3.360661082751903450e-07 1.336963396170176566e-05 1.037736609578132629e-02 4.057240221300162375e-05
2.200000000000000000e+02 5.978650392535200808e-07 1.120291926781646907e-05 5.978650392535200808e-07 1.120291926781646907e-05 1.023963093757629395e-02 3.950254904339089990e-05
2.300000000000000000e+02 4.095917574886698276e-06 7.906945029390044510e-06 4.095917574886698276e-06 7.906945029390044510e-06 1.217662263661623001e-02 5.586119368672370911e-05
2.400000000000000000e+02 1.348602040707191918e-06 6.949749149498529732e-06 1.348602040707191918e-06 6.949749149498529732e-06 1.169321127235889435e-02 5.151387085788883269e-05
2.500000000000000000e+02 1.094921117328340188e-06 5.713226528314407915e-06 1.094921117328340188e-06 5.713226528314407915e-06 1.041401457041501999e-02 4.085948239662684500e-05
2.600000000000000000e+02 1.218619331666559447e-06 4.777205504069570452e-06 1.218619331666559447e-06 4.777205504069570452e-06 1.162701938301324844e-02 5.093230356578715146e-05
2.700000000000000000e+02 1.348794398836616892e-06 3.940201168006751686e-06 1.348794398836616892e-06 3.940201168006751686e-06 1.145297847688198090e-02 4.941894803778268397e-05
2.800000000000000000e+02 1.207115246870671399e-06 3.410423005334450863e-06 1.207115246870671399e-06 3.410423005334450863e-06 1.115196477621793747e-02 4.685535895987413824e-05
2.900000000000000000e+02 1.086842871700355317e-06 2.896520072681596503e-06 1.086842871700355317e-06 2.896520072681596503e-06 1.137603260576725006e-02 4.875714876106940210e-05
3.000000000000000000e+02 1.065153128365636803e-06 2.507533963580499403e-06 1.065153128365636803e-06 2.507533963580499403e-06 1.105738244950771332e-02 4.606395305017940700e-05
3.100000000000000000e+02 1.204853788294713013e-06 2.134376245521707460e-06 1.204853788294713013e-06 2.134376245521707460e-06 1.153617817908525467e-02 5.013955887989141047e-05
3.200000000000000000e+02 9.427263307770772371e-07 1.811502329474024009e-06 9.427263307770772371e-07 1.811502329474024009e-06 1.100131403654813766e-02 4.559798253467306495e-05
3.300000000000000000e+02 6.111168318057025317e-07 1.569693949932116084e-06 6.111168318057025317e-07 1.569693949932116084e-06 1.024473179131746292e-02 3.954192288802005351e-05
3.400000000000000000e+02 6.151589673208945896e-07 1.421569436388381291e-06 6.151589673208945896e-07 1.421569436388381291e-06 9.864071384072303772e-03 3.665801705210469663e-05
3.500000000000000000e+02 5.196876031732244883e-07 1.298373604186053853e-06 5.196876031732244883e-07 1.298373604186053853e-06 9.153818711638450623e-03 3.156901948386803269e-05
3.600000000000000000e+02 4.215480657876469195e-07 1.197475057779229246e-06 4.215480657876469195e-07 1.197475057779229246e-06 8.902783505618572235e-03 2.986126492032781243e-05
3.700000000000000000e+02 3.445445315719553037e-07 1.092751176656747703e-06 3.445445315719553037e-07 1.092751176656747703e-06 8.585050702095031738e-03 2.776785186142660677e-05
3.800000000000000000e+02 3.789870959280960960e-07 1.048562239702732768e-06 3.789870959280960960e-07 1.048562239702732768e-06 8.306992240250110626e-03 2.599825529614463449e-05
3.900000000000000000e+02 3.515681612498156028e-07 9.961024716176325455e-07 3.515681612498156028e-07 9.961024716176325455e-07 7.972857914865016937e-03 2.394884904788341373e-05
4.000000000000000000e+02 3.504224821426760172e-07 1.111167989620298613e-06 3.504224821426760172e-07 1.111167989620298613e-06 7.941437885165214539e-03 2.376045631535816938e-05
4.100000000000000000e+02 3.863085851207870292e-07 1.276380203307780903e-06 3.863085851207870292e-07 1.276380203307780903e-06 7.718972861766815186e-03 2.244788811367470771e-05
4.200000000000000000e+02 4.438036000919964863e-07 9.691074183137970977e-07 4.438036000919964863e-07 9.691074183137970977e-07 7.664500735700130463e-03 2.213218613178469241e-05
4.300000000000000000e+02 4.222117695462657139e-07 1.370650920762273017e-06 4.222117695462657139e-07 1.370650920762273017e-06 7.875856943428516388e-03 2.336965007998514920e-05
4.400000000000000000e+02 3.698884256664314307e-07 2.130058874172391370e-06 3.698884256664314307e-07 2.130058874172391370e-06 7.386872544884681702e-03 2.055785262200515717e-05
4.500000000000000000e+02 3.287372862814663677e-07 1.504722376921563409e-06 3.287372862814663677e-07 1.504722376921563409e-06 6.991914473474025726e-03 1.841826451709493995e-05
4.600000000000000000e+02 2.690889573386812117e-07 8.508652058480947744e-07 2.690889573386812117e-07 8.508652058480947744e-07 6.541631650179624557e-03 1.612236337678041309e-05
4.700000000000000000e+02 2.094398183771772892e-07 1.209765514431637712e-06 2.094398183771772892e-07 1.209765514431637712e-06 6.266730371862649918e-03 1.479580532759428024e-05
4.800000000000000000e+02 1.864882648305865587e-07 2.228502353318617679e-06 1.864882648305865587e-07 2.228502353318617679e-06 6.362003274261951447e-03 1.524910203443141654e-05
4.900000000000000000e+02 1.482887483916783822e-07 3.264372026023920625e-06 1.482887483916783822e-07 3.264372026023920625e-06 6.325325928628444672e-03 1.507378692622296512e-05
5.000000000000000000e+02 9.407414580664408277e-08 4.597036877385107800e-06 9.407414580664408277e-08 4.597036877385107800e-06 6.246631499379873276e-03 1.470104598411126062e-05
5.100000000000000000e+02 9.276219259390927618e-08 1.868849039965425618e-06 9.276219259390927618e-08 1.868849039965425618e-06 5.685267969965934753e-03 1.217750923387939110e-05
5.200000000000000000e+02 7.109652955250567175e-08 1.144897055382898543e-06 7.109652955250567175e-08 1.144897055382898543e-06 5.318464711308479309e-03 1.065685682988259941e-05
5.300000000000000000e+02 4.586099677794663876e-08 9.913862413668539375e-06 4.586099677794663876e-08 9.913862413668539375e-06 6.684103980660438538e-03 1.683228038018569350e-05
5.400000000000000000e+02 5.152365645244572079e-08 2.286319158883998170e-06 5.152365645244572079e-08 2.286319158883998170e-06 5.296855699270963669e-03 1.057043482433073223e-05
5.500000000000000000e+02 5.408699266240546422e-08 1.801048892957624048e-05 5.408699266240546422e-08 1.801048892957624048e-05 7.865081541240215302e-03 2.330574352527037263e-05
5.600000000000000000e+02 6.573330324499693234e-08 8.436481948592700064e-06 6.573330324499693234e-08 8.436481948592700064e-06 6.340330466628074646e-03 1.514538325864123181e-05
5.700000000000000000e+02 1.040440906763251405e-07 2.441722608637064695e-04 1.040440906763251405e-07 2.441722608637064695e-04 2.372033335268497467e-02 2.119815908372402191e-04
5.800000000000000000e+02 3.264700865202030400e-08 2.432156543363817036e-05 3.264700865202030400e-08 2.432156543363817036e-05 8.689853362739086151e-03 2.844994924089405686e-05
5.900000000000000000e+02 4.397191233351804840e-08 1.053566229529678822e-04 4.397191233351804840e-08 1.053566229529678822e-04 1.619772054255008698e-02 9.884720930131152272e-05
6.000000000000000000e+02 2.123360332006996032e-08 5.227720612310804427e-05 2.123360332006996032e-08 5.227720612310804427e-05 1.187542919069528580e-02 5.313188376021571457e-05
6.100000000000000000e+02 1.955339001824540901e-08 1.801021198843955062e-06 1.955339001824540901e-08 1.801021198843955062e-06 5.415175110101699829e-03 1.104794682760257274e-05
6.200000000000000000e+02 1.742657040892936493e-08 8.486354090564418584e-06 1.742657040892936493e-08 8.486354090564418584e-06 6.522836629301309586e-03 1.602985503268428147e-05
6.300000000000000000e+02 1.581638109371397150e-08 3.538355258569936268e-06 1.581638109371397150e-08 3.538355258569936268e-06 5.516818258911371231e-03 1.146657905337633565e-05
6.400000000000000000e+02 1.304783392441777323e-08 4.735964466817677021e-06 1.304783392441777323e-08 4.735964466817677021e-06 5.585963837802410126e-03 1.175581473944475874e-05
6.500000000000000000e+02 1.629495294253047177e-08 4.116592208447400481e-06 1.629495294253047177e-08 4.116592208447400481e-06 5.415068939328193665e-03 1.104751208913512528e-05
6.600000000000000000e+02 1.177908082183876104e-08 2.460741370668984018e-06 1.177908082183876104e-08 2.460741370668984018e-06 4.932438489049673080e-03 9.166001291305292398e-06
6.700000000000000000e+02 1.398997007129310077e-08 1.289242959501279984e-06 1.398997007129310077e-08 1.289242959501279984e-06 4.582938272505998611e-03 7.913060471764765680e-06
6.800000000000000000e+02 1.373534441739820977e-08 1.836726255532994401e-06 1.373534441739820977e-08 1.836726255532994401e-06 4.618466831743717194e-03 8.036227882257662714e-06
6.900000000000000000e+02 1.330254928433305395e-08 9.422590210306225345e-07 1.330254928433305395e-08 9.422590210306225345e-07 4.356287419795989990e-03 7.149730208766413853e-06
7.000000000000000000e+02 1.232933755090925843e-08 4.535038897302001715e-06 1.232933755090925843e-08 4.535038897302001715e-06 5.109679885208606720e-03 9.836575372901279479e-06
7.100000000000000000e+02 8.396968453894260165e-09 7.524177199229598045e-04 8.396968453894260165e-09 7.524177199229598045e-04 4.095958173274993896e-02 6.320735556073486805e-04
7.200000000000000000e+02 1.117488110935482837e-07 8.456751238554716110e-04 1.117488110935482837e-07 8.456751238554716110e-04 4.374218732118606567e-02 7.208709721453487873e-04
7.300000000000000000e+02 1.129056172999298724e-07 8.300080662593245506e-05 1.129056172999298724e-07 8.300080662593245506e-05 1.529728155583143234e-02 8.816274203127250075e-05
7.400000000000000000e+02 1.864098777559775044e-07 6.383472646120935678e-05 1.864098777559775044e-07 6.383472646120935678e-05 1.408355031162500381e-02 7.472756988136097789e-05
7.500000000000000000e+02 1.947568648574815597e-07 1.694046477496158332e-05 1.947568648574815597e-07 1.694046477496158332e-05 9.467455558478832245e-03 3.376937820576131344e-05
7.600000000000000000e+02 2.535990688556921668e-07 5.239935944700846449e-06 2.535990688556921668e-07 5.239935944700846449e-06 7.835828699171543121e-03 2.313270488230045885e-05
7.700000000000000000e+02 2.111365233758988325e-07 4.259743946022354066e-06 2.111365233758988325e-07 4.259743946022354066e-06 7.283612620085477829e-03 1.998711923079099506e-05
7.800000000000000000e+02 2.227996276360499905e-07 1.092001866709324531e-06 2.227996276360499905e-07 1.092001866709324531e-06 6.545152515172958374e-03 1.613972199265845120e-05
7.900000000000000000e+02 1.990355258385534398e-07 1.326926167166675441e-06 1.990355258385534398e-07 1.326926167166675441e-06 6.116856355220079422e-03 1.409655942552490160e-05
8.000000000000000000e+02 2.246711545694779488e-07 1.073432486009551212e-06 2.246711545694779488e-07 1.073432486009551212e-06 5.824131425470113754e-03 1.277964565815636888e-05
8.100000000000000000e+02 2.181655247568414779e-07 9.322700407210504636e-07 2.181655247568414779e-07 9.322700407210504636e-07 5.572716239839792252e-03 1.170012274087639526e-05
8.200000000000000000e+02 2.035828856605803594e-07 8.776338518146076240e-07 2.035828856605803594e-07 8.776338518146076240e-07 5.346750374883413315e-03 1.077051365427905694e-05
8.300000000000000000e+02 1.450072488751175115e-07 8.535693041267222725e-07 1.450072488751175115e-07 8.535693041267222725e-07 5.145455244928598404e-03 9.974799468182027340e-06
8.400000000000000000e+02 1.453490199310181197e-07 8.614290436526061967e-07 1.453490199310181197e-07 8.614290436526061967e-07 5.021279677748680115e-03 9.499162842985242605e-06
8.500000000000000000e+02 1.583803310722942115e-07 8.126275474751309957e-07 1.583803310722942115e-07 8.126275474751309957e-07 4.744126927107572556e-03 8.479477401124313474e-06
8.600000000000000000e+02 9.598873873528646072e-08 8.097945851659460459e-07 9.598873873528646072e-08 8.097945851659460459e-07 4.347464069724082947e-03 7.120795544324209914e-06
8.700000000000000000e+02 5.704018235519470181e-08 8.072686910054471809e-07 5.704018235519470181e-08 8.072686910054471809e-07 4.064813721925020218e-03 6.224977823876542971e-06
8.800000000000000000e+02 4.847007417652093864e-08 1.195006575471779797e-06 4.847007417652093864e-08 1.195006575471779797e-06 4.094624426215887070e-03 6.316618510027183220e-06
8.900000000000000000e+02 4.873303538488471531e-08 9.077437539417587686e-07 4.873303538488471531e-08 9.077437539417587686e-07 4.040425643324851990e-03 6.150505669211270288e-06
9.000000000000000000e+02 4.500732586620870279e-08 1.809227796911727637e-06 4.500732586620870279e-08 1.809227796911727637e-06 4.242585971951484680e-03 6.781374850106658414e-06
9.100000000000000000e+02 2.740839377679549216e-08 1.206710976475733332e-06 2.740839377679549216e-08 1.206710976475733332e-06 3.962914459407329559e-03 5.916786449233768508e-06
9.200000000000000000e+02 2.237448804010000458e-08 9.637541324991616420e-07 2.237448804010000458e-08 9.637541324991616420e-07 3.854589303955435753e-03 5.597740710072685033e-06
9.300000000000000000e+02 1.912016145411143953e-08 9.044003945746226236e-07 1.912016145411143953e-08 9.044003945746226236e-07 3.773840842768549919e-03 5.365666311263339594e-06
9.400000000000000000e+02 1.790642656374075159e-08 8.816425633995095268e-07 1.790642656374075159e-08 8.816425633995095268e-07 3.748700022697448730e-03 5.294414222589693964e-06
9.500000000000000000e+02 1.646984415515362343e-08 3.672911816465784796e-06 1.646984415515362343e-08 3.672911816465784796e-06 4.452079068869352341e-03 7.467621344403596595e-06
9.600000000000000000e+02 1.610741939828130853e-08 2.778366706479573622e-06 1.610741939828130853e-08 2.778366706479573622e-06 4.252675455063581467e-03 6.813669187977211550e-06
9.700000000000000000e+02 5.625924970331652730e-08 5.254411953501403332e-04 5.625924970331652730e-08 5.254411953501403332e-04 3.431259840726852417e-02 4.435715964064002037e-04
9.800000000000000000e+02 2.780223340437260049e-08 1.882270211353898048e-03 2.780223340437260049e-08 1.882270211353898048e-03 6.472742557525634766e-02 1.578458701260387897e-03
9.900000000000000000e+02 2.711294122548224550e-08 1.157590741058811545e-04 2.711294122548224550e-08 1.157590741058811545e-04 1.764403842389583588e-02 1.172877091448754072e-04
1.000000000000000000e+03 2.216123817788684391e-07 1.517546188551932573e-04 2.216123817788684391e-07 1.517546188551932573e-04 2.070587500929832458e-02 1.615264627616852522e-04
1.010000000000000000e+03 7.558235637361576664e-08 2.541441244829911739e-05 7.558235637361576664e-08 2.541441244829911739e-05 1.114550791680812836e-02 4.680112033383920789e-05
1.020000000000000000e+03 9.065512074357684469e-08 4.929213901050388813e-06 9.065512074357684469e-08 4.929213901050388813e-06 8.155631832778453827e-03 2.505946395103819668e-05
1.030000000000000000e+03 1.317922482257927186e-07 8.296447049360722303e-06 1.317922482257927186e-07 8.296447049360722303e-06 8.544544689357280731e-03 2.750643761828541756e-05
1.040000000000000000e+03 1.030219891617889516e-07 3.758067805392784066e-06 1.030219891617889516e-07 3.758067805392784066e-06 7.255549542605876923e-03 1.983339825528673828e-05
1.050000000000000000e+03 1.391316999388436670e-07 1.383040057589823846e-06 1.391316999388436670e-07 1.383040057589823846e-06 6.318486761301755905e-03 1.504120700701605529e-05
1.060000000000000000e+03 8.602067680385516724e-08 2.251095565952709876e-06 8.602067680385516724e-08 2.251095565952709876e-06 5.990331992506980896e-03 1.351942773908376694e-05
1.070000000000000000e+03 7.857501316266279900e-08 1.863819079517270438e-06 7.857501316266279900e-08 1.863819079517270438e-06 5.607930477708578110e-03 1.184845496027264744e-05
1.080000000000000000e+03 7.064624440999978106e-08 1.164932086794578936e-06 7.064624440999978106e-08 1.164932086794578936e-06 5.151256453245878220e-03 9.997305824072100222e-06
1.090000000000000000e+03 8.861237432711277506e-08 1.048543936121859588e-06 8.861237432711277506e-08 1.048543936121859588e-06 4.867669194936752319e-03 8.926856935431715101e-06
1.100000000000000000e+03 6.391466911281895591e-08 8.881000326255161781e-07 6.391466911281895591e-08 8.881000326255161781e-07 4.624612629413604736e-03 8.057629202085081488e-06
1.110000000000000000e+03 5.853577178527302749e-08 8.446558581454155501e-07 5.853577178527302749e-08 8.446558581454155501e-07 4.449987318366765976e-03 7.460605502274120227e-06
1.120000000000000000e+03 4.763569805277256819e-08 8.887042213245877065e-07 4.763569805277256819e-08 8.887042213245877065e-07 4.309573676437139511e-03 6.997215677984058857e-06
1.130000000000000000e+03 5.114384862281440292e-07 8.720037953935388941e-07 5.114384862281440292e-07 8.720037953935388941e-07 4.289335571229457855e-03 6.931650204933248460e-06
1.140000000000000000e+03 9.001377776485242066e-08 8.671292448525491636e-07 9.001377776485242066e-08 8.671292448525491636e-07 4.480550996959209442e-03 7.563440703961532563e-06
1.150000000000000000e+03 6.842231528025877196e-07 8.834609275254479144e-07 6.842231528025877196e-07 8.834609275254479144e-07 6.707291584461927414e-03 1.694926322670653462e-05
1.160000000000000000e+03 5.177937509870389476e-07 9.150965070148231462e-07 5.177937509870389476e-07 9.150965070148231462e-07 5.676794797182083130e-03 1.214123676618328318e-05
1.170000000000000000e+03 3.825949761449010111e-07 9.273687169297772925e-07 3.825949761449010111e-07 9.273687169297772925e-07 5.847312510013580322e-03 1.288158182433107868e-05
1.180000000000000000e+03 3.794126541833975352e-07 9.119395940615504514e-07 3.794126541833975352e-07 9.119395940615504514e-07 5.798077210783958435e-03 1.266556500922888517e-05
1.190000000000000000e+03 2.146835242911038222e-07 8.146977847900416236e-07 2.146835242911038222e-07 8.146977847900416236e-07 5.495077464729547501e-03 1.137638264481211081e-05
1.200000000000000000e+03 2.178700384547482827e-07 8.899931458472565282e-07 2.178700384547482827e-07 8.899931458472565282e-07 5.316150840371847153e-03 1.064758544089272618e-05
1.210000000000000000e+03 2.186821177474485012e-07 8.162815561263414565e-07 2.186821177474485012e-07 8.162815561263414565e-07 5.273946560919284821e-03 1.047919613483827561e-05
1.220000000000000000e+03 1.449858331170617021e-07 1.581016249474487267e-06 1.449858331170617021e-07 1.581016249474487267e-06 5.086201243102550507e-03 9.746385330799967051e-06
1.230000000000000000e+03 1.120248782626731554e-07 8.615922979515744373e-07 1.120248782626731554e-07 8.615922979515744373e-07 4.759771749377250671e-03 8.535494998795911670e-06
1.240000000000000000e+03 8.550523489248007536e-08 1.308793684984266292e-06 8.550523489248007536e-08 1.308793684984266292e-06 4.588725045323371887e-03 7.933058441267348826e-06
1.250000000000000000e+03 6.302419564008232555e-08 1.251848743777372874e-06 6.302419564008232555e-08 1.251848743777372874e-06 4.460254218429327011e-03 7.495070803997805342e-06
1.260000000000000000e+03 6.614408221139456145e-08 1.575768806105770636e-06 6.614408221139456145e-08 1.575768806105770636e-06 4.514398053288459778e-03 7.678144356759730726e-06
1.270000000000000000e+03 5.467488151111865591e-08 1.550430170027539134e-06 5.467488151111865591e-08 1.550430170027539134e-06 4.487746860831975937e-03 7.587753771076677367e-06
1.280000000000000000e+03 5.177972539627262449e-08 8.287057653433294035e-07 5.177972539627262449e-08 8.287057653433294035e-07 4.273512866348028183e-03 6.880604814796242863e-06
1.290000000000000000e+03 5.418353765662686783e-08 1.032589011629170272e-06 5.418353765662686783e-08 1.032589011629170272e-06 4.327330738306045532e-03 7.054994966892991215e-06
1.300000000000000000e+03 4.846539880531963718e-08 1.429923827345191967e-06 4.846539880531963718e-08 1.429923827345191967e-06 4.446509294211864471e-03 7.448948508681496605e-06
1.310000000000000000e+03 7.650831435057625640e-08 1.219234618474729359e-04 7.650831435057625640e-08 1.219234618474729359e-04 1.699241623282432556e-02 1.087844648282043636e-04
1.320000000000000000e+03 1.072248778655193746e-07 7.758039282634854317e-05 1.072248778655193746e-07 7.758039282634854317e-05 1.415380463004112244e-02 7.547496352344751358e-05
1.330000000000000000e+03 2.761430550890509039e-07 1.120667293434962630e-04 2.761430550890509039e-07 1.120667293434962630e-04 1.829042658209800720e-02 1.260387944057583809e-04
1.340000000000000000e+03 2.768722424661973491e-07 1.687050535110756755e-04 2.768722424661973491e-07 1.687050535110756755e-04 2.177469059824943542e-02 1.786325447028502822e-04
1.350000000000000000e+03 1.476219608775863890e-07 5.344681267160922289e-05 1.476219608775863890e-07 5.344681267160922289e-05 1.419761404395103455e-02 7.594291673740372062e-05
1.360000000000000000e+03 4.510171791594075330e-08 3.669286797958193347e-06 4.510171791594075330e-08 3.669286797958193347e-06 8.243915624916553497e-03 2.560493521741591394e-05
1.370000000000000000e+03 4.827449373578929226e-08 8.152636837621685117e-06 4.827449373578929226e-08 8.152636837621685117e-06 8.036408573389053345e-03 2.433215377095621079e-05
1.380000000000000000e+03 8.651048943875139230e-08 2.851215413102181628e-06 8.651048943875139230e-08 2.851215413102181628e-06 6.892860867083072662e-03 1.790010719560086727e-05
1.390000000000000000e+03 6.991999867977938266e-08 1.886054747046728153e-06 6.991999867977938266e-08 1.886054747046728153e-06 6.318170111626386642e-03 1.503969997429521754e-05
1.400000000000000000e+03 1.442050461264443584e-07 1.308096670982195064e-06 1.442050461264443584e-07 1.308096670982195064e-06 5.800308194011449814e-03 1.267531388293718919e-05
1.410000000000000000e+03 7.055348305584629998e-08 1.246265810550539754e-06 7.055348305584629998e-08 1.246265810550539754e-06 5.464353598654270172e-03 1.124952268583001569e-05
1.420000000000000000e+03 8.135937434872175800e-08 1.189928184430755209e-06 8.135937434872175800e-08 1.189928184430755209e-06 5.385070573538541794e-03 1.092545153369428590e-05
1.430000000000000000e+03 1.392616582052141894e-07 1.089477336790878326e-06 1.392616582052141894e-07 1.089477336790878326e-06 5.212119314819574356e-03 1.023493678076192737e-05
1.440000000000000000e+03 1.026335922915677656e-07 1.094482513508410193e-06 1.026335922915677656e-07 1.094482513508410193e-06 5.128089338541030884e-03 9.907582352752797306e-06
1.450000000000000000e+03 9.100270403905597050e-08 1.059766532307548914e-06 9.100270403905597050e-08 1.059766532307548914e-06 5.095111671835184097e-03 9.780565960681997240e-06
1.460000000000000000e+03 5.771868671899937908e-08 1.176335331365407910e-06 5.771868671899937908e-08 1.176335331365407910e-06 4.899079911410808563e-03 9.042437341122422367e-06
1.470000000000000000e+03 8.163780762515671086e-08 1.128306848841020837e-06 8.163780762515671086e-08 1.128306848841020837e-06 4.710271023213863373e-03 8.358883860637433827e-06
1.480000000000000000e+03 1.100142767995748727e-07 1.092933075597102288e-06 1.100142767995748727e-07 1.092933075597102288e-06 4.633823875337839127e-03 8.089759830909315497e-06
1.490000000000000000e+03 6.874478231111424975e-08 1.629378061807074118e-06 6.874478231111424975e-08 1.629378061807074118e-06 4.784015472978353500e-03 8.622668246971443295e-06
1.500000000000000000e+03 5.199406061251465871e-08 1.079816001947619952e-06 5.199406061251465871e-08 1.079816001947619952e-06 4.564526490867137909e-03 7.849609573895577341e-06
1.510000000000000000e+03 4.378230400448046566e-08 1.437794935554848053e-06 4.378230400448046566e-08 1.437794935554848053e-06 4.562933929264545441e-03 7.844130777812097222e-06
1.520000000000000000e+03 8.274830065602145623e-08 1.384012648486532271e-06 8.274830065602145623e-08 1.384012648486532271e-06 4.624776542186737061e-03 8.058200364757794887e-06
1.530000000000000000e+03 9.920596255597047275e-08 1.129495672103075776e-06 9.920596255597047275e-08 1.129495672103075776e-06 4.569583106786012650e-03 7.867011845519300550e-06
1.540000000000000000e+03 3.397581949116101896e-08 1.359838620373921003e-06 3.397581949116101896e-08 1.359838620373921003e-06 4.596537444740533829e-03 7.960093171277549118e-06
1.550000000000000000e+03 2.111467622967211355e-08 1.457906932955665980e-06 2.111467622967211355e-08 1.457906932955665980e-06 4.601386375725269318e-03 7.976896995387505740e-06
1.560000000000000000e+03 2.065277371343654522e-08 1.072169084181950893e-06 2.065277371343654522e-08 1.072169084181950893e-06 4.488762468099594116e-03 7.591190296807326376e-06
1.570000000000000000e+03 1.427344553661669124e-08 1.114504129873239435e-06 1.427344553661669124e-08 1.114504129873239435e-06 4.497536923736333847e-03 7.620895303261931986e-06
1.580000000000000000e+03 1.993052123339111859e-08 1.116082444241328631e-06 1.993052123339111859e-08 1.116082444241328631e-06 4.531147889792919159e-03 7.735225153737701476e-06
1.590000000000000000e+03 2.834666190665302565e-08 1.066662093762715813e-06 2.834666190665302565e-08 1.066662093762715813e-06 4.539380781352519989e-03 7.763361281831748784e-06
1.600000000000000000e+03 4.772785544560065318e-08 2.927472451119683683e-06 4.772785544560065318e-08 2.927472451119683683e-06 4.930044058710336685e-03 9.157105523627251387e-06
1.610000000000000000e+03 8.417767105584061937e-08 1.551497120999556500e-06 8.417767105584061937e-08 1.551497120999556500e-06 4.710048437118530273e-03 8.358093509741593152e-06
1.620000000000000000e+03 8.195964085189189063e-08 2.767097385003580712e-06 8.195964085189189063e-08 2.767097385003580712e-06 5.030789412558078766e-03 9.535178833175450563e-06
1.630000000000000000e+03 9.039221282591825002e-08 3.602258630053256638e-06 9.039221282591825002e-08 3.602258630053256638e-06 5.195256322622299194e-03 1.016881924442714080e-05
1.640000000000000000e+03 1.047134432496932277e-07 2.061354280158411711e-06 1.047134432496932277e-07 2.061354280158411711e-06 5.078682675957679749e-03 9.717592547531239688e-06
1.650000000000000000e+03 1.323485605553287314e-07 1.205806329380720854e-04 1.323485605553287314e-07 1.205806329380720854e-04 1.702737249433994293e-02 1.092324673663824797e-04
1.660000000000000000e+03 1.743260042985639302e-07 5.212667747400701046e-04 1.743260042985639302e-07 5.212667747400701046e-04 3.450089320540428162e-02 4.484533274080604315e-04
1.670000000000000000e+03 3.946738402760274766e-08 5.496193261933512986e-05 3.946738402760274766e-08 5.496193261933512986e-05 1.249525602906942368e-02 5.882295590708963573e-05
1.680000000000000000e+03 6.720350143041287083e-08 2.442451841488946229e-05 6.720350143041287083e-08 2.442451841488946229e-05 9.705970995128154755e-03 3.549232496879994869e-05
1.690000000000000000e+03 2.315624811899397173e-07 2.824850525939837098e-05 2.315624811899397173e-07 2.824850525939837098e-05 1.007381826639175415e-02 3.823356018983758986e-05
1.700000000000000000e+03 6.345318297462654300e-07 2.735971293077454902e-06 6.345318297462654300e-07 2.735971293077454902e-06 5.853519774973392487e-03 1.290894306293921545e-05
1.710000000000000000e+03 3.874864376030018320e-07 1.191966589431103785e-06 3.874864376030018320e-07 1.191966589431103785e-06 5.454442929476499557e-03 1.120875549531774595e-05
1.720000000000000000e+03 3.491446136649756227e-07 1.097967242458253168e-06 3.491446136649756227e-07 1.097967242458253168e-06 5.404221359640359879e-03 1.100329609471373260e-05
1.730000000000000000e+03 4.495833820783445844e-07 1.926504182847565971e-06 4.495833820783445844e-07 1.926504182847565971e-06 5.417977459728717804e-03 1.105938372347736731e-05
1.740000000000000000e+03 2.975389179482590407e-07 6.253515493881423026e-06 2.975389179482590407e-07 6.253515493881423026e-06 5.963415838778018951e-03 1.339821028523147106e-05
1.750000000000000000e+03 3.634957295162166702e-07 1.223916910930711310e-06 3.634957295162166702e-07 1.223916910930711310e-06 4.896623548120260239e-03 9.033372407429851592e-06
1.760000000000000000e+03 4.135993663112458307e-07 1.891184365376830101e-05 4.135993663112458307e-07 1.891184365376830101e-05 7.905747741460800171e-03 2.354737443965859711e-05
1.770000000000000000e+03 3.282368368218158139e-07 1.963139220606535673e-05 3.282368368218158139e-07 1.963139220606535673e-05 8.025859482586383820e-03 2.426831633783876896e-05
1.780000000000000000e+03 2.920266410910699051e-07 7.200744585134088993e-05 2.920266410910699051e-07 7.200744585134088993e-05 1.341310795396566391e-02 6.778216629754751921e-05
1.790000000000000000e+03 3.840650606434792280e-07 7.630811160197481513e-05 3.840650606434792280e-07 7.630811160197481513e-05 1.378094591200351715e-02 7.155081402743235230e-05
1.800000000000000000e+03 2.902062306020525284e-07 1.102705500670708716e-04 2.902062306020525284e-07 1.102705500670708716e-04 1.630457676947116852e-02 1.001556811388581991e-04
1.810000000000000000e+03 1.709293258045363473e-07 2.984705679409671575e-05 1.709293258045363473e-07 2.984705679409671575e-05 9.303152561187744141e-03 3.260744051658548415e-05
1.820000000000000000e+03 8.205164192531810841e-08 1.862011004050145857e-06 8.205164192531810841e-08 1.862011004050145857e-06 4.650410264730453491e-03 8.147774678946007043e-06
1.830000000000000000e+03 6.895432136388990330e-08 7.199541869340464473e-05 6.895432136388990330e-08 7.199541869340464473e-05 1.319600269198417664e-02 6.560565816471353173e-05
1.840000000000000000e+03 5.400349323281261604e-08 2.261766931042075157e-04 5.400349323281261604e-08 2.261766931042075157e-04 2.268204651772975922e-02 1.938299974426627159e-04
1.850000000000000000e+03 2.140165804576099617e-07 1.452657215850194916e-06 2.140165804576099617e-07 1.452657215850194916e-06 4.938915837556123734e-03 9.190091077471151948e-06
1.860000000000000000e+03 1.854250086807951448e-07 3.094942803727462888e-05 1.854250086807951448e-07 3.094942803727462888e-05 9.486580267548561096e-03 3.390595156815834343e-05
1.870000000000000000e+03 1.425764395435180631e-07 1.747237547533586621e-05 1.425764395435180631e-07 1.747237547533586621e-05 7.579633500427007675e-03 2.164477155019994825e-05
1.880000000000000000e+03 1.404167875307393842e-07 1.077199431165354326e-05 1.404167875307393842e-07 1.077199431165354326e-05 6.404640153050422668e-03 1.545418308523949236e-05
1.890000000000000000e+03 9.528539379743961035e-08 3.385756281204521656e-05 9.528539379743961035e-08 3.385756281204521656e-05 9.555913507938385010e-03 3.440336877247318625e-05
1.900000000000000000e+03 8.882237523266667267e-08 9.810721530811861157e-05 8.882237523266667267e-08 9.810721530811861157e-05 1.529095694422721863e-02 8.808984421193599701e-05
1.910000000000000000e+03 1.067890451622588444e-07 7.140664383769035339e-04 1.067890451622588444e-07 7.140664383769035339e-04 4.005538672208786011e-02 6.044751498848199844e-04
1.920000000000000000e+03 8.310440335890234564e-08 1.379188615828752518e-04 8.310440335890234564e-08 1.379188615828752518e-04 1.815202273428440094e-02 1.241385616594925523e-04
1.930000000000000000e+03 1.387178656386822695e-07 2.039569153566844761e-06 1.387178656386822695e-07 2.039569153566844761e-06 5.805178079754114151e-03 1.269660333491628990e-05
1.940000000000000000e+03 8.736476786452840315e-08 1.473779411753639579e-05 8.736476786452840315e-08 1.473779411753639579e-05 7.601746823638677597e-03 2.177124770241789520e-05
1.950000000000000000e+03 9.530567268711820361e-08 6.403653969755396247e-06 9.530567268711820361e-08 6.403653969755396247e-06 5.735578481107950211e-03 1.239398534380597994e-05
1.960000000000000000e+03 1.793619901491183555e-07 5.343140969671367202e-07 1.793619901491183555e-07 5.343140969671367202e-07 4.280042834579944611e-03 6.901647338963812217e-06
1.970000000000000000e+03 4.590301045936939772e-07 3.039545617866679095e-06 4.590301045936939772e-07 3.039545617866679095e-06 4.796220455318689346e-03 8.666721441841218621e-06
1.980000000000000000e+03 3.201037372946302639e-07 1.026770632961415686e-06 3.201037372946302639e-07 1.026770632961415686e-06 3.800503909587860107e-03 5.441754183266311884e-06
1.990000000000000000e+03 2.313285420996180619e-07 2.900862455135211349e-06 2.313285420996180619e-07 2.900862455135211349e-06 4.199948627501726151e-03 6.645757821388542652e-06
2.000000000000000000e+03 1.611480513474816689e-07 3.410607405385235325e-06 1.611480513474816689e-07 3.410607405385235325e-06 4.180063493549823761e-03 6.582977675861911848e-06
2.010000000000000000e+03 1.341721116432381677e-07 3.701073012507549720e-07 1.341721116432381677e-07 3.701073012507549720e-07 3.236491233110427856e-03 3.946439846913563088e-06
2.020000000000000000e+03 1.253384738220120198e-07 3.053215550608001649e-06 1.253384738220120198e-07 3.053215550608001649e-06 4.049935378134250641e-03 6.179492174851475284e-06
2.030000000000000000e+03 1.505939906110143056e-07 3.507514747980167158e-06 1.505939906110143056e-07 3.507514747980167158e-06 4.263492301106452942e-03 6.848373232060112059e-06
2.040000000000000000e+03 1.055252738524359302e-07 2.397303906036540866e-04 1.055252738524359302e-07 2.397303906036540866e-04 2.319207601249217987e-02 2.026449365075677633e-04
2.050000000000000000e+03 1.272859293521833024e-07 5.692623381037265062e-05 1.272859293521833024e-07 5.692623381037265062e-05 1.194164901971817017e-02 5.372608575271442533e-05
2.060000000000000000e+03 1.753822260752713191e-07 3.063141775783151388e-04 1.753822260752713191e-07 3.063141775783151388e-04 2.655375003814697266e-02 2.656490833032876253e-04
2.070000000000000000e+03 2.079025875900697429e-07 5.369023347157053649e-05 2.079025875900697429e-07 5.369023347157053649e-05 1.225302182137966156e-02 5.656436042045243084e-05
2.080000000000000000e+03 6.157033283216151176e-08 4.936098321195458993e-06 6.157033283216151176e-08 4.936098321195458993e-06 6.016214843839406967e-03 1.363650881103239954e-05
2.090000000000000000e+03 1.013596744314781972e-07 2.510136482669622637e-06 1.013596744314781972e-07 2.510136482669622637e-06 5.176183301955461502e-03 1.009429070109035820e-05
2.100000000000000000e+03 1.508816893647235702e-07 6.796512479922967032e-06 1.508816893647235702e-07 6.796512479922967032e-06 5.752692930400371552e-03 1.246806095878127962e-05
2.110000000000000000e+03 1.143828711747119087e-07 2.621027761051664129e-06 1.143828711747119087e-07 2.621027761051664129e-06 4.409890621900558472e-03 7.326764261961216107e-06
2.120000000000000000e+03 6.066495217282863450e-08 5.997889047648641281e-07 6.066495217282863450e-08 5.997889047648641281e-07 3.679856425151228905e-03 5.101739589008502662e-06
2.130000000000000000e+03 4.855501956058105861e-08 5.541921268559235614e-07 4.855501956058105861e-08 5.541921268559235614e-07 3.414403647184371948e-03 4.392241862660739571e-06
2.140000000000000000e+03 7.087646736181341112e-08 2.286998181943999953e-07 7.087646736181341112e-08 2.286998181943999953e-07 3.187584457919001579e-03 3.828070475719869137e-06
2.150000000000000000e+03 7.656720413251605351e-08 8.052500106714433059e-07 7.656720413251605351e-08 8.052500106714433059e-07 3.409033641219139099e-03 4.378436642582528293e-06
2.160000000000000000e+03 6.691723797302984167e-08 9.196699011226883158e-07 6.691723797302984167e-08 9.196699011226883158e-07 3.304391866549849510e-03 4.113766863156342879e-06
2.170000000000000000e+03 5.421393822757636372e-08 1.101631283972892561e-07 5.421393822757636372e-08 1.101631283972892561e-07 2.935678232461214066e-03 3.246933829359477386e-06
2.180000000000000000e+03 8.003277685020293575e-08 4.738897132483543828e-07 8.003277685020293575e-08 4.738897132483543828e-07 2.965559251606464386e-03 3.313369006718858145e-06
2.190000000000000000e+03 5.673820879792401684e-08 1.438158165001368616e-06 5.673820879792401684e-08 1.438158165001368616e-06 3.260746132582426071e-03 4.005812115792650729e-06
2.200000000000000000e+03 5.434187499986364855e-08 1.420939497620565817e-06 5.434187499986364855e-08 1.420939497620565817e-06 3.370006103068590164e-03 4.278759661247022450e-06
2.210000000000000000e+03 5.210359077523207816e-08 6.105514103182940744e-07 5.210359077523207816e-08 6.105514103182940744e-07 2.981010358780622482e-03 3.347985057189362124e-06
2.220000000000000000e+03 5.167239010006596800e-07 1.341136908195039723e-06 5.167239010006596800e-07 1.341136908195039723e-06 3.141077701002359390e-03 3.717182380569283850e-06
2.230000000000000000e+03 5.620430343356019876e-08 8.071767297224141657e-06 5.620430343356019876e-08 8.071767297224141657e-06 4.915790166705846786e-03 9.104229320655576885e-06
2.240000000000000000e+03 5.408656988947768696e-08 3.451801831033662893e-07 5.408656988947768696e-08 3.451801831033662893e-07 2.801745897158980370e-03 2.957426659122575074e-06
2.250000000000000000e+03 6.942164532119932119e-08 1.588767736393492669e-05 6.942164532119932119e-08 1.588767736393492669e-05 6.560701876878738403e-03 1.621650153538212180e-05
2.260000000000000000e+03 1.128517013171403960e-07 6.904118345119059086e-04 1.128517013171403960e-07 6.904118345119059086e-04 3.930597007274627686e-02 5.820678197778761387e-04
2.270000000000000000e+03 9.684461588221893180e-08 3.343487333040684462e-04 9.684461588221893180e-08 3.343487333040684462e-04 2.747732773423194885e-02 2.844496921170502901e-04
2.280000000000000000e+03 4.972584406459645834e-07 5.273095666780136526e-05 4.972584406459645834e-07 5.273095666780136526e-05 1.216756645590066910e-02 5.577813863055780530e-05
2.290000000000000000e+03 2.414412278994859662e-07 5.167106064618565142e-05 2.414412278994859662e-07 5.167106064618565142e-05 1.181238330900669098e-02 5.256922304397448897e-05
2.300000000000000000e+03 2.273195605084765702e-07 2.099179710057796910e-06 2.273195605084765702e-07 2.099179710057796910e-06 4.675894510000944138e-03 8.237319889303762466e-06
2.310000000000000000e+03 1.705218295455779298e-07 4.189680112176574767e-06 1.705218295455779298e-07 4.189680112176574767e-06 4.746024962514638901e-03 8.486266779073048383e-06
2.320000000000000000e+03 1.131579026036888536e-07 1.940850324899656698e-06 1.131579026036888536e-07 1.940850324899656698e-06 3.750571049749851227e-03 5.299700205796398222e-06
2.330000000000000000e+03 5.472361763736444118e-08 3.952366569137666374e-06 5.472361763736444118e-08 3.952366569137666374e-06 4.154495429247617722e-03 6.502691121568204835e-06
2.340000000000000000e+03 6.309924316383330734e-08 9.487451961831538938e-07 6.309924316383330734e-08 9.487451961831538938e-07 3.131625009700655937e-03 3.694843826451688074e-06
2.350000000000000000e+03 6.913452210710602230e-08 5.402405804488807917e-06 6.913452210710602230e-08 5.402405804488807917e-06 4.449349362403154373e-03 7.458465915988199413e-06
2.360000000000000000e+03 5.305007988454235601e-08 2.585660752174590016e-07 5.305007988454235601e-08 2.585660752174590016e-07 2.723106881603598595e-03 2.793739440676290542e-06
2.370000000000000000e+03 5.373848566136985028e-08 6.305657734628766775e-06 5.373848566136985028e-08 6.305657734628766775e-06 4.498795606195926666e-03 7.625159923918545246e-06
2.380000000000000000e+03 6.867572466262572561e-08 4.485786121222190559e-06 6.867572466262572561e-08 4.485786121222190559e-06 4.079388454556465149e-03 6.269697678362717852e-06
2.390000000000000000e+03 7.873492791077296715e-08 2.758304162853164598e-06 7.873492791077296715e-08 2.758304162853164598e-06 3.587528830394148827e-03 4.848945536650717258e-06
2.400000000000000000e+03 7.549354563707311172e-08 1.342998530162731186e-05 7.549354563707311172e-08 1.342998530162731186e-05 5.955550819635391235e-03 1.336289096798282117e-05
2.410000000000000000e+03 7.167145810171859921e-08 9.873773524304851890e-05 7.167145810171859921e-08 9.873773524304851890e-05 1.494570821523666382e-02 8.415686897933483124e-05
2.420000000000000000e+03 7.394577750119424309e-08 8.573792001698166132e-06 7.394577750119424309e-08 8.573792001698166132e-06 5.091466475278139114e-03 9.766576113179326057e-06
2.430000000000000000e+03 1.242604810158809414e-07 7.958525202411692590e-06 1.242604810158809414e-07 7.958525202411692590e-06 5.069493316113948822e-03 9.682459676696453243e-06
2.440000000000000000e+03 2.168982575767586241e-07 5.577399497269652784e-05 2.168982575767586241e-07 5.577399497269652784e-05 1.145091280341148376e-02 4.940112194162793458e-05
2.450000000000000000e+03 7.476424457308894489e-08 3.107358861598186195e-05 7.476424457308894489e-08 3.107358861598186195e-05 8.730809204280376434e-03 2.871875403798185289e-05
2.460000000000000000e+03 6.342592939745372860e-08 9.260413207812234759e-05 6.342592939745372860e-08 9.260413207812234759e-05 1.460856478661298752e-02 8.040288958000019193e-05
2.470000000000000000e+03 7.997828532779749366e-08 2.995484101120382547e-04 7.997828532779749366e-08 2.995484101120382547e-04 2.599381841719150543e-02 2.545638126321136951e-04
2.480000000000000000e+03 6.028273702440856141e-08 7.423839269904419780e-05 6.028273702440856141e-08 7.423839269904419780e-05 1.320678461343050003e-02 6.571291305590420961e-05
2.490000000000000000e+03 5.662258217853377573e-08 9.755758583196438849e-06 5.662258217853377573e-08 9.755758583196438849e-06 5.781759042292833328e-03 1.259437158296350390e-05
2.500000000000000000e+03 3.692086636419844581e-08 1.878455805126577616e-06 3.692086636419844581e-08 1.878455805126577616e-06 3.637395333498716354e-03 4.984683073416817933e-06
2.510000000000000000e+03 3.564975514791512978e-08 5.510322353075025603e-06 3.564975514791512978e-08 5.510322353075025603e-06 4.461911506950855255e-03 7.500640549551462755e-06
2.520000000000000000e+03 3.689253347261001181e-08 2.250057832497986965e-06 3.689253347261001181e-08 2.250057832497986965e-06 3.574864706024527550e-03 4.814772182726301253e-06
2.530000000000000000e+03 4.333561065550384228e-08 1.707756723590136971e-06 4.333561065550384228e-08 1.707756723590136971e-06 3.254252253100275993e-03 3.989871856902027503e-06
2.540000000000000000e+03 2.487250583271816140e-07 1.103647832678689156e-06 2.487250583271816140e-07 1.103647832678689156e-06 3.030206076800823212e-03 3.459400886640651152e-06
2.550000000000000000e+03 6.017450715489758295e-08 7.629356559846200980e-07 6.017450715489758295e-08 7.629356559846200980e-07 2.843496389687061310e-03 3.046224264835473150e-06
2.560000000000000000e+03 6.461517898515012348e-08 8.116837761917850003e-07 6.461517898515012348e-08 8.116837761917850003e-07 2.790458267554640770e-03 2.933645191660616547e-06
2.570000000000000000e+03 5.806178648981585866e-08 1.219786014416968101e-07 5.806178648981585866e-08 1.219786014416968101e-07 2.419565105810761452e-03 2.205622649853467010e-06
2.580000000000000000e+03 9.975730819178352249e-08 1.911428626044653356e-05 9.975730819178352249e-08 1.911428626044653356e-05 6.888567470014095306e-03 1.787781184248160571e-05
2.590000000000000000e+03 1.212919276127877311e-08 5.033561959862709045e-03 1.212919276127877311e-08 5.033561959862709045e-03 1.055239960551261902e-01 4.195260815322399139e-03
2.600000000000000000e+03 3.656082299130503088e-07 1.243484672158956528e-03 3.656082299130503088e-07 1.243484672158956528e-03 5.293310061097145081e-02 1.055628876201808453e-03
2.610000000000000000e+03 5.738687036682676990e-07 1.956227060873061419e-04 5.738687036682676990e-07 1.956227060873061419e-04 2.339399047195911407e-02 2.061888517346233130e-04
2.620000000000000000e+03 1.930772839386918349e-07 2.878872692235745490e-05 1.930772839386918349e-07 2.878872692235745490e-05 1.234721206128597260e-02 5.743734436691738665e-05
2.630000000000000000e+03 2.298032910630354309e-07 4.701255875261267647e-06 2.298032910630354309e-07 4.701255875261267647e-06 8.996106684207916260e-03 3.049057522730436176e-05
2.640000000000000000e+03 2.359985558086918900e-07 3.278909844084409997e-06 2.359985558086918900e-07 3.278909844084409997e-06 7.979263551533222198e-03 2.398734795860946178e-05
2.650000000000000000e+03 2.048021201517258305e-07 1.682613174125435762e-06 2.048021201517258305e-07 1.682613174125435762e-06 7.213779725134372711e-03 1.960569534276146442e-05
2.660000000000000000e+03 3.141666979900037404e-07 2.626064315336407162e-06 3.141666979900037404e-07 2.626064315336407162e-06 7.298275362700223923e-03 2.006767317652702332e-05
2.670000000000000000e+03 2.452007095143926563e-07 1.899491849144396838e-06 2.452007095143926563e-07 1.899491849144396838e-06 7.185233756899833679e-03 1.945083931786939502e-05
2.680000000000000000e+03 5.067677193437702954e-07 4.359526712960359873e-07 5.067677193437702954e-07 4.359526712960359873e-07 6.431980524212121964e-03 1.558640542498324066e-05
2.690000000000000000e+03 3.511916929710423574e-06 2.043723270617192611e-06 3.511916929710423574e-06 2.043723270617192611e-06 2.185210399329662323e-02 1.799049350665882230e-04
2.700000000000000000e+03 1.605375359758909326e-06 1.303365024796221405e-06 1.605375359758909326e-06 1.303365024796221405e-06 1.375320926308631897e-02 7.126309355953708291e-05
2.710000000000000000e+03 2.030604946412495337e-06 8.117128800222417340e-07 2.030604946412495337e-06 8.117128800222417340e-07 8.267222903668880463e-03 2.574991776782553643e-05
2.720000000000000000e+03 2.371806658629793674e-06 6.696425884911150206e-07 2.371806658629793674e-06 6.696425884911150206e-07 6.721441633999347687e-03 1.702085683064069599e-05
2.730000000000000000e+03 5.061070851297699846e-07 8.277486926999699790e-07 5.061070851297699846e-07 8.277486926999699790e-07 6.100805941969156265e-03 1.402267753292107955e-05
2.740000000000000000e+03 7.311420517908118200e-07 4.389171976981742773e-07 7.311420517908118200e-07 4.389171976981742773e-07 5.829346831887960434e-03 1.280254673474701121e-05
2.750000000000000000e+03 3.860529034227511147e-07 5.862864327355055138e-07 3.860529034227511147e-07 5.862864327355055138e-07 5.437952466309070587e-03 1.114108181354822591e-05
2.760000000000000000e+03 1.631392478884663433e-07 2.413463562334072776e-07 1.631392478884663433e-07 2.413463562334072776e-07 4.942087456583976746e-03 9.201898137689568102e-06
2.770000000000000000e+03 1.854096041142838658e-07 9.406155498936641379e-08 1.854096041142838658e-07 9.406155498936641379e-08 4.617870785295963287e-03 8.034154234337620437e-06
2.780000000000000000e+03 2.401620804448612034e-07 2.924949740190641023e-07 2.401620804448612034e-07 2.924949740190641023e-07 4.483583383262157440e-03 7.573681159556144848e-06
2.790000000000000000e+03 1.704594581042329082e-07 1.233356528018703102e-07 1.704594581042329082e-07 1.233356528018703102e-07 4.310310818254947662e-03 6.999607194302370772e-06
2.800000000000000000e+03 1.068638511014796677e-07 8.928591199719448923e-08 1.068638511014796677e-07 8.928591199719448923e-08 4.260785877704620361e-03 6.839683464932022616e-06
2.810000000000000000e+03 7.599155793514000834e-08 1.240537699231936131e-07 7.599155793514000834e-08 1.240537699231936131e-07 4.274133127182722092e-03 6.882602065161336213e-06
2.820000000000000000e+03 1.313656952106612152e-07 7.332186413577801432e-08 1.313656952106612152e-07 7.332186413577801432e-08 4.301377572119235992e-03 6.970623417146271095e-06
2.830000000000000000e+03 7.903544485543534392e-08 7.320211636852036463e-08 7.903544485543534392e-08 7.320211636852036463e-08 4.255893640220165253e-03 6.823986041126772761e-06
2.840000000000000000e+03 2.231288931398012210e-07 4.090530580924678361e-08 2.231288931398012210e-07 4.090530580924678361e-08 4.215767607092857361e-03 6.695912816212512553e-06
2.850000000000000000e+03 1.776417803966978681e-07 4.263033659412940324e-08 1.776417803966978681e-07 4.263033659412940324e-08 4.330076742917299271e-03 7.063951215968700126e-06
2.860000000000000000e+03 3.844206162284535822e-07 5.596842100885623950e-08 3.844206162284535822e-07 5.596842100885623950e-08 4.360478837043046951e-03 7.163494046835694462e-06
2.870000000000000000e+03 4.152216774855332915e-07 3.985636709558093571e-08 4.152216774855332915e-07 3.985636709558093571e-08 4.421047400683164597e-03 7.363883014477323741e-06
2.880000000000000000e+03 1.902541697518245201e-07 1.047121216402047139e-07 1.902541697518245201e-07 1.047121216402047139e-07 4.318397026509046555e-03 7.025896138657117262e-06
2.890000000000000000e+03 3.339190755013987655e-07 8.064019141329481499e-08 3.339190755013987655e-07 8.064019141329481499e-08 4.074623808264732361e-03 6.255062089621787891e-06
2.900000000000000000e+03 3.023954207037604647e-07 6.897228388424991863e-08 3.023954207037604647e-07 6.897228388424991863e-08 4.068678710609674454e-03 6.236822173377731815e-06
2.910000000000000000e+03 2.704849180190649349e-07 6.004008241689007264e-07 2.704849180190649349e-07 6.004008241689007264e-07 4.161896184086799622e-03 6.525879598484607413e-06
2.920000000000000000e+03 2.734503539159049978e-07 7.324490525206783786e-07 2.734503539159049978e-07 7.324490525206783786e-07 4.245840944349765778e-03 6.791784016968449578e-06
2.930000000000000000e+03 1.828507265599910170e-07 1.140480065942028887e-07 1.828507265599910170e-07 1.140480065942028887e-07 4.003993701189756393e-03 6.040087555447826162e-06
2.940000000000000000e+03 1.583138242722270661e-07 4.389882803934597177e-07 1.583138242722270661e-07 4.389882803934597177e-07 4.014476202428340912e-03 6.071756160963559523e-06
2.950000000000000000e+03 1.682323613749758806e-07 4.934825028612976894e-07 1.682323613749758806e-07 4.934825028612976894e-07 4.130295943468809128e-03 6.427157131838612258e-06
2.960000000000000000e+03 1.379409155788380303e-07 1.344254883406392764e-06 1.379409155788380303e-07 1.344254883406392764e-06 4.424540791660547256e-03 7.375526820396771654e-06
2.970000000000000000e+03 1.268307130430912366e-07 9.785318155763889081e-08 1.268307130430912366e-07 9.785318155763889081e-08 3.997792489826679230e-03 6.021394256094936281e-06
2.980000000000000000e+03 1.409806031915650237e-07 6.142507572803879157e-06 1.409806031915650237e-07 6.142507572803879157e-06 5.188710056245326996e-03 1.014320969261461869e-05
2.990000000000000000e+03 1.209201343499444192e-07 1.066276666961130104e-07 1.209201343499444192e-07 1.066276666961130104e-07 3.891162574291229248e-03 5.704469913325738162e-06
3.000000000000000000e+03 9.814974077926308382e-08 1.169682764157187194e-05 9.814974077926308382e-08 1.169682764157187194e-05 6.241006776690483093e-03 1.467458605475258082e-05
3.010000000000000000e+03 1.268298035483894637e-07 3.793272771872580051e-04 1.268298035483894637e-07 3.793272771872580051e-04 2.908192947506904602e-02 3.186419780831784010e-04
3.020000000000000000e+03 4.153092163505789358e-07 6.114573625382035971e-05 4.153092163505789358e-07 6.114573625382035971e-05 1.329182181507349014e-02 6.656187906628474593e-05
3.030000000000000000e+03 1.212226408142669243e-07 1.048153208103030920e-04 1.212226408142669243e-07 1.048153208103030920e-04 1.595807075500488281e-02 9.594389848643913865e-05
3.040000000000000000e+03 9.728648819873342291e-08 5.255474775367474649e-07 9.728648819873342291e-08 5.255474775367474649e-07 5.288167856633663177e-03 1.053578580467728898e-05
3.050000000000000000e+03 1.176211483766564925e-07 1.125161998061230406e-05 1.176211483766564925e-07 1.125161998061230406e-05 7.134932558983564377e-03 1.917945519380737096e-05
3.060000000000000000e+03 7.836703019847846008e-08 9.180780580209102482e-07 7.836703019847846008e-08 9.180780580209102482e-07 4.819010384380817413e-03 8.749280823394656181e-06
3.070000000000000000e+03 6.990008927232338465e-08 6.711341598020226229e-07 6.990008927232338465e-08 6.711341598020226229e-07 4.590382799506187439e-03 7.938791895867325366e-06
3.080000000000000000e+03 5.412556092210252245e-08 9.512332894701103214e-07 5.412556092210252245e-08 9.512332894701103214e-07 4.556692205369472504e-03 7.822686711733695120e-06
3.090000000000000000e+03 4.566688360796433699e-08 1.111188510094507365e-07 4.566688360796433699e-08 1.111188510094507365e-07 4.470180720090866089e-03 7.528468813688959926e-06
3.100000000000000000e+03 4.310385293138097040e-08 7.146657310386217432e-08 4.310385293138097040e-08 7.146657310386217432e-08 4.402043763548135757e-03 7.300712240976281464e-06
3.110000000000000000e+03 4.134239972586328804e-08 2.981709457117176498e-08 4.134239972586328804e-08 2.981709457117176498e-08 4.319516476243734360e-03 7.029539574432419613e-06
3.120000000000000000e+03 3.711329554789699614e-08 8.795728234645139310e-08 3.711329554789699614e-08 8.795728234645139310e-08 4.334029741585254669e-03 7.076854217302752659e-06
3.130000000000000000e+03 3.033638762417467660e-08 5.806617764392285608e-08 3.033638762417467660e-08 5.806617764392285608e-08 4.277151077985763550e-03 6.892324108775937930e-06
3.140000000000000000e+03 3.401717307838225679e-08 2.008037682799113099e-07 3.401717307838225679e-08 2.008037682799113099e-07 4.309820942580699921e-03 6.998016942816320807e-06
3.150000000000000000e+03 3.114864099984515633e-08 5.123259256833989639e-07 3.114864099984515633e-08 5.123259256833989639e-07 4.330232739448547363e-03 7.064460533001692966e-06
3.160000000000000000e+03 3.574800544470235764e-08 9.758703072293428704e-07 3.574800544470235764e-08 9.758703072293428704e-07 4.586994182318449020e-03 7.927075785119086504e-06
3.170000000000000000e+03 3.693237360380408063e-08 3.701549360357603291e-07 3.693237360380408063e-08 3.701549360357603291e-07 4.496538545936346054e-03 7.617513347213389352e-06
3.180000000000000000e+03 3.647507540449623775e-08 1.903450765894376673e-06 3.647507540449623775e-08 1.903450765894376673e-06 4.687844309955835342e-03 8.279475878225639462e-06
3.190000000000000000e+03 4.278885512576380279e-08 6.841930826340103522e-06 4.278885512576380279e-08 6.841930826340103522e-06 5.692468024790287018e-03 1.220837202708935365e-05
3.200000000000000000e+03 7.063017193331688759e-08 5.154155660420656204e-04 7.063017193331688759e-08 5.154155660420656204e-04 3.387464955449104309e-02 4.323207831475883722e-04
3.210000000000000000e+03 6.177552904773619957e-07 6.032549426890909672e-04 6.177552904773619957e-07 6.032549426890909672e-04 3.763094916939735413e-02 5.335152964107692242e-04
3.220000000000000000e+03 3.052323052088468103e-07 1.629846956348046660e-04 3.052323052088468103e-07 1.629846956348046660e-04 2.058552019298076630e-02 1.596541405888274312e-04
3.230000000000000000e+03 2.577650946022913558e-07 9.369432518724352121e-05 2.577650946022913558e-07 9.369432518724352121e-05 1.601493731141090393e-02 9.662888624006882310e-05
3.240000000000000000e+03 3.250470683724415721e-07 1.890964813355822116e-05 3.250470683724415721e-07 1.890964813355822116e-05 8.853482082486152649e-03 2.953145121864508837e-05
3.250000000000000000e+03 3.913115449449833250e-07 7.486216304641857278e-07 3.913115449449833250e-07 7.486216304641857278e-07 5.390372592955827713e-03 1.094697472581174225e-05
3.260000000000000000e+03 2.550034707837767201e-07 9.430422096556867473e-07 2.550034707837767201e-07 9.430422096556867473e-07 5.266149528324604034e-03 1.044823511620052159e-05
3.270000000000000000e+03 2.932755478468607180e-07 1.901437229889779701e-07 2.932755478468607180e-07 1.901437229889779701e-07 5.303593352437019348e-03 1.059734222508268431e-05
3.280000000000000000e+03 2.461544283960392931e-07 9.645592768947608420e-08 2.461544283960392931e-07 9.645592768947608420e-08 5.437991581857204437e-03 1.114124097512103617e-05
3.290000000000000000e+03 2.459304937474371400e-07 3.873810214827244636e-07 2.459304937474371400e-07 3.873810214827244636e-07 5.644967313855886459e-03 1.200547467306023464e-05
3.300000000000000000e+03 4.219283482598257251e-07 2.700614345485519152e-07 4.219283482598257251e-07 2.700614345485519152e-07 5.706005264073610306e-03 1.226650510943727568e-05
3.310000000000000000e+03 1.950349428625486325e-07 1.597692147470297641e-07 1.950349428625486325e-07 1.597692147470297641e-07 5.602017510682344437e-03 1.182348205475136638e-05
3.320000000000000000e+03 2.472066853442811407e-07 8.516094567312393337e-07 2.472066853442811407e-07 8.516094567312393337e-07 5.767033901065587997e-03 1.253030313819181174e-05
3.330000000000000000e+03 2.612195260098815197e-07 5.384309176292845223e-08 2.612195260098815197e-07 5.384309176292845223e-08 5.496230907738208771e-03 1.138115567300701514e-05
3.340000000000000000e+03 2.377767600592051167e-07 5.251024859376229870e-08 2.377767600592051167e-07 5.251024859376229870e-08 5.550420843064785004e-03 1.160668944066856056e-05
3.350000000000000000e+03 1.880494124861797900e-07 4.957656685178335465e-08 1.880494124861797900e-07 4.957656685178335465e-08 5.536995828151702881e-03 1.155061090685194358e-05
3.360000000000000000e+03 3.900855460869934177e-07 7.556348435855397838e-08 3.900855460869934177e-07 7.556348435855397838e-08 5.574868991971015930e-03 1.170916220871731639e-05
3.370000000000000000e+03 5.141729388924431987e-07 2.600410198283498175e-07 5.141729388924431987e-07 2.600410198283498175e-07 5.734213627874851227e-03 1.238808908965438604e-05
3.380000000000000000e+03 2.953761395474430174e-07 5.088503840511293674e-08 2.953761395474430174e-07 5.088503840511293674e-08 5.599195137619972229e-03 1.181157404062105343e-05
3.390000000000000000e+03 3.596738622491102433e-07 4.393634256416589778e-08 3.596738622491102433e-07 4.393634256416589778e-08 5.574319045990705490e-03 1.170685482065891847e-05
3.400000000000000000e+03 3.722507244674488902e-07 3.662513492486141331e-08 3.722507244674488902e-07 3.662513492486141331e-08 5.851953756064176559e-03 1.290203817916335538e-05
3.410000000000000000e+03 3.232945857689628610e-07 6.250272122088063043e-08 3.232945857689628610e-07 6.250272122088063043e-08 5.835964810103178024e-03 1.283163237530970946e-05
3.420000000000000000e+03 2.745632912137807580e-07 2.126041920291754650e-07 2.745632912137807580e-07 2.126041920291754650e-07 5.844433326274156570e-03 1.286889892071485519e-05
3.430000000000000000e+03 2.754692616235843161e-07 3.846194474022013310e-08 2.754692616235843161e-07 3.846194474022013310e-08 5.916517227888107300e-03 1.318830072705168277e-05
3.440000000000000000e+03 2.307512545485224109e-07 3.627005540352001844e-08 2.307512545485224109e-07 3.627005540352001844e-08 6.023878697305917740e-03 1.367127697449177504e-05
3.450000000000000000e+03 2.298462788985489169e-07 4.877348303011785902e-08 2.298462788985489169e-07 4.877348303011785902e-08 6.324999500066041946e-03 1.507223078078823164e-05
3.460000000000000000e+03 2.011486230912851170e-07 5.177863826588691154e-08 2.011486230912851170e-07 5.177863826588691154e-08 6.583901587873697281e-03 1.633139436307828873e-05
3.470000000000000000e+03 2.111685972749910434e-07 4.603210967957238609e-08 2.111685972749910434e-07 4.603210967957238609e-08 6.751057691872119904e-03 1.717117993393912911e-05
3.480000000000000000e+03 1.700611704791299417e-07 3.271298965046298690e-08 1.700611704791299417e-07 3.271298965046298690e-08 6.842201575636863708e-03 1.763795808074064553e-05
3.490000000000000000e+03 1.862310767819508328e-07 4.192118296941771405e-08 1.862310767819508328e-07 4.192118296941771405e-08 7.262568920850753784e-03 1.987179348361678421e-05
3.500000000000000000e+03 1.722857092545382329e-07 4.166844291830784641e-08 1.722857092545382329e-07 4.166844291830784641e-08 7.556734140962362289e-03 2.151418084395118058e-05
3.510000000000000000e+03 1.221485490532359108e-07 3.666141878966300283e-08 1.221485490532359108e-07 3.666141878966300283e-08 7.837887853384017944e-03 2.314486118848435581e-05
3.520000000000000000e+03 9.249468035932295606e-08 3.722920638438154128e-08 9.249468035932295606e-08 3.722920638438154128e-08 7.940312847495079041e-03 2.375372605456504971e-05
3.530000000000000000e+03 1.524426522792055039e-07 2.955894906619960238e-08 1.524426522792055039e-07 2.955894906619960238e-08 7.482564542442560196e-03 2.109393062710296363e-05
3.540000000000000000e+03 1.357504544330367935e-07 2.306139101904136623e-08 1.357504544330367935e-07 2.306139101904136623e-08 7.498194929212331772e-03 2.118214433721732348e-05
3.550000000000000000e+03 1.141002883287001168e-07 2.886922523259727313e-08 1.141002883287001168e-07 2.886922523259727313e-08 7.538699544966220856e-03 2.141161530744284391e-05
3.560000000000000000e+03 1.083267946455634956e-07 3.032503670397090900e-08 1.083267946455634956e-07 3.032503670397090900e-08 7.694250438362360001e-03 2.230432801297865808e-05
3.570000000000000000e+03 7.850021432886933326e-08 3.089741795747613651e-08 7.850021432886933326e-08 3.089741795747613651e-08 8.040919899940490723e-03 2.435948044876568019e-05
3.580000000000000000e+03 7.536859669698969810e-08 1.545403023328617564e-07 7.536859669698969810e-08 1.545403023328617564e-07 8.216333575546741486e-03 2.543388472986407578e-05
3.590000000000000000e+03 6.691669085512330639e-08 3.586512420383769495e-08 6.691669085512330639e-08 3.586512420383769495e-08 8.388269692659378052e-03 2.650948590599000454e-05
3.600000000000000000e+03 7.090152109867631225e-08 1.266281833522953093e-05 7.090152109867631225e-08 1.266281833522953093e-05 1.062623597681522369e-02 4.254176747053861618e-05
3.610000000000000000e+03 5.787528607470449060e-06 8.833435713313519955e-04 5.787528607470449060e-06 8.833435713313519955e-04 4.606856033205986023e-02 7.995870546437799931e-04
3.620000000000000000e+03 7.132362043194007128e-06 5.822603590786457062e-03 7.132362043194007128e-06 5.822603590786457062e-03 1.162274926900863647e-01 5.089490208774805069e-03
3.630000000000000000e+03 2.859476353478385136e-06 6.544521311298012733e-04 2.859476353478385136e-06 6.544521311298012733e-04 4.470916837453842163e-02 7.530949660576879978e-04
3.640000000000000000e+03 4.195222572889178991e-05 6.865384057164192200e-04 4.195222572889178991e-05 6.865384057164192200e-04 4.443910717964172363e-02 7.440243498422205448e-04
3.650000000000000000e+03 5.396401775215053931e-06 2.120720455422997475e-04 5.396401775215053931e-06 2.120720455422997475e-04 2.371868677437305450e-02 2.119521232089027762e-04
3.660000000000000000e+03 8.225792043958790600e-06 4.921087747788988054e-05 8.225792043958790600e-06 4.921087747788988054e-05 1.209662575274705887e-02 5.512962889042682946e-05
3.670000000000000000e+03 3.493943495413986966e-06 1.308289574808441103e-05 3.493943495413986966e-06 1.308289574808441103e-05 1.631117239594459534e-02 1.002367425826378167e-04
3.680000000000000000e+03 2.568399622759898193e-06 6.644875156780472025e-06 2.568399622759898193e-06 6.644875156780472025e-06 1.686079800128936768e-02 1.071057486115023494e-04
3.690000000000000000e+03 3.115157596766948700e-06 2.262731186419841833e-06 3.115157596766948700e-06 2.262731186419841833e-06 1.608207821846008301e-02 9.744081035023555160e-05
3.700000000000000000e+03 2.734173222052049823e-06 1.269698941541719250e-06 2.734173222052049823e-06 1.269698941541719250e-06 1.465781591832637787e-02 8.094593795249238610e-05
3.710000000000000000e+03 2.135633167199557647e-06 5.805759997201676015e-07 2.135633167199557647e-06 5.805759997201676015e-07 1.156102400273084641e-02 5.035575304646044970e-05
3.720000000000000000e+03 2.617409791128011420e-06 3.662288179384631803e-07 2.617409791128011420e-06 3.662288179384631803e-07 1.527972519397735596e-02 8.796048496151342988e-05
3.730000000000000000e+03 3.857148385577602312e-06 3.598819375838502310e-07 3.857148385577602312e-06 3.598819375838502310e-07 2.299768850207328796e-02 1.992622273974120617e-04
3.740000000000000000e+03 1.754538970999419689e-06 2.762705548775556963e-07 1.754538970999419689e-06 2.762705548775556963e-07 2.248606830835342407e-02 1.904950331663712859e-04
3.750000000000000000e+03 1.373179770780552644e-06 2.135153636118047871e-07 1.373179770780552644e-06 2.135153636118047871e-07 2.559783868491649628e-02 2.468670718371868134e-04
3.760000000000000000e+03 7.597677154080884065e-07 1.448437245699096820e-07 7.597677154080884065e-07 1.448437245699096820e-07 2.389717474579811096e-02 2.151541120838373899e-04
3.770000000000000000e+03 5.869942469871602952e-07 7.993735806621771189e-08 5.869942469871602952e-07 7.993735806621771189e-08 2.262673154473304749e-02 1.928857527673244476e-04
3.780000000000000000e+03 5.496343646882451139e-07 4.621888649580796482e-08 5.496343646882451139e-07 4.621888649580796482e-08 2.151646837592124939e-02 1.744209002936258912e-04
3.790000000000000000e+03 5.033708134760672692e-07 3.257216008023533504e-08 5.033708134760672692e-07 3.257216008023533504e-08 2.163990959525108337e-02 1.764279440976679325e-04
3.800000000000000000e+03 4.129853152790019521e-07 2.562636325365019729e-08 4.129853152790019521e-07 2.562636325365019729e-08 2.122386917471885681e-02 1.697093248367309570e-04
3.810000000000000000e+03 3.481412989003729308e-07 2.231416829090449028e-08 3.481412989003729308e-07 2.231416829090449028e-08 2.098658122122287750e-02 1.659356930758804083e-04
3.820000000000000000e+03 2.547377562223118730e-07 1.909627123097834556e-08 2.547377562223118730e-07 1.909627123097834556e-08 2.110206894576549530e-02 1.677670370554551482e-04
3.830000000000000000e+03 2.632909570365882246e-07 1.680402128556579555e-08 2.632909570365882246e-07 1.680402128556579555e-08 2.126189135015010834e-02 1.703179441392421722e-04
3.840000000000000000e+03 2.453634238008817192e-07 1.708571062408736907e-08 2.453634238008817192e-07 1.708571062408736907e-08 2.148014120757579803e-02 1.738324208417907357e-04
3.850000000000000000e+03 2.296178678307114751e-07 1.352143996768973011e-08 2.296178678307114751e-07 1.352143996768973011e-08 2.165354043245315552e-02 1.766503119142726064e-04
3.860000000000000000e+03 2.045250226956341066e-07 1.161431484320019081e-08 2.045250226956341066e-07 1.161431484320019081e-08 2.152371406555175781e-02 1.745383924571797252e-04
3.870000000000000000e+03 1.609341211405990180e-07 1.098657254061663480e-08 1.609341211405990180e-07 1.098657254061663480e-08 2.139001898467540741e-02 1.723768218653276563e-04
3.880000000000000000e+03 2.326620318626737571e-07 1.061444176997383693e-08 2.326620318626737571e-07 1.061444176997383693e-08 2.160987257957458496e-02 1.759385049808770418e-04
3.890000000000000000e+03 2.115854442763520638e-07 1.254437620445969515e-08 2.115854442763520638e-07 1.254437620445969515e-08 2.187907136976718903e-02 1.803492486942559481e-04
3.900000000000000000e+03 2.031517141176664154e-07 1.247689240813087963e-08 2.031517141176664154e-07 1.247689240813087963e-08 2.210294269025325775e-02 1.840588665800169110e-04
3.910000000000000000e+03 1.414455539361370029e-07 1.276418881701602004e-08 1.414455539361370029e-07 1.276418881701602004e-08 2.182881347835063934e-02 1.795216230675578117e-04
3.920000000000000000e+03 2.426039884539932245e-07 1.674476202140340320e-08 2.426039884539932245e-07 1.674476202140340320e-08 2.175394631922245026e-02 1.782923063728958368e-04
3.930000000000000000e+03 1.638882878296499257e-07 1.679780048391421587e-08 1.638882878296499257e-07 1.679780048391421587e-08 2.181585878133773804e-02 1.793086412362754345e-04
3.940000000000000000e+03 1.534885569753896561e-07 1.394293480672104124e-08 1.534885569753896561e-07 1.394293480672104124e-08 2.198540419340133667e-02 1.821065379772335291e-04
3.950000000000000000e+03 1.565113336710055592e-07 1.269019289651396321e-08 1.565113336710055592e-07 1.269019289651396321e-08 2.174690179526805878e-02 1.781768660293892026e-04
3.960000000000000000e+03 1.324910385847033467e-07 1.588420239784227306e-08 1.324910385847033467e-07 1.588420239784227306e-08 2.152934111654758453e-02 1.746296620694920421e-04
3.970000000000000000e+03 1.536142377744909027e-07 1.807777927353981795e-08 1.536142377744909027e-07 1.807777927353981795e-08 2.182783372700214386e-02 1.795055286493152380e-04
3.980000000000000000e+03 1.379645340193746961e-07 1.678293592988211458e-08 1.379645340193746961e-07 1.678293592988211458e-08 2.169428765773773193e-02 1.773157273419201374e-04
3.990000000000000000e+03 1.857085862866370007e-07 2.225415229872851341e-08 1.857085862866370007e-07 2.225415229872851341e-08 2.197603695094585419e-02 1.819513418013229966e-04
4.000000000000000000e+03 1.750012046386473230e-07 1.962455442594546184e-08 1.750012046386473230e-07 1.962455442594546184e-08 2.222876064479351044e-02 1.861602504504844546e-04
4.010000000000000000e+03 1.301035013057116885e-07 1.319206699434971597e-08 1.301035013057116885e-07 1.319206699434971597e-08 2.237183414399623871e-02 1.885644160211086273e-04
4.020000000000000000e+03 2.305417723391656182e-07 1.341844324542762479e-08 2.305417723391656182e-07 1.341844324542762479e-08 2.252457104623317719e-02 1.911479484988376498e-04
4.030000000000000000e+03 4.341564761034533149e-07 1.458693521527720804e-08 4.341564761034533149e-07 1.458693521527720804e-08 2.310556173324584961e-02 2.011359028983861208e-04
4.040000000000000000e+03 3.477190944067842793e-07 1.811865324441441771e-08 3.477190944067842793e-07 1.811865324441441771e-08 2.385324425995349884e-02 2.143638121197000146e-04
4.050000000000000000e+03 2.358457891205034684e-07 1.496226609276618547e-08 2.358457891205034684e-07 1.496226609276618547e-08 2.447069995105266571e-02 2.256053121527656913e-04
4.060000000000000000e+03 2.494007560471800389e-07 1.702446894569220603e-08 2.494007560471800389e-07 1.702446894569220603e-08 2.500209584832191467e-02 2.355100150452926755e-04
4.070000000000000000e+03 3.780661756991321454e-07 2.358517825484796049e-08 3.780661756991321454e-07 2.358517825484796049e-08 2.550829760730266571e-02 2.451429609209299088e-04
4.080000000000000000e+03 4.689037211846880382e-07 2.587270664378138463e-08 4.689037211846880382e-07 2.587270664378138463e-08 2.656995691359043121e-02 2.659734163898974657e-04
4.090000000000000000e+03 4.196136274003947619e-07 2.573801261007702124e-08 4.196136274003947619e-07 2.573801261007702124e-08 2.580795064568519592e-02 2.509363694116473198e-04
4.100000000000000000e+03 2.288529117322468664e-07 2.104898833010793169e-08 2.288529117322468664e-07 2.104898833010793169e-08 2.621366269886493683e-02 2.588880306575447321e-04
4.110000000000000000e+03 2.203329216854399419e-07 1.645520342208328657e-08 2.203329216854399419e-07 1.645520342208328657e-08 2.719630859792232513e-02 2.786611439660191536e-04
4.120000000000000000e+03 2.174542146349267568e-07 1.649603298403690133e-08 2.174542146349267568e-07 1.649603298403690133e-08 2.755355462431907654e-02 2.860301465261727571e-04
4.130000000000000000e+03 1.925223500620631967e-07 1.248476522164310154e-08 1.925223500620631967e-07 1.248476522164310154e-08 2.752208523452281952e-02 2.853771729860454798e-04
4.140000000000000000e+03 1.689265474169587833e-07 1.358596612988094421e-08 1.689265474169587833e-07 1.358596612988094421e-08 2.733338996767997742e-02 2.814774052239954472e-04
4.150000000000000000e+03 2.051708349881664617e-07 2.127879028535062389e-08 2.051708349881664617e-07 2.127879028535062389e-08 2.719984762370586395e-02 2.787337289191782475e-04
4.160000000000000000e+03 1.575282624344254145e-07 1.373420754902099361e-08 1.575282624344254145e-07 1.373420754902099361e-08 2.674027346074581146e-02 2.693941933102905750e-04
4.170000000000000000e+03 8.100874993033357896e-07 1.821382866751264373e-08 8.100874993033357896e-07 1.821382866751264373e-08 2.696809358894824982e-02 2.740040945354849100e-04
4.180000000000000000e+03 2.321611844990911777e-07 4.004357023745797051e-08 2.321611844990911777e-07 4.004357023745797051e-08 2.655282989144325256e-02 2.656306314747780561e-04
4.190000000000000000e+03 2.008467276937153656e-07 2.060149384419673879e-08 2.008467276937153656e-07 2.060149384419673879e-08 2.825007215142250061e-02 3.006738843396306038e-04
4.200000000000000000e+03 2.085828896269958932e-07 1.817942418824713968e-08 2.085828896269958932e-07 1.817942418824713968e-08 2.736062929034233093e-02 2.820386434905230999e-04
4.210000000000000000e+03 1.338563038189022336e-07 3.005212434459281212e-08 1.338563038189022336e-07 3.005212434459281212e-08 2.716921456158161163e-02 2.781062212307006121e-04
4.220000000000000000e+03 1.410662946454976918e-07 1.514879599540108757e-08 1.410662946454976918e-07 1.514879599540108757e-08 2.790573239326477051e-02 2.933887008111923933e-04
4.230000000000000000e+03 1.375843226014694665e-07 1.619602407743059302e-08 1.375843226014694665e-07 1.619602407743059302e-08 2.852600999176502228e-02 3.065763448830693960e-04
4.240000000000000000e+03 1.035080003930488601e-07 2.047065983390439214e-08 1.035080003930488601e-07 2.047065983390439214e-08 2.870265208184719086e-02 3.103849012404680252e-04
4.250000000000000000e+03 1.002933416316409421e-07 1.482530898044842615e-08 1.002933416316409421e-07 1.482530898044842615e-08 2.863755263388156891e-02 3.089785459451377392e-04
4.260000000000000000e+03 8.934590312037471449e-08 1.253776193976818831e-08 8.934590312037471449e-08 1.253776193976818831e-08 2.873262949287891388e-02 3.110335674136877060e-04
4.270000000000000000e+03 7.808024804489832604e-08 1.209007383096150079e-08 7.808024804489832604e-08 1.209007383096150079e-08 2.854498289525508881e-02 3.069842932745814323e-04
4.280000000000000000e+03 8.689404040751469438e-08 1.141281202876598400e-08 8.689404040751469438e-08 1.141281202876598400e-08 2.865898609161376953e-02 3.094412386417388916e-04
4.290000000000000000e+03 1.098509159191962681e-07 1.175076569381872105e-08 1.098509159191962681e-07 1.175076569381872105e-08 2.819321490824222565e-02 2.994647365994751453e-04
4.300000000000000000e+03 7.290297787676536245e-08 1.348947176182946350e-08 7.290297787676536245e-08 1.348947176182946350e-08 2.814107574522495270e-02 2.983581216540187597e-04
4.310000000000000000e+03 6.869624513683447731e-08 1.178952668823285421e-08 6.869624513683447731e-08 1.178952668823285421e-08 2.781804464757442474e-02 2.915478253271430731e-04
4.320000000000000000e+03 9.236237730192442541e-08 1.261246929118442495e-08 9.236237730192442541e-08 1.261246929118442495e-08 2.770254202187061310e-02 2.891317999456077814e-04
4.330000000000000000e+03 6.440565414322918514e-08 1.493422630005625251e-08 6.440565414322918514e-08 1.493422630005625251e-08 2.723693475127220154e-02 2.794943575281649828e-04
4.340000000000000000e+03 8.286700392545753857e-08 1.575326180613956240e-08 8.286700392545753857e-08 1.575326180613956240e-08 2.710122801363468170e-02 2.767161349765956402e-04
4.350000000000000000e+03 1.039190067331219325e-07 1.710187191861223255e-08 1.039190067331219325e-07 1.710187191861223255e-08 2.728576399385929108e-02 2.804973919410258532e-04
4.360000000000000000e+03 6.540106056718286709e-08 1.633988588878310111e-08 6.540106056718286709e-08 1.633988588878310111e-08 2.711535803973674774e-02 2.770047576632350683e-04
4.370000000000000000e+03 5.101269096030591754e-08 1.478874267490937200e-08 5.101269096030591754e-08 1.478874267490937200e-08 2.670761197805404663e-02 2.687365049496293068e-04
4.380000000000000000e+03 4.299353406622685725e-08 1.277538164146108102e-08 4.299353406622685725e-08 1.277538164146108102e-08 2.644784748554229736e-02 2.635343116708099842e-04
4.390000000000000000e+03 6.776406991093608667e-08 1.270607352665820144e-08 6.776406991093608667e-08 1.270607352665820144e-08 2.665124461054801941e-02 2.676033473107963800e-04
4.400000000000000000e+03 4.598369685027137166e-08 1.066107113700809350e-08 4.598369685027137166e-08 1.066107113700809350e-08 2.644131518900394440e-02 2.634041884448379278e-04
4.410000000000000000e+03 7.027666271142152254e-08 1.082379519345977315e-08 7.027666271142152254e-08 1.082379519345977315e-08 2.598594874143600464e-02 2.544097369536757469e-04
4.420000000000000000e+03 3.958811234383574629e-08 1.210588163047532362e-08 3.958811234383574629e-08 1.210588163047532362e-08 2.668993547558784485e-02 2.683808852452784777e-04
4.430000000000000000e+03 4.512891749186564994e-08 1.094495605258316573e-08 4.512891749186564994e-08 1.094495605258316573e-08 2.622884139418601990e-02 2.591879456304013729e-04
4.440000000000000000e+03 3.889459421202445810e-08 1.026069629261883165e-08 3.889459421202445810e-08 1.026069629261883165e-08 2.612270601093769073e-02 2.570945362094789743e-04
4.450000000000000000e+03 3.394941217038649484e-08 1.289981010899055036e-08 3.394941217038649484e-08 1.289981010899055036e-08 2.641426213085651398e-02 2.628654183354228735e-04
4.460000000000000000e+03 3.036703688508168852e-08 1.078564348944155427e-08 3.036703688508168852e-08 1.078564348944155427e-08 2.644603513181209564e-02 2.634982520248740911e-04
4.470000000000000000e+03 3.867514308808495116e-08 1.159563201014179867e-08 3.867514308808495116e-08 1.159563201014179867e-08 2.669025026261806488e-02 2.683872007764875889e-04
4.480000000000000000e+03 5.609484787783003412e-08 1.215313716329546878e-08 5.609484787783003412e-08 1.215313716329546878e-08 2.654624730348587036e-02 2.654989948496222496e-04
4.490000000000000000e+03 5.466157659839154803e-08 1.140643668406937650e-08 5.466157659839154803e-08 1.140643668406937650e-08 2.642703428864479065e-02 2.631197276059538126e-04
4.500000000000000000e+03 5.287653337404663034e-08 1.153272854992337670e-08 5.287653337404663034e-08 1.153272854992337670e-08 2.606061100959777832e-02 2.558737760409712791e-04
4.510000000000000000e+03 5.743301656480070960e-08 1.205398092452014680e-08 5.743301656480070960e-08 1.205398092452014680e-08 2.609124407172203064e-02 2.564756141509860754e-04
4.520000000000000000e+03 3.114747215704483096e-08 1.305399965900733150e-08 3.114747215704483096e-08 1.305399965900733150e-08 2.589807286858558655e-02 2.526919706724584103e-04
4.530000000000000000e+03 4.979015955086651957e-08 1.373289215678141773e-08 4.979015955086651957e-08 1.373289215678141773e-08 2.561083063483238220e-02 2.471177140250802040e-04
4.540000000000000000e+03 2.852659441998639522e-08 1.008596850482490481e-08 2.852659441998639522e-08 1.008596850482490481e-08 2.584338746964931488e-02 2.516258973628282547e-04
4.550000000000000000e+03 2.870291027079474588e-08 1.149251716014987323e-08 2.870291027079474588e-08 1.149251716014987323e-08 2.572240680456161499e-02 2.492755593266338110e-04
4.560000000000000000e+03 4.639145956275569915e-08 1.111824765587243746e-08 4.639145956275569915e-08 1.111824765587243746e-08 2.561672218143939972e-02 2.472314517945051193e-04
4.570000000000000000e+03 1.693169480176948127e-07 1.454113718324379079e-08 1.693169480176948127e-07 1.454113718324379079e-08 2.622639015316963196e-02 2.591394586488604546e-04
4.580000000000000000e+03 5.584619344745078706e-08 1.852749242914342176e-08 5.584619344745078706e-08 1.852749242914342176e-08 2.609523199498653412e-02 2.565540198702365160e-04
4.590000000000000000e+03 2.264152243469652603e-07 1.386988301987912564e-08 2.264152243469652603e-07 1.386988301987912564e-08 2.647168003022670746e-02 2.640095190145075321e-04
4.600000000000000000e+03 8.270478701888350770e-08 1.477666433657987000e-08 8.270478701888350770e-08 1.477666433657987000e-08 2.643577754497528076e-02 2.632938267197459936e-04
4.610000000000000000e+03 5.666858626796056342e-08 1.481838562966686368e-08 5.666858626796056342e-08 1.481838562966686368e-08 2.708612196147441864e-02 2.764077216852456331e-04
4.620000000000000000e+03 5.926749224727245746e-08 1.470620869525873786e-08 5.926749224727245746e-08 1.470620869525873786e-08 2.624233625829219818e-02 2.594547113403677940e-04
4.630000000000000000e+03 4.646590667789496365e-08 1.046787012626282376e-08 4.646590667789496365e-08 1.046787012626282376e-08 2.649940922856330872e-02 2.645629283506423235e-04
4.640000000000000000e+03 3.790431790662296407e-08 1.062875742974256355e-08 3.790431790662296407e-08 1.062875742974256355e-08 2.625701017677783966e-02 2.597449056338518858e-04
4.650000000000000000e+03 3.761249800504629093e-08 1.187812870284687961e-08 3.761249800504629093e-08 1.187812870284687961e-08 2.622626349329948425e-02 2.591369557194411755e-04
4.660000000000000000e+03 3.941478610158810625e-08 1.363203327997553060e-08 3.941478610158810625e-08 1.363203327997553060e-08 2.566617913544178009e-02 2.481869596522301435e-04
4.670000000000000000e+03 3.026477557455109491e-08 1.390250758959155064e-08 3.026477557455109491e-08 1.390250758959155064e-08 2.586470171809196472e-02 2.520411217119544744e-04
4.680000000000000000e+03 4.183562651860484038e-08 1.176717123740900206e-08 4.183562651860484038e-08 1.176717123740900206e-08 2.631902135908603668e-02 2.609732910059392452e-04
4.690000000000000000e+03 3.683239313545527693e-08 1.182080655581785322e-08 3.683239313545527693e-08 1.182080655581785322e-08 2.632306329905986786e-02 2.610534429550170898e-04
4.700000000000000000e+03 2.321279346517712838e-08 1.204725652570459715e-08 2.321279346517712838e-08 1.204725652570459715e-08 2.576039172708988190e-02 2.500123810023069382e-04
4.710000000000000000e+03 8.727729294832897722e-08 1.195511156737438796e-08 8.727729294832897722e-08 1.195511156737438796e-08 2.579084411263465881e-02 2.506038290448486805e-04
4.720000000000000000e+03 1.120522625797093497e-07 1.820274597719162557e-08 1.120522625797093497e-07 1.820274597719162557e-08 2.497054822742938995e-02 2.349160349695011973e-04
4.730000000000000000e+03 8.483412727855466073e-08 1.503759072818411369e-08 8.483412727855466073e-08 1.503759072818411369e-08 2.535643987357616425e-02 2.422328980173915625e-04
4.740000000000000000e+03 8.508084192726528272e-08 1.553254591613040247e-08 8.508084192726528272e-08 1.553254591613040247e-08 2.591362781822681427e-02 2.529955527279525995e-04
4.750000000000000000e+03 1.001943914502589905e-07 1.253527415201460826e-08 1.001943914502589905e-07 1.253527415201460826e-08 2.554566040635108948e-02 2.458616218063980341e-04
4.760000000000000000e+03 7.921048705838984461e-08 1.540751881634605525e-08 7.921048705838984461e-08 1.540751881634605525e-08 2.453761920332908630e-02 2.268409007228910923e-04
4.770000000000000000e+03 9.718502980149423820e-08 1.133084737148237764e-08 9.718502980149423820e-08 1.133084737148237764e-08 2.485178783535957336e-02 2.326868416275829077e-04
4.780000000000000000e+03 7.736341700592674897e-08 1.296912799375604664e-08 7.736341700592674897e-08 1.296912799375604664e-08 2.502817660570144653e-02 2.360016078455373645e-04
4.790000000000000000e+03 6.874187619132499094e-08 1.220541712143585755e-08 6.874187619132499094e-08 1.220541712143585755e-08 2.509146742522716522e-02 2.371967275394126773e-04
4.800000000000000000e+03 6.507527672283686115e-08 1.195946985887985647e-08 6.507527672283686115e-08 1.195946985887985647e-08 2.472568303346633911e-02 2.303313667653128505e-04
4.810000000000000000e+03 5.206631570331410330e-08 1.115764902692717442e-08 5.206631570331410330e-08 1.115764902692717442e-08 2.417922019958496094e-02 2.202627802034839988e-04
4.820000000000000000e+03 4.956371313369345444e-08 1.125021409364990177e-08 4.956371313369345444e-08 1.125021409364990177e-08 2.457101829349994659e-02 2.274588186992332339e-04
4.830000000000000000e+03 4.615666426843745285e-08 1.073749089641751198e-08 4.615666426843745285e-08 1.073749089641751198e-08 2.413331344723701477e-02 2.194272237829864025e-04
4.840000000000000000e+03 4.485195859160739928e-08 1.095734436518114308e-08 4.485195859160739928e-08 1.095734436518114308e-08 2.436118572950363159e-02 2.235905121779069304e-04
4.850000000000000000e+03 8.378798099784035003e-08 1.796893123184872820e-08 8.378798099784035003e-08 1.796893123184872820e-08 2.313327603042125702e-02 2.016186772380024195e-04
4.860000000000000000e+03 4.139414855330869614e-08 1.271952054793246134e-08 4.139414855330869614e-08 1.271952054793246134e-08 2.415995858609676361e-02 2.199120062869042158e-04
4.870000000000000000e+03 4.087947758080190397e-08 1.266831795021516882e-08 4.087947758080190397e-08 1.266831795021516882e-08 2.374620735645294189e-02 2.124442835338413715e-04
4.880000000000000000e+03 3.040412366317468695e-08 1.132931615188681462e-08 3.040412366317468695e-08 1.132931615188681462e-08 2.354945614933967590e-02 2.089384506689384580e-04
4.890000000000000000e+03 4.287187493901001289e-08 1.673082294928462943e-08 4.287187493901001289e-08 1.673082294928462943e-08 2.413917705416679382e-02 2.195338602177798748e-04
4.900000000000000000e+03 4.951060361690906575e-08 1.235488600315193253e-08 4.951060361690906575e-08 1.235488600315193253e-08 2.317588217556476593e-02 2.023620618274435401e-04
4.910000000000000000e+03 4.011206300447156536e-08 1.331451837671693283e-08 4.011206300447156536e-08 1.331451837671693283e-08 2.384665235877037048e-02 2.142453740816563368e-04
4.920000000000000000e+03 3.678236382143040828e-08 1.331821142258604596e-08 3.678236382143040828e-08 1.331821142258604596e-08 2.352795749902725220e-02 2.085571031784638762e-04
4.930000000000000000e+03 4.472657622045517201e-08 1.397434523653373617e-08 4.472657622045517201e-08 1.397434523653373617e-08 2.299550920724868774e-02 1.992244215216487646e-04
4.940000000000000000e+03 4.351446492023569590e-08 1.226982249136199243e-08 4.351446492023569590e-08 1.226982249136199243e-08 2.302968315780162811e-02 1.998170337174087763e-04
4.950000000000000000e+03 8.090815839523202158e-08 3.139981785693635175e-08 8.090815839523202158e-08 3.139981785693635175e-08 2.379259653389453888e-02 2.132751542376354337e-04
4.960000000000000000e+03 3.886076171966124093e-08 1.250862613488834540e-08 3.886076171966124093e-08 1.250862613488834540e-08 2.252086251974105835e-02 1.910849678097292781e-04
4.970000000000000000e+03 4.537562148243523552e-08 1.257212733918322556e-08 4.537562148243523552e-08 1.257212733918322556e-08 2.272447757422924042e-02 1.945559051819145679e-04
4.980000000000000000e+03 4.966192790334389429e-08 1.840840369027318957e-08 4.966192790334389429e-08 1.840840369027318957e-08 2.206856757402420044e-02 1.834868016885593534e-04
4.990000000000000000e+03 3.398133685550419614e-08 1.868245647074218141e-08 3.398133685550419614e-08 1.868245647074218141e-08 2.251299843192100525e-02 1.909515704028308392e-04
5.000000000000000000e+03 3.642173140860904823e-08 1.185114051338587160e-08 3.642173140860904823e-08 1.185114051338587160e-08 2.255522273480892181e-02 1.916685141623020172e-04
