# step, loss_train, loss_test, metrics_test
0.000000000000000000e+00 3.929845094680786133e+00 7.748158454895019531e+00 3.929845094680786133e+00 7.748158454895019531e+00 9.991926550865173340e-01 1.117294006347656250e+02
1.000000000000000000e+01 1.130922675132751465e+00 7.930706977844238281e+00 1.130922675132751465e+00 7.930706977844238281e+00 1.024557471275329590e+00 1.174739685058593750e+02
2.000000000000000000e+01 4.965415224432945251e-02 7.966175079345703125e+00 4.965415224432945251e-02 7.966175079345703125e+00 1.055773735046386719e+00 1.247414169311523438e+02
3.000000000000000000e+01 2.853942103683948517e-02 7.735453128814697266e+00 2.853942103683948517e-02 7.735453128814697266e+00 1.042954802513122559e+00 1.217306747436523438e+02
4.000000000000000000e+01 1.415007561445236206e-02 7.680437564849853516e+00 1.415007561445236206e-02 7.680437564849853516e+00 1.026761054992675781e+00 1.179798278808593750e+02
5.000000000000000000e+01 7.347135804593563080e-03 7.666754245758056641e+00 7.347135804593563080e-03 7.666754245758056641e+00 1.024725914001464844e+00 1.175125808715820312e+02
6.000000000000000000e+01 3.807533998042345047e-03 7.659992694854736328e+00 3.807533998042345047e-03 7.659992694854736328e+00 1.029562592506408691e+00 1.186245346069335938e+02
7.000000000000000000e+01 2.467942191287875175e-03 7.657437801361083984e+00 2.467942191287875175e-03 7.657437801361083984e+00 1.029935359954833984e+00 1.187104415893554688e+02
8.000000000000000000e+01 1.862376928329467773e-03 7.655578613281250000e+00 1.862376928329467773e-03 7.655578613281250000e+00 1.029035687446594238e+00 1.185031509399414062e+02
9.000000000000000000e+01 1.539438497275114059e-03 7.654566764831542969e+00 1.539438497275114059e-03 7.654566764831542969e+00 1.028638720512390137e+00 1.184117355346679688e+02
1.000000000000000000e+02 1.281665870919823647e-03 7.653780937194824219e+00 1.281665870919823647e-03 7.653780937194824219e+00 1.028069615364074707e+00 1.182807312011718750e+02
1.100000000000000000e+02 1.106770476326346397e-03 7.653214931488037109e+00 1.106770476326346397e-03 7.653214931488037109e+00 1.027548432350158691e+00 1.181608352661132812e+02
1.200000000000000000e+02 9.538757731206715107e-04 7.652779579162597656e+00 9.538757731206715107e-04 7.652779579162597656e+00 1.027300000190734863e+00 1.181037368774414062e+02
1.300000000000000000e+02 8.374809985980391502e-04 7.652417182922363281e+00 8.374809985980391502e-04 7.652417182922363281e+00 1.027080535888671875e+00 1.180532531738281250e+02
1.400000000000000000e+02 7.422544877044856548e-04 7.652107715606689453e+00 7.422544877044856548e-04 7.652107715606689453e+00 1.026882529258728027e+00 1.180077438354492188e+02
1.500000000000000000e+02 6.588522810488939285e-04 7.651859283447265625e+00 6.588522810488939285e-04 7.651859283447265625e+00 1.026708722114562988e+00 1.179678115844726562e+02
1.600000000000000000e+02 5.898494855500757694e-04 7.651631832122802734e+00 5.898494855500757694e-04 7.651631832122802734e+00 1.026514530181884766e+00 1.179232177734375000e+02
1.700000000000000000e+02 5.297025782056152821e-04 7.651443481445312500e+00 5.297025782056152821e-04 7.651443481445312500e+00 1.026339292526245117e+00 1.178829574584960938e+02
1.800000000000000000e+02 4.777555877808481455e-04 7.651276111602783203e+00 4.777555877808481455e-04 7.651276111602783203e+00 1.026185393333435059e+00 1.178475875854492188e+02
1.900000000000000000e+02 4.335628764238208532e-04 7.651132106781005859e+00 4.335628764238208532e-04 7.651132106781005859e+00 1.026030540466308594e+00 1.178120193481445312e+02
2.000000000000000000e+02 3.944916825275868177e-04 7.650995254516601562e+00 3.944916825275868177e-04 7.650995254516601562e+00 1.025894761085510254e+00 1.177808456420898438e+02
2.100000000000000000e+02 3.604586818255484104e-04 7.650884628295898438e+00 3.604586818255484104e-04 7.650884628295898438e+00 1.025766730308532715e+00 1.177514419555664062e+02
2.200000000000000000e+02 3.301916876807808876e-04 7.650778293609619141e+00 3.301916876807808876e-04 7.650778293609619141e+00 1.025644779205322266e+00 1.177234344482421875e+02
2.300000000000000000e+02 3.032553067896515131e-04 7.650681495666503906e+00 3.032553067896515131e-04 7.650681495666503906e+00 1.025528192520141602e+00 1.176967086791992188e+02
2.400000000000000000e+02 2.792266604956239462e-04 7.650601387023925781e+00 2.792266604956239462e-04 7.650601387023925781e+00 1.025417566299438477e+00 1.176712722778320312e+02
2.500000000000000000e+02 2.576255355961620808e-04 7.650520324707031250e+00 2.576255355961620808e-04 7.650520324707031250e+00 1.025308966636657715e+00 1.176463546752929688e+02
2.600000000000000000e+02 2.382805396337062120e-04 7.650447845458984375e+00 2.382805396337062120e-04 7.650447845458984375e+00 1.025208115577697754e+00 1.176232147216796875e+02
2.700000000000000000e+02 2.206047938670963049e-04 7.650380611419677734e+00 2.206047938670963049e-04 7.650380611419677734e+00 1.025110006332397461e+00 1.176007308959960938e+02
2.800000000000000000e+02 2.042961277766153216e-04 7.650326251983642578e+00 2.042961277766153216e-04 7.650326251983642578e+00 1.025019645690917969e+00 1.175799713134765625e+02
2.900000000000000000e+02 1.897276524687185884e-04 7.650272846221923828e+00 1.897276524687185884e-04 7.650272846221923828e+00 1.024931430816650391e+00 1.175597381591796875e+02
3.000000000000000000e+02 1.764490589266642928e-04 7.650218963623046875e+00 1.764490589266642928e-04 7.650218963623046875e+00 1.024839639663696289e+00 1.175386886596679688e+02
3.100000000000000000e+02 1.640504196984693408e-04 7.650171279907226562e+00 1.640504196984693408e-04 7.650171279907226562e+00 1.024760723114013672e+00 1.175205841064453125e+02
3.200000000000000000e+02 1.526981359347701073e-04 7.650130748748779297e+00 1.526981359347701073e-04 7.650130748748779297e+00 1.024678707122802734e+00 1.175017547607421875e+02
3.300000000000000000e+02 1.425257360097020864e-04 7.650085926055908203e+00 1.425257360097020864e-04 7.650085926055908203e+00 1.024598002433776855e+00 1.174832534790039062e+02
3.400000000000000000e+02 1.330172817688435316e-04 7.650053501129150391e+00 1.330172817688435316e-04 7.650053501129150391e+00 1.024523735046386719e+00 1.174662475585937500e+02
3.500000000000000000e+02 1.243459846591576934e-04 7.650020122528076172e+00 1.243459846591576934e-04 7.650020122528076172e+00 1.024448275566101074e+00 1.174489440917968750e+02
3.600000000000000000e+02 1.163839115179143846e-04 7.649991035461425781e+00 1.163839115179143846e-04 7.649991035461425781e+00 1.024372935295104980e+00 1.174316635131835938e+02
3.700000000000000000e+02 1.091720041586086154e-04 7.649957180023193359e+00 1.091720041586086154e-04 7.649957180023193359e+00 1.024297714233398438e+00 1.174144134521484375e+02
3.800000000000000000e+02 1.021354619297198951e-04 7.649921894073486328e+00 1.021354619297198951e-04 7.649921894073486328e+00 1.024234890937805176e+00 1.174000167846679688e+02
3.900000000000000000e+02 9.777321974979713559e-05 7.649899005889892578e+00 9.777321974979713559e-05 7.649899005889892578e+00 1.024193167686462402e+00 1.173904571533203125e+02
4.000000000000000000e+02 2.602118765935301781e-03 7.649907112121582031e+00 2.602118765935301781e-03 7.649907112121582031e+00 1.025004029273986816e+00 1.175763931274414062e+02
4.100000000000000000e+02 6.651808042079210281e-03 7.650087356567382812e+00 6.651808042079210281e-03 7.650087356567382812e+00 1.027260303497314453e+00 1.180946121215820312e+02
4.200000000000000000e+02 3.085167612880468369e-03 7.650031566619873047e+00 3.085167612880468369e-03 7.650031566619873047e+00 1.026187777519226074e+00 1.178481369018554688e+02
4.300000000000000000e+02 2.027681039180606604e-04 7.649970531463623047e+00 2.027681039180606604e-04 7.649970531463623047e+00 1.025379657745361328e+00 1.176625518798828125e+02
4.400000000000000000e+02 4.396578588057309389e-04 7.649924278259277344e+00 4.396578588057309389e-04 7.649924278259277344e+00 1.024735212326049805e+00 1.175147399902343750e+02
4.500000000000000000e+02 1.247371546924114227e-04 7.649909496307373047e+00 1.247371546924114227e-04 7.649909496307373047e+00 1.025024056434631348e+00 1.175810165405273438e+02
4.600000000000000000e+02 1.010486739687621593e-04 7.649862766265869141e+00 1.010486739687621593e-04 7.649862766265869141e+00 1.024758934974670410e+00 1.175201950073242188e+02
4.700000000000000000e+02 7.334278780035674572e-05 7.649834632873535156e+00 7.334278780035674572e-05 7.649834632873535156e+00 1.024596095085144043e+00 1.174828262329101562e+02
4.800000000000000000e+02 7.104480755515396595e-05 7.649801254272460938e+00 7.104480755515396595e-05 7.649801254272460938e+00 1.024449229240417480e+00 1.174491653442382812e+02
4.900000000000000000e+02 6.164504884509369731e-05 7.649786472320556641e+00 6.164504884509369731e-05 7.649786472320556641e+00 1.024387598037719727e+00 1.174350280761718750e+02
5.000000000000000000e+02 5.713243444915860891e-05 7.649762630462646484e+00 5.713243444915860891e-05 7.649762630462646484e+00 1.024290800094604492e+00 1.174128417968750000e+02
5.100000000000000000e+02 5.366758341551758349e-05 7.649744510650634766e+00 5.366758341551758349e-05 7.649744510650634766e+00 1.024226307868957520e+00 1.173980484008789062e+02
5.200000000000000000e+02 5.116580723552033305e-05 7.649723529815673828e+00 5.116580723552033305e-05 7.649723529815673828e+00 1.024140954017639160e+00 1.173784866333007812e+02
5.300000000000000000e+02 4.868777250521816313e-05 7.649713993072509766e+00 4.868777250521816313e-05 7.649713993072509766e+00 1.024073243141174316e+00 1.173629455566406250e+02
5.400000000000000000e+02 4.641282430384308100e-05 7.649689197540283203e+00 4.641282430384308100e-05 7.649689197540283203e+00 1.024002790451049805e+00 1.173468246459960938e+02
5.500000000000000000e+02 4.415015428094193339e-05 7.649676322937011719e+00 4.415015428094193339e-05 7.649676322937011719e+00 1.023943662643432617e+00 1.173332519531250000e+02
5.600000000000000000e+02 4.221923518343828619e-05 7.649661540985107422e+00 4.221923518343828619e-05 7.649661540985107422e+00 1.023872137069702148e+00 1.173168640136718750e+02
5.700000000000000000e+02 4.036772952531464398e-05 7.649644374847412109e+00 4.036772952531464398e-05 7.649644374847412109e+00 1.023810625076293945e+00 1.173027725219726562e+02
5.800000000000000000e+02 3.860324068227782845e-05 7.649631500244140625e+00 3.860324068227782845e-05 7.649631500244140625e+00 1.023751020431518555e+00 1.172891311645507812e+02
5.900000000000000000e+02 3.702651520143263042e-05 7.649618625640869141e+00 3.702651520143263042e-05 7.649618625640869141e+00 1.023690104484558105e+00 1.172751464843750000e+02
6.000000000000000000e+02 3.545038998709060252e-05 7.649609565734863281e+00 3.545038998709060252e-05 7.649609565734863281e+00 1.023632526397705078e+00 1.172619628906250000e+02
6.100000000000000000e+02 3.392057988094165921e-05 7.649596691131591797e+00 3.392057988094165921e-05 7.649596691131591797e+00 1.023579597473144531e+00 1.172498474121093750e+02
6.200000000000000000e+02 3.249713699915446341e-05 7.649588108062744141e+00 3.249713699915446341e-05 7.649588108062744141e+00 1.023524999618530273e+00 1.172373428344726562e+02
6.300000000000000000e+02 3.121316331089474261e-05 7.649577140808105469e+00 3.121316331089474261e-05 7.649577140808105469e+00 1.023467898368835449e+00 1.172242355346679688e+02
6.400000000000000000e+02 2.992621739394962788e-05 7.649568080902099609e+00 2.992621739394962788e-05 7.649568080902099609e+00 1.023419022560119629e+00 1.172130432128906250e+02
6.500000000000000000e+02 2.876201142498757690e-05 7.649557113647460938e+00 2.876201142498757690e-05 7.649557113647460938e+00 1.023366808891296387e+00 1.172010650634765625e+02
6.600000000000000000e+02 2.768604645098093897e-05 7.649550914764404297e+00 2.768604645098093897e-05 7.649550914764404297e+00 1.023314476013183594e+00 1.171891250610351562e+02
6.700000000000000000e+02 2.671953188837505877e-05 7.649541378021240234e+00 2.671953188837505877e-05 7.649541378021240234e+00 1.023264288902282715e+00 1.171776275634765625e+02
6.800000000000000000e+02 2.556439176260028034e-05 7.649534702301025391e+00 2.556439176260028034e-05 7.649534702301025391e+00 1.023222327232360840e+00 1.171679840087890625e+02
6.900000000000000000e+02 2.472740743542090058e-05 7.649524688720703125e+00 2.472740743542090058e-05 7.649524688720703125e+00 1.023168802261352539e+00 1.171557693481445312e+02
7.000000000000000000e+02 2.376279917370993644e-05 7.649517536163330078e+00 2.376279917370993644e-05 7.649517536163330078e+00 1.023124098777770996e+00 1.171454925537109375e+02
7.100000000000000000e+02 2.292500357725657523e-05 7.649508476257324219e+00 2.292500357725657523e-05 7.649508476257324219e+00 1.023076772689819336e+00 1.171346588134765625e+02
7.200000000000000000e+02 2.637072429934050888e-05 7.649502754211425781e+00 2.637072429934050888e-05 7.649502754211425781e+00 1.023003220558166504e+00 1.171178359985351562e+02
7.300000000000000000e+02 3.065847791731357574e-03 7.649491786956787109e+00 3.065847791731357574e-03 7.649491786956787109e+00 1.022268176078796387e+00 1.169495925903320312e+02
7.400000000000000000e+02 1.905085751786828041e-03 7.649594306945800781e+00 1.905085751786828041e-03 7.649594306945800781e+00 1.024280309677124023e+00 1.174104156494140625e+02
7.500000000000000000e+02 9.196879691444337368e-04 7.649628639221191406e+00 9.196879691444337368e-04 7.649628639221191406e+00 1.025083422660827637e+00 1.175946197509765625e+02
7.600000000000000000e+02 2.434734633425250649e-04 7.649543285369873047e+00 2.434734633425250649e-04 7.649543285369873047e+00 1.023712158203125000e+00 1.172801971435546875e+02
7.700000000000000000e+02 6.431061046896502376e-05 7.649526119232177734e+00 6.431061046896502376e-05 7.649526119232177734e+00 1.023698091506958008e+00 1.172769775390625000e+02
7.800000000000000000e+02 8.445966523140668869e-05 7.649520874023437500e+00 8.445966523140668869e-05 7.649520874023437500e+00 1.023538231849670410e+00 1.172403793334960938e+02
7.900000000000000000e+02 4.034165976918302476e-05 7.649509906768798828e+00 4.034165976918302476e-05 7.649509906768798828e+00 1.023470878601074219e+00 1.172249450683593750e+02
8.000000000000000000e+02 2.438354749756399542e-05 7.649496555328369141e+00 2.438354749756399542e-05 7.649496555328369141e+00 1.023500323295593262e+00 1.172317047119140625e+02
8.100000000000000000e+02 2.237746048194821924e-05 7.649482250213623047e+00 2.237746048194821924e-05 7.649482250213623047e+00 1.023405551910400391e+00 1.172099838256835938e+02
8.200000000000000000e+02 2.030827454291284084e-05 7.649486064910888672e+00 2.030827454291284084e-05 7.649486064910888672e+00 1.023374795913696289e+00 1.172029266357421875e+02
8.300000000000000000e+02 1.924025855259969831e-05 7.649478912353515625e+00 1.924025855259969831e-05 7.649478912353515625e+00 1.023280501365661621e+00 1.171813278198242188e+02
8.400000000000000000e+02 1.827935921028256416e-05 7.649473190307617188e+00 1.827935921028256416e-05 7.649473190307617188e+00 1.023220658302307129e+00 1.171676177978515625e+02
8.500000000000000000e+02 1.761538078426383436e-05 7.649466037750244141e+00 1.761538078426383436e-05 7.649466037750244141e+00 1.023167014122009277e+00 1.171553649902343750e+02
8.600000000000000000e+02 1.703556881693657488e-05 7.649457931518554688e+00 1.703556881693657488e-05 7.649457931518554688e+00 1.023110508918762207e+00 1.171423950195312500e+02
8.700000000000000000e+02 1.652805622143205255e-05 7.649454593658447266e+00 1.652805622143205255e-05 7.649454593658447266e+00 1.023057103157043457e+00 1.171301803588867188e+02
8.800000000000000000e+02 1.599912502570077777e-05 7.649444580078125000e+00 1.599912502570077777e-05 7.649444580078125000e+00 1.023009896278381348e+00 1.171193771362304688e+02
8.900000000000000000e+02 1.544758015370462090e-05 7.649444580078125000e+00 1.544758015370462090e-05 7.649444580078125000e+00 1.022963166236877441e+00 1.171086730957031250e+02
9.000000000000000000e+02 1.503311796113848686e-05 7.649435043334960938e+00 1.503311796113848686e-05 7.649435043334960938e+00 1.022915244102478027e+00 1.170976791381835938e+02
9.100000000000000000e+02 1.454809444112470374e-05 7.649433612823486328e+00 1.454809444112470374e-05 7.649433612823486328e+00 1.022871375083923340e+00 1.170876312255859375e+02
9.200000000000000000e+02 1.411419543728698045e-05 7.649429321289062500e+00 1.411419543728698045e-05 7.649429321289062500e+00 1.022827506065368652e+00 1.170776138305664062e+02
9.300000000000000000e+02 1.383646485919598490e-05 7.649425983428955078e+00 1.383646485919598490e-05 7.649425983428955078e+00 1.022791743278503418e+00 1.170694046020507812e+02
9.400000000000000000e+02 1.384533061354886740e-05 7.649422168731689453e+00 1.384533061354886740e-05 7.649422168731689453e+00 1.022734642028808594e+00 1.170563278198242188e+02
9.500000000000000000e+02 5.007641448173671961e-05 7.649411201477050781e+00 5.007641448173671961e-05 7.649411201477050781e+00 1.022618770599365234e+00 1.170298538208007812e+02
9.600000000000000000e+02 4.034947138279676437e-03 7.649417400360107422e+00 4.034947138279676437e-03 7.649417400360107422e+00 1.022206783294677734e+00 1.169355316162109375e+02
9.700000000000000000e+02 1.911274885060265660e-04 7.649424076080322266e+00 1.911274885060265660e-04 7.649424076080322266e+00 1.022919893264770508e+00 1.170987472534179688e+02
9.800000000000000000e+02 4.137434589210897684e-04 7.649426460266113281e+00 4.137434589210897684e-04 7.649426460266113281e+00 1.023055076599121094e+00 1.171296997070312500e+02
9.900000000000000000e+02 1.728959323372691870e-04 7.649422168731689453e+00 1.728959323372691870e-04 7.649422168731689453e+00 1.023113369941711426e+00 1.171430435180664062e+02
1.000000000000000000e+03 1.946467818925157189e-05 7.649417400360107422e+00 1.946467818925157189e-05 7.649417400360107422e+00 1.023174405097961426e+00 1.171570205688476562e+02
1.010000000000000000e+03 1.670862548053264618e-05 7.649416446685791016e+00 1.670862548053264618e-05 7.649416446685791016e+00 1.023155093193054199e+00 1.171525878906250000e+02
1.020000000000000000e+03 1.393752063449937850e-05 7.649411678314208984e+00 1.393752063449937850e-05 7.649411678314208984e+00 1.023047208786010742e+00 1.171279067993164062e+02
1.030000000000000000e+03 1.244923805643338710e-05 7.649404525756835938e+00 1.244923805643338710e-05 7.649404525756835938e+00 1.022939562797546387e+00 1.171032409667968750e+02
1.040000000000000000e+03 1.277885166928172112e-05 7.649405956268310547e+00 1.277885166928172112e-05 7.649405956268310547e+00 1.022880792617797852e+00 1.170897903442382812e+02
1.050000000000000000e+03 1.154700839833822101e-05 7.649397850036621094e+00 1.154700839833822101e-05 7.649397850036621094e+00 1.022837162017822266e+00 1.170798034667968750e+02
1.060000000000000000e+03 1.121043897001072764e-05 7.649397373199462891e+00 1.121043897001072764e-05 7.649397373199462891e+00 1.022794842720031738e+00 1.170701293945312500e+02
1.070000000000000000e+03 1.090324258257169276e-05 7.649394512176513672e+00 1.090324258257169276e-05 7.649394512176513672e+00 1.022741675376892090e+00 1.170579452514648438e+02
1.080000000000000000e+03 1.066197182808537036e-05 7.649388313293457031e+00 1.066197182808537036e-05 7.649388313293457031e+00 1.022705316543579102e+00 1.170496063232421875e+02
1.090000000000000000e+03 1.182825144496746361e-05 7.649384498596191406e+00 1.182825144496746361e-05 7.649384498596191406e+00 1.022672533988952637e+00 1.170421371459960938e+02
1.100000000000000000e+03 9.062969911610707641e-05 7.649386882781982422e+00 9.062969911610707641e-05 7.649386882781982422e+00 1.022737383842468262e+00 1.170569763183593750e+02
1.110000000000000000e+03 5.191923119127750397e-03 7.649422645568847656e+00 5.191923119127750397e-03 7.649422645568847656e+00 1.023980498313903809e+00 1.173416900634765625e+02
1.120000000000000000e+03 1.341807190328836441e-03 7.649415016174316406e+00 1.341807190328836441e-03 7.649415016174316406e+00 1.023734807968139648e+00 1.172854003906250000e+02
1.130000000000000000e+03 2.247209049528464675e-04 7.649401664733886719e+00 2.247209049528464675e-04 7.649401664733886719e+00 1.023443222045898438e+00 1.172185974121093750e+02
1.140000000000000000e+03 4.444708974915556610e-05 7.649393558502197266e+00 4.444708974915556610e-05 7.649393558502197266e+00 1.023250460624694824e+00 1.171744384765625000e+02
1.150000000000000000e+03 7.163408008636906743e-05 7.649394512176513672e+00 7.163408008636906743e-05 7.649394512176513672e+00 1.023118615150451660e+00 1.171442565917968750e+02
1.160000000000000000e+03 3.334479697514325380e-05 7.649383544921875000e+00 3.334479697514325380e-05 7.649383544921875000e+00 1.023059129714965820e+00 1.171306381225585938e+02
1.170000000000000000e+03 1.664330739004071802e-05 7.649381160736083984e+00 1.664330739004071802e-05 7.649381160736083984e+00 1.022966861724853516e+00 1.171095199584960938e+02
1.180000000000000000e+03 1.303706631006207317e-05 7.649375438690185547e+00 1.303706631006207317e-05 7.649375438690185547e+00 1.022929310798645020e+00 1.171009140014648438e+02
1.190000000000000000e+03 1.102539135899860412e-05 7.649375915527343750e+00 1.102539135899860412e-05 7.649375915527343750e+00 1.022871494293212891e+00 1.170876693725585938e+02
1.200000000000000000e+03 9.418426088814157993e-06 7.649371147155761719e+00 9.418426088814157993e-06 7.649371147155761719e+00 1.022816538810729980e+00 1.170751266479492188e+02
1.210000000000000000e+03 9.295779818785376847e-06 7.649371147155761719e+00 9.295779818785376847e-06 7.649371147155761719e+00 1.022782564163208008e+00 1.170672912597656250e+02
1.220000000000000000e+03 8.905000868253409863e-06 7.649367809295654297e+00 8.905000868253409863e-06 7.649367809295654297e+00 1.022723555564880371e+00 1.170538024902343750e+02
1.230000000000000000e+03 8.619924301456194371e-06 7.649364948272705078e+00 8.619924301456194371e-06 7.649364948272705078e+00 1.022684097290039062e+00 1.170447921752929688e+02
1.240000000000000000e+03 8.481001714244484901e-06 7.649362087249755859e+00 8.481001714244484901e-06 7.649362087249755859e+00 1.022633910179138184e+00 1.170333099365234375e+02
1.250000000000000000e+03 8.070549483818467706e-06 7.649358272552490234e+00 8.070549483818467706e-06 7.649358272552490234e+00 1.022595286369323730e+00 1.170244522094726562e+02
1.260000000000000000e+03 7.959533832035958767e-06 7.649355888366699219e+00 7.959533832035958767e-06 7.649355888366699219e+00 1.022553443908691406e+00 1.170148849487304688e+02
1.270000000000000000e+03 4.584843190968967974e-05 7.649351119995117188e+00 4.584843190968967974e-05 7.649351119995117188e+00 1.022449493408203125e+00 1.169910659790039062e+02
1.280000000000000000e+03 1.222649402916431427e-02 7.649540901184082031e+00 1.222649402916431427e-02 7.649540901184082031e+00 1.023007035255432129e+00 1.171186828613281250e+02
1.290000000000000000e+03 2.640192164108157158e-03 7.649441719055175781e+00 2.640192164108157158e-03 7.649441719055175781e+00 1.023382186889648438e+00 1.172046356201171875e+02
1.300000000000000000e+03 5.596581831923685968e-05 7.649397373199462891e+00 5.596581831923685968e-05 7.649397373199462891e+00 1.023550033569335938e+00 1.172430572509765625e+02
1.310000000000000000e+03 2.263397909700870514e-04 7.649394035339355469e+00 2.263397909700870514e-04 7.649394035339355469e+00 1.023474454879760742e+00 1.172257537841796875e+02
1.320000000000000000e+03 7.038930925773456693e-05 7.649384021759033203e+00 7.038930925773456693e-05 7.649384021759033203e+00 1.023370385169982910e+00 1.172019271850585938e+02
1.330000000000000000e+03 2.113610389642417431e-05 7.649374961853027344e+00 2.113610389642417431e-05 7.649374961853027344e+00 1.023212790489196777e+00 1.171658096313476562e+02
1.340000000000000000e+03 1.720096770441159606e-05 7.649361610412597656e+00 1.720096770441159606e-05 7.649361610412597656e+00 1.023127079010009766e+00 1.171462249755859375e+02
1.350000000000000000e+03 1.269809945370070636e-05 7.649363040924072266e+00 1.269809945370070636e-05 7.649363040924072266e+00 1.023097991943359375e+00 1.171395416259765625e+02
1.360000000000000000e+03 8.513602551829535514e-06 7.649356842041015625e+00 8.513602551829535514e-06 7.649356842041015625e+00 1.023000955581665039e+00 1.171173324584960938e+02
1.370000000000000000e+03 7.834350981283932924e-06 7.649353027343750000e+00 7.834350981283932924e-06 7.649353027343750000e+00 1.022951006889343262e+00 1.171058883666992188e+02
1.380000000000000000e+03 7.561134225397836417e-06 7.649345874786376953e+00 7.561134225397836417e-06 7.649345874786376953e+00 1.022897958755493164e+00 1.170937347412109375e+02
1.390000000000000000e+03 7.345470294239930809e-06 7.649351596832275391e+00 7.345470294239930809e-06 7.649351596832275391e+00 1.022843956947326660e+00 1.170813903808593750e+02
1.400000000000000000e+03 6.925516117917140946e-06 7.649345397949218750e+00 6.925516117917140946e-06 7.649345397949218750e+00 1.022796392440795898e+00 1.170704650878906250e+02
1.410000000000000000e+03 6.674812084384029731e-06 7.649344444274902344e+00 6.674812084384029731e-06 7.649344444274902344e+00 1.022752165794372559e+00 1.170603485107421875e+02
1.420000000000000000e+03 6.459711585193872452e-06 7.649336338043212891e+00 6.459711585193872452e-06 7.649336338043212891e+00 1.022708773612976074e+00 1.170504302978515625e+02
1.430000000000000000e+03 6.270223366300342605e-06 7.649345874786376953e+00 6.270223366300342605e-06 7.649345874786376953e+00 1.022667169570922852e+00 1.170408477783203125e+02
1.440000000000000000e+03 6.199947620189050213e-06 7.649340152740478516e+00 6.199947620189050213e-06 7.649340152740478516e+00 1.022624611854553223e+00 1.170311355590820312e+02
1.450000000000000000e+03 6.009645858284784481e-06 7.649336338043212891e+00 6.009645858284784481e-06 7.649336338043212891e+00 1.022586703300476074e+00 1.170224838256835938e+02
1.460000000000000000e+03 5.698251698049716651e-06 7.649340152740478516e+00 5.698251698049716651e-06 7.649340152740478516e+00 1.022552967071533203e+00 1.170147399902343750e+02
1.470000000000000000e+03 1.187699581350898370e-05 7.649335861206054688e+00 1.187699581350898370e-05 7.649335861206054688e+00 1.022547483444213867e+00 1.170134887695312500e+02
1.480000000000000000e+03 1.889133360236883163e-03 7.649343490600585938e+00 1.889133360236883163e-03 7.649343490600585938e+00 1.023162007331848145e+00 1.171541900634765625e+02
1.490000000000000000e+03 2.027559326961636543e-03 7.649372577667236328e+00 2.027559326961636543e-03 7.649372577667236328e+00 1.022736310958862305e+00 1.170567474365234375e+02
1.500000000000000000e+03 2.833451726473867893e-04 7.649351596832275391e+00 2.833451726473867893e-04 7.649351596832275391e+00 1.022994399070739746e+00 1.171158218383789062e+02
1.510000000000000000e+03 4.806023571291007102e-05 7.649348258972167969e+00 4.806023571291007102e-05 7.649348258972167969e+00 1.023186683654785156e+00 1.171598663330078125e+02
1.520000000000000000e+03 9.233156561094801873e-06 7.649345397949218750e+00 9.233156561094801873e-06 7.649345397949218750e+00 1.023122310638427734e+00 1.171451034545898438e+02
1.530000000000000000e+03 1.463953412894625217e-05 7.649337768554687500e+00 1.463953412894625217e-05 7.649337768554687500e+00 1.023012161254882812e+00 1.171198730468750000e+02
1.540000000000000000e+03 1.949863508343696594e-05 7.649335861206054688e+00 1.949863508343696594e-05 7.649335861206054688e+00 1.022928595542907715e+00 1.171007308959960938e+02
1.550000000000000000e+03 6.024641606927616522e-06 7.649333477020263672e+00 6.024641606927616522e-06 7.649333477020263672e+00 1.022852420806884766e+00 1.170832977294921875e+02
1.560000000000000000e+03 7.964430551510304213e-06 7.649333953857421875e+00 7.964430551510304213e-06 7.649333953857421875e+00 1.022784709930419922e+00 1.170678100585937500e+02
1.570000000000000000e+03 6.050672254787059501e-06 7.649334430694580078e+00 6.050672254787059501e-06 7.649334430694580078e+00 1.022758960723876953e+00 1.170618972778320312e+02
1.580000000000000000e+03 5.544292889680946246e-06 7.649329185485839844e+00 5.544292889680946246e-06 7.649329185485839844e+00 1.022703170776367188e+00 1.170491561889648438e+02
1.590000000000000000e+03 4.900668045593192801e-06 7.649326324462890625e+00 4.900668045593192801e-06 7.649326324462890625e+00 1.022664904594421387e+00 1.170403671264648438e+02
1.600000000000000000e+03 4.748488208861090243e-06 7.649326324462890625e+00 4.748488208861090243e-06 7.649326324462890625e+00 1.022626876831054688e+00 1.170316696166992188e+02
1.610000000000000000e+03 4.590564913087291643e-06 7.649320125579833984e+00 4.590564913087291643e-06 7.649320125579833984e+00 1.022588372230529785e+00 1.170228500366210938e+02
1.620000000000000000e+03 6.248467798286583275e-06 7.649325370788574219e+00 6.248467798286583275e-06 7.649325370788574219e+00 1.022563338279724121e+00 1.170171356201171875e+02
1.630000000000000000e+03 4.997499054297804832e-04 7.649327754974365234e+00 4.997499054297804832e-04 7.649327754974365234e+00 1.022779226303100586e+00 1.170665512084960938e+02
1.640000000000000000e+03 2.641667611896991730e-03 7.649364471435546875e+00 2.641667611896991730e-03 7.649364471435546875e+00 1.023924827575683594e+00 1.173289489746093750e+02
1.650000000000000000e+03 1.392475143074989319e-02 7.650121688842773438e+00 1.392475143074989319e-02 7.650121688842773438e+00 1.027751088142395020e+00 1.182074737548828125e+02
1.660000000000000000e+03 4.000778198242187500e+00 8.054255485534667969e+00 4.000778198242187500e+00 8.054255485534667969e+00 1.030678391456604004e+00 1.188818206787109375e+02
1.670000000000000000e+03 4.000269889831542969e+00 7.716901302337646484e+00 4.000269889831542969e+00 7.716901302337646484e+00 1.011852979660034180e+00 1.145786972045898438e+02
1.680000000000000000e+03 4.000351905822753906e+00 7.663053035736083984e+00 4.000351905822753906e+00 7.663053035736083984e+00 1.005908250808715820e+00 1.132363052368164062e+02
1.690000000000000000e+03 3.999602317810058594e+00 7.652289867401123047e+00 3.999602317810058594e+00 7.652289867401123047e+00 1.003206610679626465e+00 1.126288833618164062e+02
1.700000000000000000e+03 3.997162342071533203e+00 7.649787902832031250e+00 3.997162342071533203e+00 7.649787902832031250e+00 1.001848220825195312e+00 1.123240737915039062e+02
1.710000000000000000e+03 3.976357221603393555e+00 7.649482250213623047e+00 3.976357221603393555e+00 7.649482250213623047e+00 1.001566529273986816e+00 1.122609100341796875e+02
1.720000000000000000e+03 2.970025539398193359e+00 7.768504142761230469e+00 2.970025539398193359e+00 7.768504142761230469e+00 1.021821498870849609e+00 1.168474197387695312e+02
1.730000000000000000e+03 1.843971967697143555e+00 8.035478591918945312e+00 1.843971967697143555e+00 8.035478591918945312e+00 9.798411130905151367e-01 1.074435501098632812e+02
1.740000000000000000e+03 3.999998807907104492e+00 7.701764106750488281e+00 3.999998807907104492e+00 7.701764106750488281e+00 9.908847212791442871e-01 1.098791503906250000e+02
1.750000000000000000e+03 4.000000000000000000e+00 7.847643375396728516e+00 4.000000000000000000e+00 7.847643375396728516e+00 9.814344048500061035e-01 1.077932586669921875e+02
1.760000000000000000e+03 4.000000000000000000e+00 7.744883537292480469e+00 4.000000000000000000e+00 7.744883537292480469e+00 9.871075749397277832e-01 1.090430450439453125e+02
1.770000000000000000e+03 4.000000000000000000e+00 7.657938957214355469e+00 4.000000000000000000e+00 7.657938957214355469e+00 9.965431690216064453e-01 1.111376724243164062e+02
1.780000000000000000e+03 4.000000000000000000e+00 7.650366783142089844e+00 4.000000000000000000e+00 7.650366783142089844e+00 1.002233624458312988e+00 1.124105224609375000e+02
1.790000000000000000e+03 4.000000000000000000e+00 7.652724742889404297e+00 4.000000000000000000e+00 7.652724742889404297e+00 1.003420114517211914e+00 1.126768341064453125e+02
1.800000000000000000e+03 4.000000000000000000e+00 7.650593757629394531e+00 4.000000000000000000e+00 7.650593757629394531e+00 1.002415895462036133e+00 1.124514083862304688e+02
1.810000000000000000e+03 4.000000000000000000e+00 7.649361133575439453e+00 4.000000000000000000e+00 7.649361133575439453e+00 1.001215934753417969e+00 1.121823577880859375e+02
1.820000000000000000e+03 4.000000000000000000e+00 7.649278640747070312e+00 4.000000000000000000e+00 7.649278640747070312e+00 1.000575900077819824e+00 1.120389556884765625e+02
1.830000000000000000e+03 4.000000000000000000e+00 7.649310111999511719e+00 4.000000000000000000e+00 7.649310111999511719e+00 1.000446677207946777e+00 1.120100250244140625e+02
1.840000000000000000e+03 4.000000000000000000e+00 7.649284362792968750e+00 4.000000000000000000e+00 7.649284362792968750e+00 1.000551700592041016e+00 1.120335311889648438e+02
1.850000000000000000e+03 4.000000000000000000e+00 7.649265766143798828e+00 4.000000000000000000e+00 7.649265766143798828e+00 1.000684380531311035e+00 1.120632705688476562e+02
1.860000000000000000e+03 4.000000000000000000e+00 7.649261474609375000e+00 4.000000000000000000e+00 7.649261474609375000e+00 1.000764369964599609e+00 1.120811843872070312e+02
1.870000000000000000e+03 4.000000000000000000e+00 7.649258613586425781e+00 4.000000000000000000e+00 7.649258613586425781e+00 1.000790357589721680e+00 1.120869903564453125e+02
1.880000000000000000e+03 4.000000000000000000e+00 7.649262905120849609e+00 4.000000000000000000e+00 7.649262905120849609e+00 1.000786662101745605e+00 1.120861740112304688e+02
1.890000000000000000e+03 4.000000000000000000e+00 7.649258613586425781e+00 4.000000000000000000e+00 7.649258613586425781e+00 1.000774860382080078e+00 1.120835266113281250e+02
1.900000000000000000e+03 4.000000000000000000e+00 7.649262905120849609e+00 4.000000000000000000e+00 7.649262905120849609e+00 1.000765204429626465e+00 1.120813674926757812e+02
1.910000000000000000e+03 4.000000000000000000e+00 7.649262905120849609e+00 4.000000000000000000e+00 7.649262905120849609e+00 1.000760197639465332e+00 1.120802459716796875e+02
1.920000000000000000e+03 4.000000000000000000e+00 7.649260044097900391e+00 4.000000000000000000e+00 7.649260044097900391e+00 1.000758767127990723e+00 1.120799331665039062e+02
1.930000000000000000e+03 4.000000000000000000e+00 7.649261474609375000e+00 4.000000000000000000e+00 7.649261474609375000e+00 1.000759005546569824e+00 1.120799865722656250e+02
1.940000000000000000e+03 4.000000000000000000e+00 7.649265289306640625e+00 4.000000000000000000e+00 7.649265289306640625e+00 1.000759840011596680e+00 1.120801696777343750e+02
1.950000000000000000e+03 4.000000000000000000e+00 7.649262905120849609e+00 4.000000000000000000e+00 7.649262905120849609e+00 1.000760436058044434e+00 1.120802993774414062e+02
1.960000000000000000e+03 4.000000000000000000e+00 7.649260520935058594e+00 4.000000000000000000e+00 7.649260520935058594e+00 1.000760793685913086e+00 1.120803909301757812e+02
1.970000000000000000e+03 4.000000000000000000e+00 7.649260044097900391e+00 4.000000000000000000e+00 7.649260044097900391e+00 1.000760912895202637e+00 1.120804138183593750e+02
1.980000000000000000e+03 4.000000000000000000e+00 7.649259090423583984e+00 4.000000000000000000e+00 7.649259090423583984e+00 1.000761032104492188e+00 1.120804138183593750e+02
1.990000000000000000e+03 4.000000000000000000e+00 7.649259090423583984e+00 4.000000000000000000e+00 7.649259090423583984e+00 1.000761032104492188e+00 1.120804138183593750e+02
2.000000000000000000e+03 4.000000000000000000e+00 7.649260520935058594e+00 4.000000000000000000e+00 7.649260520935058594e+00 1.000760912895202637e+00 1.120804138183593750e+02
