# step, loss_train, loss_test, metrics_test
0.000000000000000000e+00 3.475542413070797920e-03 5.533547401428222656e-01 3.657405972480773926e-01 3.475542413070797920e-03 5.533547401428222656e-01 3.657405972480773926e-01 1.109845638275146484e+00 4.314921200275421143e-01
1.000000000000000000e+01 1.048759743571281433e-02 3.816059231758117676e-02 8.441945910453796387e-02 1.048759743571281433e-02 3.816059231758117676e-02 8.441945910453796387e-02 4.171591401100158691e-01 6.096088141202926636e-02
2.000000000000000000e+01 1.331478240899741650e-03 1.104528736323118210e-02 1.485301088541746140e-02 1.331478240899741650e-03 1.104528736323118210e-02 1.485301088541746140e-02 1.869790703058242798e-01 1.224711257964372635e-02
3.000000000000000000e+01 2.411550143733620644e-03 8.514003828167915344e-03 9.116791188716888428e-03 2.411550143733620644e-03 8.514003828167915344e-03 9.116791188716888428e-03 1.665034145116806030e-01 9.711670689284801483e-03
4.000000000000000000e+01 9.507209761068224907e-04 5.681538023054599762e-03 5.948922596871852875e-03 9.507209761068224907e-04 5.681538023054599762e-03 5.948922596871852875e-03 1.324470043182373047e-01 6.145143881440162659e-03
5.000000000000000000e+01 1.012611202895641327e-03 3.498337464407086372e-03 5.413179751485586166e-03 1.012611202895641327e-03 3.498337464407086372e-03 5.413179751485586166e-03 1.098010838031768799e-01 4.223387222737073898e-03
6.000000000000000000e+01 1.160412910394370556e-03 2.344104228541254997e-03 3.863404970616102219e-03 1.160412910394370556e-03 2.344104228541254997e-03 3.863404970616102219e-03 9.100508689880371094e-02 2.901209052652120590e-03
7.000000000000000000e+01 1.355861662887036800e-03 2.062296960502862930e-03 2.262358088046312332e-03 1.355861662887036800e-03 2.062296960502862930e-03 2.262358088046312332e-03 8.325452357530593872e-02 2.428082283586263657e-03
8.000000000000000000e+01 1.447236631065607071e-03 1.596889458596706390e-03 1.502860686741769314e-03 1.447236631065607071e-03 1.596889458596706390e-03 1.502860686741769314e-03 7.400313764810562134e-02 1.918438589200377464e-03
9.000000000000000000e+01 1.317335292696952820e-03 1.265194267034530640e-03 1.130822929553687572e-03 1.317335292696952820e-03 1.265194267034530640e-03 1.130822929553687572e-03 6.637883931398391724e-02 1.543501275591552258e-03
1.000000000000000000e+02 1.054976484738290310e-03 1.081555150449275970e-03 8.910628966987133026e-04 1.054976484738290310e-03 1.081555150449275970e-03 8.910628966987133026e-04 6.215802580118179321e-02 1.353449770249426365e-03
1.100000000000000000e+02 8.044049609452486038e-04 9.499299339950084686e-04 7.459193002432584763e-04 8.044049609452486038e-04 9.499299339950084686e-04 7.459193002432584763e-04 5.962525680661201477e-02 1.245398190803825855e-03
1.200000000000000000e+02 6.231979350559413433e-04 8.294206927530467510e-04 6.467853090725839138e-04 6.231979350559413433e-04 8.294206927530467510e-04 6.467853090725839138e-04 5.712403729557991028e-02 1.143103232607245445e-03
1.300000000000000000e+02 5.059053073637187481e-04 7.266551256179809570e-04 5.642004543915390968e-04 5.059053073637187481e-04 7.266551256179809570e-04 5.642004543915390968e-04 5.464264377951622009e-02 1.045950455591082573e-03
1.400000000000000000e+02 4.269616329111158848e-04 6.370365736074745655e-04 4.974225885234773159e-04 4.269616329111158848e-04 6.370365736074745655e-04 4.974225885234773159e-04 5.240621417760848999e-02 9.620847413316369057e-04
1.500000000000000000e+02 3.691426245495676994e-04 5.555156385526061058e-04 4.487937549129128456e-04 3.691426245495676994e-04 5.555156385526061058e-04 4.487937549129128456e-04 5.045359581708908081e-02 8.917271043173968792e-04
1.600000000000000000e+02 3.253575123380869627e-04 4.853033460676670074e-04 4.095201729796826839e-04 3.253575123380869627e-04 4.853033460676670074e-04 4.095201729796826839e-04 4.859000816941261292e-02 8.270689286291599274e-04
1.700000000000000000e+02 2.905147557612508535e-04 4.270487406756728888e-04 3.761993430089205503e-04 2.905147557612508535e-04 4.270487406756728888e-04 3.761993430089205503e-04 4.691556468605995178e-02 7.710483623668551445e-04
1.800000000000000000e+02 2.626280474942177534e-04 3.792433126363903284e-04 3.468047652859240770e-04 2.626280474942177534e-04 3.792433126363903284e-04 3.468047652859240770e-04 4.541831836104393005e-02 7.226198213174939156e-04
1.900000000000000000e+02 2.398511569481343031e-04 3.401942667551338673e-04 3.205508692190051079e-04 2.398511569481343031e-04 3.401942667551338673e-04 3.205508692190051079e-04 4.405065625905990601e-02 6.797550595365464687e-04
2.000000000000000000e+02 2.212434483226388693e-04 3.076814755331724882e-04 2.969081688206642866e-04 2.212434483226388693e-04 3.076814755331724882e-04 2.969081688206642866e-04 4.280523583292961121e-02 6.418618140742182732e-04
2.100000000000000000e+02 2.054827782558277249e-04 2.803097886499017477e-04 2.760570496320724487e-04 2.054827782558277249e-04 2.803097886499017477e-04 2.760570496320724487e-04 4.167972132563591003e-02 6.085514905862510204e-04
2.200000000000000000e+02 1.918437919812276959e-04 2.577525156084448099e-04 2.568166237324476242e-04 1.918437919812276959e-04 2.577525156084448099e-04 2.568166237324476242e-04 4.064812511205673218e-02 5.788002163171768188e-04
2.300000000000000000e+02 1.803814375307410955e-04 2.382076781941577792e-04 2.396162017248570919e-04 1.803814375307410955e-04 2.382076781941577792e-04 2.396162017248570919e-04 3.967486321926116943e-02 5.514149670489132404e-04
2.400000000000000000e+02 1.706890907371416688e-04 2.210724196629598737e-04 2.238463493995368481e-04 1.706890907371416688e-04 2.210724196629598737e-04 2.238463493995368481e-04 3.875760361552238464e-02 5.262128543108701706e-04
2.500000000000000000e+02 1.617760572116822004e-04 2.066097658826038241e-04 2.096293173963204026e-04 1.617760572116822004e-04 2.066097658826038241e-04 2.096293173963204026e-04 3.790475800633430481e-02 5.033094785176217556e-04
2.500000000000000000e+02 1.561487151775509119e-04 2.066097658826038241e-04 2.096293173963204026e-04 1.617760572116822004e-04 2.066097658826038241e-04 2.096293173963204026e-04 3.790475800633430481e-02 5.033094785176217556e-04
2.600000000000000000e+02 2.939609112218022346e-03 2.319535007700324059e-03 2.340776380151510239e-03 3.025905229151248932e-03 2.319535007700324059e-03 2.340776380151510239e-03 8.050170540809631348e-02 2.270167460665106773e-03
2.700000000000000000e+02 2.765413664747029543e-04 8.295487496070563793e-04 1.079861074686050415e-03 3.473978140391409397e-04 8.295487496070563793e-04 1.079861074686050415e-03 5.543642863631248474e-02 1.076559885405004025e-03
2.800000000000000000e+02 1.681309804553166032e-04 4.085374239366501570e-04 3.057764843106269836e-04 2.040400431724265218e-04 4.085374239366501570e-04 3.057764843106269836e-04 4.225544631481170654e-02 6.254793843254446983e-04
2.900000000000000000e+02 1.351918908767402172e-04 2.747207181528210640e-04 2.506756864022463560e-04 1.695918326731771231e-04 2.747207181528210640e-04 2.506756864022463560e-04 3.567003086209297180e-02 4.457123286556452513e-04
3.000000000000000000e+02 9.468754433328285813e-05 1.544123369967564940e-04 1.339591835858300328e-04 1.288532803300768137e-04 1.544123369967564940e-04 1.339591835858300328e-04 3.252831101417541504e-02 3.706557035911828279e-04
3.100000000000000000e+02 8.667108340887352824e-05 1.335799897788092494e-04 1.271127548534423113e-04 1.186055160360410810e-04 1.335799897788092494e-04 1.271127548534423113e-04 3.147991746664047241e-02 3.471481613814830780e-04
3.200000000000000000e+02 7.966399425640702248e-05 1.154515193775296211e-04 1.102812384488061070e-04 1.102457244996912777e-04 1.154515193775296211e-04 1.102812384488061070e-04 2.980713360011577606e-02 3.112347621936351061e-04
3.300000000000000000e+02 7.615189679199829698e-05 1.062213195837102830e-04 9.787546150619164109e-05 1.054349049809388816e-04 1.062213195837102830e-04 9.787546150619164109e-05 2.885227836668491364e-02 2.916137455031275749e-04
3.400000000000000000e+02 7.413163984892889857e-05 9.850131027633324265e-05 8.720944606466218829e-05 1.026388563332147896e-04 9.850131027633324265e-05 8.720944606466218829e-05 2.800091356039047241e-02 2.746579120866954327e-04
3.500000000000000000e+02 7.030745473457500339e-05 9.124824282480403781e-05 8.039599197218194604e-05 9.725889685796573758e-05 9.124824282480403781e-05 8.039599197218194604e-05 2.726110629737377167e-02 2.603362663649022579e-04
3.600000000000000000e+02 6.708119326503947377e-05 8.530538616469129920e-05 7.382615876849740744e-05 9.283009421778842807e-05 8.530538616469129920e-05 7.382615876849740744e-05 2.663538418710231781e-02 2.485224395059049129e-04
3.700000000000000000e+02 6.486551865236833692e-05 7.949014980113133788e-05 6.792985368520021439e-05 8.975240780273452401e-05 7.949014980113133788e-05 6.792985368520021439e-05 2.608989179134368896e-02 2.384472172707319260e-04
3.800000000000000000e+02 6.271909660426899791e-05 7.408535020658746362e-05 6.291586760198697448e-05 8.681776671437546611e-05 7.408535020658746362e-05 6.291586760198697448e-05 2.560269460082054138e-02 2.296249440405517817e-04
3.900000000000000000e+02 6.070823292247951031e-05 6.908410432515665889e-05 5.845124906045384705e-05 8.403255196753889322e-05 6.908410432515665889e-05 5.845124906045384705e-05 2.515861205756664276e-02 2.217282599303871393e-04
4.000000000000000000e+02 5.889164094696752727e-05 6.494417175417765975e-05 5.422731919679790735e-05 8.141587750287726521e-05 6.494417175417765975e-05 5.422731919679790735e-05 2.473761700093746185e-02 2.143697056453675032e-04
4.100000000000000000e+02 5.693399725714698434e-05 6.121891055954620242e-05 5.047843660577200353e-05 7.880960038164630532e-05 6.121891055954620242e-05 5.047843660577200353e-05 2.437208779156208038e-02 2.080813574139028788e-04
4.200000000000000000e+02 5.526442691916599870e-05 5.775273893959820271e-05 4.703564991359598935e-05 7.648119208170101047e-05 5.775273893959820271e-05 4.703564991359598935e-05 2.402450516819953918e-02 2.021885884460061789e-04
4.300000000000000000e+02 5.364847311284393072e-05 5.470940595841966569e-05 4.386539148981682956e-05 7.428136450471356511e-05 5.470940595841966569e-05 4.386539148981682956e-05 2.368145808577537537e-02 1.964556577149778605e-04
4.400000000000000000e+02 5.227241854299791157e-05 5.164062531548552215e-05 4.121765596210025251e-05 7.235367957036942244e-05 5.164062531548552215e-05 4.121765596210025251e-05 2.340077795088291168e-02 1.918263587867841125e-04
4.500000000000000000e+02 5.072474232292734087e-05 4.912660369882360101e-05 3.866835686494596303e-05 7.022692443570122123e-05 4.912660369882360101e-05 3.866835686494596303e-05 2.312378771603107452e-02 1.873120199888944626e-04
4.600000000000000000e+02 4.935726610710844398e-05 4.676006210502237082e-05 3.637078043539077044e-05 6.830893835285678506e-05 4.676006210502237082e-05 3.637078043539077044e-05 2.286940440535545349e-02 1.832134730648249388e-04
4.700000000000000000e+02 4.802651164936833084e-05 4.443245052243582904e-05 3.438248677412047982e-05 6.649112765444442630e-05 4.443245052243582904e-05 3.438248677412047982e-05 2.264081500470638275e-02 1.795691350707784295e-04
4.800000000000000000e+02 4.678615005104802549e-05 4.235684900777414441e-05 3.251338421250693500e-05 6.477161514339968562e-05 4.235684900777414441e-05 3.251338421250693500e-05 2.241823635995388031e-02 1.760558952810242772e-04
4.900000000000000000e+02 4.568934673443436623e-05 4.042824730277061462e-05 3.067665966227650642e-05 6.325102731352671981e-05 4.042824730277061462e-05 3.067665966227650642e-05 2.219006232917308807e-02 1.724902831483632326e-04
5.000000000000000000e+02 4.447155515663325787e-05 3.870187720167450607e-05 2.905750261561479419e-05 6.156496965559199452e-05 3.870187720167450607e-05 2.905750261561479419e-05 2.200245484709739685e-02 1.695859682513400912e-04
5.000000000000000000e+02 3.481005842331796885e-05 3.870187720167450607e-05 2.905750261561479419e-05 6.156496965559199452e-05 3.870187720167450607e-05 2.905750261561479419e-05 2.200245484709739685e-02 1.695859682513400912e-04
5.100000000000000000e+02 2.697292075026780367e-04 5.733809666708111763e-04 5.459573003463447094e-04 2.587522903922945261e-04 5.733809666708111763e-04 5.459573003463447094e-04 4.507660865783691406e-02 7.117872009985148907e-04
5.200000000000000000e+02 8.592516678618267179e-05 1.836545270634815097e-04 2.028682793024927378e-04 1.160696119768545032e-04 1.836545270634815097e-04 2.028682793024927378e-04 2.944547310471534729e-02 3.037279529962688684e-04
5.300000000000000000e+02 4.137351788813248277e-05 1.331752137048169971e-04 1.180480612674728036e-04 5.572442751144990325e-05 1.331752137048169971e-04 1.180480612674728036e-04 2.456684783101081848e-02 2.114202070515602827e-04
5.400000000000000000e+02 3.520081008900888264e-05 8.761467324802652001e-05 5.533419243874959648e-05 6.176127499202266335e-05 8.761467324802652001e-05 5.533419243874959648e-05 2.312795631587505341e-02 1.873795699793845415e-04
5.500000000000000000e+02 3.355050284881144762e-05 4.691378126153722405e-05 3.124479553662240505e-05 5.562680235016159713e-05 4.691378126153722405e-05 3.124479553662240505e-05 2.115548402070999146e-02 1.567810686537995934e-04
5.600000000000000000e+02 2.952059367089532316e-05 3.022357486770488322e-05 2.276672603329643607e-05 5.211750612943433225e-05 3.022357486770488322e-05 2.276672603329643607e-05 2.060886472463607788e-02 1.487838453613221645e-04
5.700000000000000000e+02 2.943029357993509620e-05 2.748779661487787962e-05 2.135943577741272748e-05 5.169127325643785298e-05 2.748779661487787962e-05 2.135943577741272748e-05 2.048396505415439606e-02 1.469859271310269833e-04
5.800000000000000000e+02 2.800127549562603235e-05 2.636451063153799623e-05 1.822025842557195574e-05 4.944832107867114246e-05 2.636451063153799623e-05 1.822025842557195574e-05 2.000583894550800323e-02 1.402042544214054942e-04
5.900000000000000000e+02 2.745899291767273098e-05 2.507000499463174492e-05 1.695856553851626813e-05 4.857491876464337111e-05 2.507000499463174492e-05 1.695856553851626813e-05 1.992690190672874451e-02 1.391000114381313324e-04
6.000000000000000000e+02 2.696659976209048182e-05 2.376793236180674285e-05 1.617095585970673710e-05 4.770024679601192474e-05 2.376793236180674285e-05 1.617095585970673710e-05 1.975071243941783905e-02 1.366511132800951600e-04
6.100000000000000000e+02 2.647517612786032259e-05 2.298258004884701222e-05 1.533841896161902696e-05 4.681817154050804675e-05 2.298258004884701222e-05 1.533841896161902696e-05 1.960893906652927399e-02 1.346963545074686408e-04
6.200000000000000000e+02 2.584388312243390828e-05 2.244161987619008869e-05 1.447692193323746324e-05 4.571098543237894773e-05 2.244161987619008869e-05 1.447692193323746324e-05 1.944100856781005859e-02 1.323991746176034212e-04
6.300000000000000000e+02 2.536475039960350841e-05 2.151905755454208702e-05 1.395379695168230683e-05 4.487565092858858407e-05 2.151905755454208702e-05 1.395379695168230683e-05 1.932799816131591797e-02 1.308643841184675694e-04
6.400000000000000000e+02 2.486695484549272805e-05 2.084049447148572654e-05 1.330414124822709709e-05 4.399010867928154767e-05 2.084049447148572654e-05 1.330414124822709709e-05 1.920782960951328278e-02 1.292421657126396894e-04
6.500000000000000000e+02 2.451285945426207036e-05 1.982712092285510153e-05 1.302317014051368460e-05 4.332382013672031462e-05 1.982712092285510153e-05 1.302317014051368460e-05 1.913824304938316345e-02 1.283074234379455447e-04
6.600000000000000000e+02 2.402176323812454939e-05 1.945641088241245598e-05 1.218629950017202646e-05 4.239495683577843010e-05 1.945641088241245598e-05 1.218629950017202646e-05 1.897086389362812042e-02 1.260729331988841295e-04
6.700000000000000000e+02 2.351211878703907132e-05 1.875827729236334562e-05 1.170998712041182443e-05 4.159588206675834954e-05 1.875827729236334562e-05 1.170998712041182443e-05 1.887191645801067352e-02 1.247612381121143699e-04
6.800000000000000000e+02 2.323534317838493735e-05 1.790574788174126297e-05 1.125494236475788057e-05 4.109943256480619311e-05 1.790574788174126297e-05 1.125494236475788057e-05 1.876077428460121155e-02 1.232960639754310250e-04
6.900000000000000000e+02 2.270966433570720255e-05 1.739801336952950805e-05 1.078489094652468339e-05 4.017824176116846502e-05 1.739801336952950805e-05 1.078489094652468339e-05 1.866339519619941711e-02 1.220194317284040153e-04
7.000000000000000000e+02 2.225697971880435944e-05 1.689468444965314120e-05 1.032645104714902118e-05 3.937600922654382885e-05 1.689468444965314120e-05 1.032645104714902118e-05 1.854100450873374939e-02 1.204243380925618112e-04
7.100000000000000000e+02 2.194551416323520243e-05 1.610296931175980717e-05 1.007176524581154808e-05 3.882367309415712953e-05 1.610296931175980717e-05 1.007176524581154808e-05 1.846950873732566833e-02 1.194973738165572286e-04
7.200000000000000000e+02 2.149145257135387510e-05 1.559040174470283091e-05 9.691652849141974002e-06 3.800082413363270462e-05 1.559040174470283091e-05 9.691652849141974002e-06 1.837831921875476837e-02 1.183203130494803190e-04
7.300000000000000000e+02 2.119959208357613534e-05 1.510947640781523660e-05 9.214749297825619578e-06 3.748970630113035440e-05 1.510947640781523660e-05 9.214749297825619578e-06 1.827241107821464539e-02 1.169605602626688778e-04
7.400000000000000000e+02 2.086551103275269270e-05 1.451683692721417174e-05 8.920347681851126254e-06 3.688965807668864727e-05 1.451683692721417174e-05 8.920347681851126254e-06 1.819498091936111450e-02 1.159713865490630269e-04
7.500000000000000000e+02 2.049078466370701790e-05 1.403002443112200126e-05 8.604728463978972286e-06 3.624593591666780412e-05 1.403002443112200126e-05 8.604728463978972286e-06 1.811165735125541687e-02 1.149116360465995967e-04
7.500000000000000000e+02 1.683333721302915365e-05 1.403002443112200126e-05 8.604728463978972286e-06 3.624593591666780412e-05 1.403002443112200126e-05 8.604728463978972286e-06 1.811165735125541687e-02 1.149116360465995967e-04
7.600000000000000000e+02 4.806579090654850006e-05 3.301182005088776350e-04 4.023007059004157782e-04 6.892306555528193712e-05 3.301182005088776350e-04 4.023007059004157782e-04 3.656272590160369873e-02 4.683007427956908941e-04
7.700000000000000000e+02 1.994910853682085872e-04 1.905851968331262469e-04 2.084661246044561267e-04 2.231886319350451231e-04 1.905851968331262469e-04 2.084661246044561267e-04 3.072923049330711365e-02 3.307890146970748901e-04
7.800000000000000000e+02 2.795076215988956392e-05 7.359341543633490801e-05 8.499295654473826289e-05 4.651499330066144466e-05 7.359341543633490801e-05 8.499295654473826289e-05 2.055859006941318512e-02 1.480588252888992429e-04
7.900000000000000000e+02 1.950255682459101081e-05 6.246766861295327544e-05 4.384379280963912606e-05 4.100649312022142112e-05 6.246766861295327544e-05 4.384379280963912606e-05 2.077711001038551331e-02 1.512230228399857879e-04
8.000000000000000000e+02 2.262425914523191750e-05 2.126838990079704672e-05 1.649765545153059065e-05 3.660148286144249141e-05 2.126838990079704672e-05 1.649765545153059065e-05 1.800168864428997040e-02 1.135204729507677257e-04
8.100000000000000000e+02 1.715098369459155947e-05 1.503938892710721120e-05 1.251351750397589058e-05 3.645457400125451386e-05 1.503938892710721120e-05 1.251351750397589058e-05 1.753454469144344330e-02 1.077052002074196935e-04
8.200000000000000000e+02 1.804865132726263255e-05 1.244232680619461462e-05 9.786375812836922705e-06 3.755207580979913473e-05 1.244232680619461462e-05 9.786375812836922705e-06 1.746404543519020081e-02 1.068408819264732301e-04
8.300000000000000000e+02 1.712895573291461915e-05 1.237612195836845785e-05 7.078032467688899487e-06 3.631116851465776563e-05 1.237612195836845785e-05 7.078032467688899487e-06 1.693049632012844086e-02 1.004123259917832911e-04
8.400000000000000000e+02 1.631773920962586999e-05 1.165127105196006596e-05 6.845720690762391314e-06 3.496160934446379542e-05 1.165127105196006596e-05 6.845720690762391314e-06 1.679814793169498444e-02 9.884857718134298921e-05
8.500000000000000000e+02 1.587711631145793945e-05 1.097406766348285601e-05 7.021236342552583665e-06 3.395884414203464985e-05 1.097406766348285601e-05 7.021236342552583665e-06 1.688163913786411285e-02 9.983363270293921232e-05
8.600000000000000000e+02 1.568532024975866079e-05 1.045420776790706441e-05 6.971787115617189556e-06 3.357345485710538924e-05 1.045420776790706441e-05 6.971787115617189556e-06 1.688413135707378387e-02 9.986310760723426938e-05
8.700000000000000000e+02 1.542164864076767117e-05 1.023996719595743343e-05 6.587865755136590451e-06 3.312754415674135089e-05 1.023996719595743343e-05 6.587865755136590451e-06 1.679180748760700226e-02 9.877397678792476654e-05
8.800000000000000000e+02 1.521643753221724182e-05 9.878664059215225279e-06 6.437382126023294404e-06 3.275516792200505733e-05 9.878664059215225279e-06 6.437382126023294404e-06 1.674554869532585144e-02 9.823055006563663483e-05
8.900000000000000000e+02 1.502032409916864708e-05 9.637591574573889375e-06 6.280844445427646860e-06 3.234870018786750734e-05 9.637591574573889375e-06 6.280844445427646860e-06 1.672082394361495972e-02 9.794066136237233877e-05
9.000000000000000000e+02 1.481576418882468715e-05 9.440491339773871005e-06 6.102558927523205057e-06 3.190696588717401028e-05 9.440491339773871005e-06 6.102558927523205057e-06 1.668562740087509155e-02 9.752876212587580085e-05
9.100000000000000000e+02 1.463910302845761180e-05 9.197479812428355217e-06 5.967375273030484095e-06 3.152964927721768618e-05 9.197479812428355217e-06 5.967375273030484095e-06 1.663648150861263275e-02 9.695508924778550863e-05
9.200000000000000000e+02 1.442889151803683490e-05 9.235943252861034125e-06 5.702912403648952022e-06 3.102264236076734960e-05 9.235943252861034125e-06 5.702912403648952022e-06 1.655372045934200287e-02 9.599286568118259311e-05
9.300000000000000000e+02 1.429378426109906286e-05 8.872679245541803539e-06 5.653956122841918841e-06 3.074118285439908504e-05 8.872679245541803539e-06 5.653956122841918841e-06 1.655225455760955811e-02 9.597586904419586062e-05
9.400000000000000000e+02 1.411175890098093078e-05 8.992140465124975890e-06 5.431217687146272510e-06 3.027883212780579925e-05 8.992140465124975890e-06 5.431217687146272510e-06 1.645549014210700989e-02 9.485699411015957594e-05
9.500000000000000000e+02 1.399402117385761812e-05 8.523263204551767558e-06 5.430886176327476278e-06 3.000742253789212555e-05 8.523263204551767558e-06 5.430886176327476278e-06 1.648389361798763275e-02 9.518474689684808254e-05
9.600000000000000000e+02 1.385426821798318997e-05 8.187582352547906339e-06 5.427906216937117279e-06 2.983822014357428998e-05 8.187582352547906339e-06 5.427906216937117279e-06 1.651387475430965424e-02 9.553129348205402493e-05
9.700000000000000000e+02 1.373495797452051193e-05 7.955245564517099410e-06 5.363054242479847744e-06 2.958175355161074549e-05 7.955245564517099410e-06 5.363054242479847744e-06 1.648325286805629730e-02 9.517733997199684381e-05
9.800000000000000000e+02 1.364900981570826843e-05 7.755602382530923933e-06 5.269850589684210718e-06 2.939281512226443738e-05 7.755602382530923933e-06 5.269850589684210718e-06 1.645550318062305450e-02 9.485713962931185961e-05
9.900000000000000000e+02 1.349256581306690350e-05 7.638152055733371526e-06 5.077990863355807960e-06 2.905928522523026913e-05 7.638152055733371526e-06 5.077990863355807960e-06 1.640056073665618896e-02 9.422474977327510715e-05
1.000000000000000000e+03 1.329741007793927565e-05 7.707074473728425801e-06 4.805695425602607429e-06 2.863822010112926364e-05 7.707074473728425801e-06 4.805695425602607429e-06 1.630418188869953156e-02 9.312059410149231553e-05
1.000000000000000000e+03 1.329741007793927565e-05 7.707074473728425801e-06 4.805695425602607429e-06 2.863822010112926364e-05 7.707074473728425801e-06 4.805695425602607429e-06 1.630418188869953156e-02 9.312059410149231553e-05
1.000000000000000000e+03 1.329741007793927565e-05 7.707074473728425801e-06 4.805695425602607429e-06 2.863822010112926364e-05 7.707074473728425801e-06 4.805695425602607429e-06 1.630418188869953156e-02 9.312059410149231553e-05
1.000000000000000000e+03 1.329741007793927565e-05 7.707074473728425801e-06 4.805695425602607429e-06 2.863822010112926364e-05 7.707074473728425801e-06 4.805695425602607429e-06 1.630418188869953156e-02 9.312059410149231553e-05
1.000000000000000000e+03 1.329741007793927565e-05 7.707074473728425801e-06 4.805695425602607429e-06 2.863822010112926364e-05 7.707074473728425801e-06 4.805695425602607429e-06 1.630418188869953156e-02 9.312059410149231553e-05
1.000000000000000000e+03 1.329741007793927565e-05 7.707074473728425801e-06 4.805695425602607429e-06 2.863822010112926364e-05 7.707074473728425801e-06 4.805695425602607429e-06 1.630418188869953156e-02 9.312059410149231553e-05
1.010000000000000000e+03 6.651614239672198892e-05 2.049606293439865112e-03 2.210559090599417686e-03 7.744666072539985180e-05 2.049606293439865112e-03 2.210559090599417686e-03 7.795104384422302246e-02 2.128587570041418076e-03
1.020000000000000000e+03 4.962838647770695388e-05 3.358579997438937426e-04 3.039863950107246637e-04 8.200825686799362302e-05 3.358579997438937426e-04 3.039863950107246637e-04 3.837951645255088806e-02 5.159963620826601982e-04
1.030000000000000000e+03 2.340903301956132054e-05 1.504458923591300845e-04 1.143875051639042795e-04 4.776062996825203300e-05 1.504458923591300845e-04 1.143875051639042795e-04 2.291703969240188599e-02 1.839775359258055687e-04
1.040000000000000000e+03 1.867263927124440670e-05 1.020794661599211395e-04 7.499977073166519403e-05 3.971068872488103807e-05 1.020794661599211395e-04 7.499977073166519403e-05 2.062396705150604248e-02 1.490019931225106120e-04
1.050000000000000000e+03 1.516656175226671621e-05 3.202829975634813309e-05 2.808287354127969593e-05 3.008539351867511868e-05 3.202829975634813309e-05 2.808287354127969593e-05 1.824830844998359680e-02 1.166522051789797843e-04
1.050000000000000000e+03 1.726948721625376493e-05 3.202829975634813309e-05 2.808287354127969593e-05 3.008539351867511868e-05 3.202829975634813309e-05 2.808287354127969593e-05 1.824830844998359680e-02 1.166522051789797843e-04
1.060000000000000000e+03 4.188023376627825201e-05 8.737663156352937222e-04 9.227061527781188488e-04 6.408396438928321004e-05 8.737663156352937222e-04 9.227061527781188488e-04 5.552228540182113647e-02 1.079897047020494938e-03
1.070000000000000000e+03 2.144396603398490697e-05 4.030875570606440306e-04 3.517099830787628889e-04 4.977069329470396042e-05 4.030875570606440306e-04 3.517099830787628889e-04 3.793312236666679382e-02 5.040630931034684181e-04
1.080000000000000000e+03 2.228945231763646007e-05 1.546693092677742243e-04 1.486259279772639275e-04 5.607232014881446958e-05 1.546693092677742243e-04 1.486259279772639275e-04 2.614224702119827271e-02 2.394051261944696307e-04
1.090000000000000000e+03 1.952460843313019723e-05 4.548562719719484448e-05 5.050970867159776390e-05 4.740881558973342180e-05 4.548562719719484448e-05 5.050970867159776390e-05 2.066361904144287109e-02 1.495754841016605496e-04
1.100000000000000000e+03 1.836359115259256214e-05 2.620450140966568142e-05 2.269065953441895545e-05 3.689746881718747318e-05 2.620450140966568142e-05 2.269065953441895545e-05 1.832401938736438751e-02 1.176221485366113484e-04
1.100000000000000000e+03 1.773935764504130930e-05 2.620450140966568142e-05 2.269065953441895545e-05 3.689746881718747318e-05 2.620450140966568142e-05 2.269065953441895545e-05 1.832401938736438751e-02 1.176221485366113484e-04
1.110000000000000000e+03 7.857594027882441878e-05 1.244898536242544651e-03 1.180252525955438614e-03 1.995121565414592624e-04 1.244898536242544651e-03 1.180252525955438614e-03 5.335978791117668152e-02 9.974150452762842178e-04
1.120000000000000000e+03 4.176506263320334256e-05 1.655482628848403692e-04 1.203157080453820527e-04 6.610256241401657462e-05 1.655482628848403692e-04 1.203157080453820527e-04 2.499876171350479126e-02 2.189195947721600533e-04
1.130000000000000000e+03 3.540230682119727135e-05 1.217807439388707280e-04 1.627789897611364722e-04 7.745336188236251473e-05 1.217807439388707280e-04 1.627789897611364722e-04 2.654018811881542206e-02 2.467491722200065851e-04
1.140000000000000000e+03 1.430185784556670114e-05 5.408149081631563604e-05 5.399503788794390857e-05 4.022295979666523635e-05 5.408149081631563604e-05 5.399503788794390857e-05 2.077847160398960114e-02 1.512428571004420519e-04
1.150000000000000000e+03 1.187592079077148810e-05 1.957452150236349553e-05 1.520090700068976730e-05 3.431071309023536742e-05 1.957452150236349553e-05 1.520090700068976730e-05 1.784418337047100067e-02 1.115426857722923160e-04
1.150000000000000000e+03 1.051057006407063454e-05 1.957452150236349553e-05 1.520090700068976730e-05 3.431071309023536742e-05 1.957452150236349553e-05 1.520090700068976730e-05 1.784418337047100067e-02 1.115426857722923160e-04
1.160000000000000000e+03 1.297396520385518670e-04 4.074335156474262476e-04 3.880945441778749228e-04 1.364124909741804004e-04 4.074335156474262476e-04 3.880945441778749228e-04 4.246758297085762024e-02 6.317753577604889870e-04
1.170000000000000000e+03 1.524106755823595449e-05 1.450680429115891457e-04 1.168872549897059798e-04 3.970642865169793367e-05 1.450680429115891457e-04 1.168872549897059798e-04 2.461339533329010010e-02 2.122221339959651232e-04
1.180000000000000000e+03 1.203417559736408293e-05 3.473769174888730049e-05 2.983043850690592080e-05 3.781763007282279432e-05 3.473769174888730049e-05 2.983043850690592080e-05 1.717688329517841339e-02 1.033561784424819052e-04
1.190000000000000000e+03 1.202878411277197301e-05 4.350611197878606617e-05 2.601815867819823325e-05 3.357541936566121876e-05 4.350611197878606617e-05 2.601815867819823325e-05 1.670352928340435028e-02 9.773815691005438566e-05
1.200000000000000000e+03 1.045163844537455589e-05 1.690091812633909285e-05 1.432002773071872070e-05 3.321454641991294920e-05 1.690091812633909285e-05 1.432002773071872070e-05 1.651456952095031738e-02 9.553931158734485507e-05
1.200000000000000000e+03 1.045163844537455589e-05 1.690091812633909285e-05 1.432002773071872070e-05 3.321454641991294920e-05 1.690091812633909285e-05 1.432002773071872070e-05 1.651456952095031738e-02 9.553931158734485507e-05
1.210000000000000000e+03 3.130469849565997720e-05 3.698144573718309402e-04 3.805722808465361595e-04 5.512204370461404324e-05 3.698144573718309402e-04 3.805722808465361595e-04 3.322655335068702698e-02 3.867392952088266611e-04
1.220000000000000000e+03 1.691440411377698183e-05 1.653356739552691579e-04 1.424674410372972488e-04 3.819949779426679015e-05 1.653356739552691579e-04 1.424674410372972488e-04 2.538668364286422729e-02 2.257665764773264527e-04
1.230000000000000000e+03 1.553113543195649981e-05 6.604955706279724836e-05 5.114574014442041516e-05 4.810599057236686349e-05 6.604955706279724836e-05 5.114574014442041516e-05 1.802284084260463715e-02 1.137874278356321156e-04
1.240000000000000000e+03 1.347082343272631988e-05 2.734919871727470309e-05 3.052228566957637668e-05 3.510755414026789367e-05 2.734919871727470309e-05 3.052228566957637668e-05 1.714939437806606293e-02 1.030256316880695522e-04
1.250000000000000000e+03 9.850319656834471971e-06 1.727355447656009346e-05 1.168865492218174040e-05 3.162814391544088721e-05 1.727355447656009346e-05 1.168865492218174040e-05 1.510859373956918716e-02 7.996422209544107318e-05
1.250000000000000000e+03 9.519496416032779962e-06 1.727355447656009346e-05 1.168865492218174040e-05 3.162814391544088721e-05 1.727355447656009346e-05 1.168865492218174040e-05 1.510859373956918716e-02 7.996422209544107318e-05
1.260000000000000000e+03 1.034045490087009966e-04 1.306875637965276837e-04 1.827641099225729704e-04 1.019456612993963063e-04 1.306875637965276837e-04 1.827641099225729704e-04 2.436465397477149963e-02 2.079544210573658347e-04
1.270000000000000000e+03 5.167055860511027277e-05 9.519710874883458018e-05 1.063070521922782063e-04 8.500954572809860110e-05 9.519710874883458018e-05 1.063070521922782063e-04 2.216936275362968445e-02 1.721686567179858685e-04
1.280000000000000000e+03 3.918585935025475919e-05 4.622858614311553538e-05 4.892764991382136941e-05 8.392524614464491606e-05 4.622858614311553538e-05 4.892764991382136941e-05 1.763943210244178772e-02 1.089975921786390245e-04
1.290000000000000000e+03 1.921192597365006804e-05 2.799285357468761504e-05 2.121816578437574208e-05 4.863183130510151386e-05 2.799285357468761504e-05 2.121816578437574208e-05 1.596786454319953918e-02 8.931849151849746704e-05
1.300000000000000000e+03 1.154075835074763745e-05 1.797486947907600552e-05 1.210896243719616905e-05 3.596988244680687785e-05 1.797486947907600552e-05 1.210896243719616905e-05 1.476392988115549088e-02 7.635749352630227804e-05
1.300000000000000000e+03 1.045681528921704739e-05 1.797486947907600552e-05 1.210896243719616905e-05 3.596988244680687785e-05 1.797486947907600552e-05 1.210896243719616905e-05 1.476392988115549088e-02 7.635749352630227804e-05
1.310000000000000000e+03 2.914127253461629152e-04 2.487618185114115477e-04 2.850831660907715559e-04 2.406862331554293633e-04 2.487618185114115477e-04 2.850831660907715559e-04 3.434691205620765686e-02 4.132597241550683975e-04
1.320000000000000000e+03 2.551917714299634099e-05 7.058228220557793975e-05 7.470119453500956297e-05 3.706792995217256248e-05 7.058228220557793975e-05 7.470119453500956297e-05 1.994090899825096130e-02 1.392956619383767247e-04
1.330000000000000000e+03 1.035000877891434357e-05 4.973365139449015260e-05 4.656270539271645248e-05 4.139532757108099759e-05 4.973365139449015260e-05 4.656270539271645248e-05 1.768533885478973389e-02 1.095656625693663955e-04
1.340000000000000000e+03 9.498601684754248708e-06 2.065484841295983642e-05 2.380238584009930491e-05 2.990852772200014442e-05 2.065484841295983642e-05 2.380238584009930491e-05 1.518326904624700546e-02 8.075663936324417591e-05
1.350000000000000000e+03 7.056806225591572002e-06 1.249859906238270923e-05 9.298581971961539239e-06 2.788172969303559512e-05 1.249859906238270923e-05 9.298581971961539239e-06 1.407624036073684692e-02 6.940984894754365087e-05
1.350000000000000000e+03 6.459489668486639857e-06 1.249859906238270923e-05 9.298581971961539239e-06 2.788172969303559512e-05 1.249859906238270923e-05 9.298581971961539239e-06 1.407624036073684692e-02 6.940984894754365087e-05
1.360000000000000000e+03 2.539981323934625834e-05 1.745859481161460280e-04 2.049626637017354369e-04 4.282476220396347344e-05 1.745859481161460280e-04 2.049626637017354369e-04 2.809276804327964783e-02 2.764628734439611435e-04
1.370000000000000000e+03 9.497341125097591430e-06 8.672313560964539647e-05 1.039313137880526483e-04 2.975766983581706882e-05 8.672313560964539647e-05 1.039313137880526483e-04 2.158153057098388672e-02 1.631594641366973519e-04
1.380000000000000000e+03 1.208555931953014806e-05 4.865164737566374242e-05 5.120289642945863307e-05 3.224088504794053733e-05 4.865164737566374242e-05 5.120289642945863307e-05 1.754340715706348419e-02 1.078140921890735626e-04
1.390000000000000000e+03 8.071073352766688913e-06 2.589776522654574364e-05 2.533957194827962667e-05 2.985207538586109877e-05 2.589776522654574364e-05 2.533957194827962667e-05 1.612794212996959686e-02 9.111830877372995019e-05
1.400000000000000000e+03 6.250910246308194473e-06 1.326777601207140833e-05 1.169594725070055574e-05 2.706980558286886662e-05 1.326777601207140833e-05 1.169594725070055574e-05 1.476842910051345825e-02 7.640403782716020942e-05
1.400000000000000000e+03 6.250910246308194473e-06 1.326777601207140833e-05 1.169594725070055574e-05 2.706980558286886662e-05 1.326777601207140833e-05 1.169594725070055574e-05 1.476842910051345825e-02 7.640403782716020942e-05
1.410000000000000000e+03 5.047058220952749252e-05 7.558716461062431335e-04 9.230833966284990311e-04 7.947465928737074137e-05 7.558716461062431335e-04 9.230833966284990311e-04 4.341385513544082642e-02 6.602437933906912804e-04
1.420000000000000000e+03 7.530538368882844225e-06 1.025008168653585017e-04 1.198295503854751587e-04 2.547449184930883348e-05 1.025008168653585017e-04 1.198295503854751587e-04 2.209356985986232758e-02 1.709934440441429615e-04
1.430000000000000000e+03 1.125338258134434000e-05 9.088138176593929529e-05 7.582888792967423797e-05 3.814377487287856638e-05 9.088138176593929529e-05 7.582888792967423797e-05 2.046267502009868622e-02 1.466805260861292481e-04
1.440000000000000000e+03 1.171384155895793810e-05 3.782489875447936356e-05 3.481745807221159339e-05 3.344400465721264482e-05 3.782489875447936356e-05 3.481745807221159339e-05 1.698098331689834595e-02 1.010120977298356593e-04
1.450000000000000000e+03 6.738926913385512307e-06 2.355856486246921122e-05 2.575923099357169122e-05 2.941228376585058868e-05 2.355856486246921122e-05 2.575923099357169122e-05 1.532529573887586594e-02 8.227453508879989386e-05
1.450000000000000000e+03 1.373897976009175181e-05 2.368894638493657112e-05 2.586568371043540537e-05 2.941228376585058868e-05 2.355856486246921122e-05 2.575923099357169122e-05 1.532529573887586594e-02 8.227453508879989386e-05
1.460000000000000000e+03 1.243415899807587266e-04 7.097468915162608027e-05 5.374995453166775405e-05 1.535946357762441039e-04 7.088707934599369764e-05 5.345099270925857127e-05 1.920032873749732971e-02 1.291412627324461937e-04
1.470000000000000000e+03 1.452616015740204602e-05 7.100895163603127003e-05 1.020109484670683742e-04 3.504678534227423370e-05 7.140871457522735000e-05 1.025794917950406671e-04 2.096060663461685181e-02 1.539059157948940992e-04
1.480000000000000000e+03 1.344356587651418522e-05 4.629297109204344451e-05 5.368955316953361034e-05 3.690805169753730297e-05 4.666279710363596678e-05 5.379696449381299317e-05 1.752888597548007965e-02 1.076356711564585567e-04
1.490000000000000000e+03 1.508307195763336495e-05 3.125746661680750549e-05 3.199217462679371238e-05 4.435998198459856212e-05 3.169304909533821046e-05 3.227215711376629770e-05 1.683101989328861237e-02 9.923584002535790205e-05
1.500000000000000000e+03 1.577793591422960162e-05 1.708999661786947399e-05 1.593170236446894705e-05 3.842397200060077012e-05 1.722957676975056529e-05 1.600677933311089873e-05 1.429314538836479187e-02 7.156543870223686099e-05
1.500000000000000000e+03 1.748110662447288632e-05 1.708999661786947399e-05 1.593170236446894705e-05 3.842397200060077012e-05 1.722957676975056529e-05 1.600677933311089873e-05 1.429314538836479187e-02 7.156543870223686099e-05
1.510000000000000000e+03 1.769084046827629209e-04 7.011859561316668987e-04 5.709158722311258316e-04 1.924494135892018676e-04 7.006446248851716518e-04 5.705978837795555592e-04 4.036367684602737427e-02 5.707278614863753319e-04
1.520000000000000000e+03 2.274310099892318249e-04 1.196769517264328897e-04 1.156294456450268626e-04 1.929076388478279114e-04 1.197748861159197986e-04 1.158083687187172472e-04 2.095893584191799164e-02 1.538814103696495295e-04
1.530000000000000000e+03 1.738673745421692729e-05 4.329275907366536558e-05 2.901500920415855944e-05 5.338163828128017485e-05 4.314784746384248137e-05 2.900931576732546091e-05 1.476235687732696533e-02 7.634120993316173553e-05
1.540000000000000000e+03 1.576679278514347970e-05 3.347283563925884664e-05 2.428183688607532531e-05 5.736282400903292000e-05 3.319562165415845811e-05 2.409834814898204058e-05 1.457990240305662155e-02 7.446581003023311496e-05
1.550000000000000000e+03 1.301281099586049095e-05 1.278777835977962241e-05 1.251273624802706763e-05 4.346319838077761233e-05 1.283621713810134679e-05 1.261534907825989649e-05 1.295096613466739655e-02 5.875596980331465602e-05
1.550000000000000000e+03 1.212162715091835707e-05 1.278777835977962241e-05 1.251273624802706763e-05 4.346319838077761233e-05 1.283621713810134679e-05 1.261534907825989649e-05 1.295096613466739655e-02 5.875596980331465602e-05
1.560000000000000000e+03 1.478864724049344659e-04 9.707523713586851954e-05 8.795926260063424706e-05 1.575549977133050561e-04 9.684100223239511251e-05 8.774068555794656277e-05 2.089485153555870056e-02 1.529418368590995669e-04
1.570000000000000000e+03 1.535569936095271260e-05 1.160680913017131388e-04 9.842005238169804215e-05 4.305725087760947645e-05 1.160933170467615128e-04 9.853039955487474799e-05 2.055588178336620331e-02 1.480198116041719913e-04
1.580000000000000000e+03 3.227037086617201567e-05 4.594662095769308507e-05 4.250032725394703448e-05 6.269211007747799158e-05 4.637242454919032753e-05 4.281494693714194000e-05 1.648879610002040863e-02 9.524135384708642960e-05
1.590000000000000000e+03 8.553833140467759222e-06 2.177529677283018827e-05 1.626782614039257169e-05 3.207565532648004591e-05 2.182002026529517025e-05 1.633865758776664734e-05 1.414499990642070770e-02 7.008959801169112325e-05
1.600000000000000000e+03 7.030665983620565385e-06 1.562804754939861596e-05 8.791709660727065057e-06 2.847476571332663298e-05 1.546412386232987046e-05 8.734502443985547870e-06 1.243739202618598938e-02 5.418840009951964021e-05
1.600000000000000000e+03 7.030665983620565385e-06 1.562804754939861596e-05 8.791709660727065057e-06 2.847476571332663298e-05 1.546412386232987046e-05 8.734502443985547870e-06 1.243739202618598938e-02 5.418840009951964021e-05
1.610000000000000000e+03 2.092009526677429676e-05 4.517011984717100859e-04 3.713172045536339283e-04 4.111609814572148025e-05 4.534450999926775694e-04 3.724347916431725025e-04 3.805224597454071045e-02 5.072338972240686417e-04
1.620000000000000000e+03 9.096241228689905256e-06 1.406789961038157344e-04 1.743443426676094532e-04 3.117668529739603400e-05 1.413741701981052756e-04 1.751010859152302146e-04 2.387437410652637482e-02 1.996695064008235931e-04
1.630000000000000000e+03 1.338635411229915917e-05 5.827702261740341783e-05 4.331620948505587876e-05 3.579088297556154430e-05 5.878427691641263664e-05 4.376722790766507387e-05 1.722232438623905182e-02 1.039037742884829640e-04
1.640000000000000000e+03 9.405111086380202323e-06 3.118511085631325841e-05 2.636823774082586169e-05 3.074401683988980949e-05 3.149947224301286042e-05 2.655278512975201011e-05 1.541344169527292252e-02 8.322369831148535013e-05
1.650000000000000000e+03 5.823186256748158485e-06 2.052364470728207380e-05 1.858478026406373829e-05 2.493522151780780405e-05 2.082293576677329838e-05 1.880965828604530543e-05 1.396359782665967941e-02 6.830340862507000566e-05
1.650000000000000000e+03 5.451777724374551326e-06 2.052364470728207380e-05 1.858478026406373829e-05 2.493522151780780405e-05 2.082293576677329838e-05 1.880965828604530543e-05 1.396359782665967941e-02 6.830340862507000566e-05
1.660000000000000000e+03 3.726258728420361876e-05 7.955422042869031429e-04 7.064923411235213280e-04 1.007089013000950217e-04 7.928276318125426769e-04 7.044656085781753063e-04 4.092716053128242493e-02 5.867742002010345459e-04
1.670000000000000000e+03 9.292619324696715921e-06 1.362853508908301592e-04 7.852195994928479195e-05 3.059968730667605996e-05 1.354364940198138356e-04 7.796096906531602144e-05 1.907534711062908173e-02 1.274654787266626954e-04
1.680000000000000000e+03 8.604088179708924145e-06 4.807170626008883119e-05 4.365596396382898092e-05 2.913508251367602497e-05 4.845876537729054689e-05 4.393390554469078779e-05 1.769355870783329010e-02 1.096675332519225776e-04
1.690000000000000000e+03 8.017361324164085090e-06 6.179242336656898260e-05 4.584090129355899990e-05 3.098876186413690448e-05 6.222468073247000575e-05 4.605226058629341424e-05 1.827559992671012878e-02 1.170013856608420610e-04
1.700000000000000000e+03 5.192115622776327655e-06 2.701658013393171132e-05 2.467478952894452959e-05 2.555109495006036013e-05 2.737631439231336117e-05 2.493693864380475134e-05 1.574528589844703674e-02 8.684578642714768648e-05
1.700000000000000000e+03 4.954466021445114166e-06 2.701658013393171132e-05 2.467478952894452959e-05 2.555109495006036013e-05 2.737631439231336117e-05 2.493693864380475134e-05 1.574528589844703674e-02 8.684578642714768648e-05
1.710000000000000000e+03 1.555802737129852176e-05 5.407487042248249054e-04 4.766591009683907032e-04 6.012417361489497125e-05 5.383362877182662487e-04 4.750715452246367931e-04 3.460248559713363647e-02 4.194327339064329863e-04
1.720000000000000000e+03 4.335749508754815906e-06 1.029459454002790153e-04 7.657126843696460128e-05 2.464497811160981655e-05 1.022305004880763590e-04 7.621610711794346571e-05 1.797550171613693237e-02 1.131904355133883655e-04
1.730000000000000000e+03 5.408186552813276649e-06 4.104032632312737405e-05 3.973049388150684536e-05 2.639348713273648173e-05 4.092976087122224271e-05 3.965991709264926612e-05 1.502453070133924484e-02 7.907688268460333347e-05
1.740000000000000000e+03 5.045713351137237623e-06 1.496446839155396447e-05 1.414419330103555694e-05 2.555111859692260623e-05 1.480157970945583656e-05 1.409022479492705315e-05 1.314008701592683792e-02 6.048451905371621251e-05
1.750000000000000000e+03 4.332819571573054418e-06 1.262928981304867193e-05 9.382146345160435885e-06 2.433959889458492398e-05 1.248429907718673348e-05 9.263230822398327291e-06 1.247527915984392166e-02 5.451904144138097763e-05
1.750000000000000000e+03 4.243914645485347137e-06 1.262928981304867193e-05 9.382146345160435885e-06 2.433959889458492398e-05 1.248429907718673348e-05 9.263230822398327291e-06 1.247527915984392166e-02 5.451904144138097763e-05
1.760000000000000000e+03 7.552826718892902136e-05 2.153183158952742815e-04 1.868061808636412024e-04 6.519597809528931975e-05 2.166007616324350238e-04 1.878677285276353359e-04 2.820261754095554352e-02 2.786291006486862898e-04
1.770000000000000000e+03 7.678247129661031067e-06 8.435179915977641940e-05 9.995030268328264356e-05 3.115228901151567698e-05 8.489298488711938262e-05 1.003618745016865432e-04 2.072761766612529755e-02 1.505034742876887321e-04
1.780000000000000000e+03 7.624491445312742144e-06 4.114942203159444034e-05 4.131135210627689958e-05 2.770421633613295853e-05 4.146732317167334259e-05 4.173608249402604997e-05 1.665111258625984192e-02 9.712569590192288160e-05
1.790000000000000000e+03 6.133462193247396499e-06 2.250992838526144624e-05 2.210316961281932890e-05 3.133563950541429222e-05 2.269930519105400890e-05 2.228701669082511216e-05 1.432722620666027069e-02 7.190711767179891467e-05
1.800000000000000000e+03 7.097166871972149238e-06 9.381500603922177106e-06 9.183814654534216970e-06 2.730796768446452916e-05 9.451936421100981534e-06 9.297843462263699621e-06 1.259995438158512115e-02 5.561418947763741016e-05
1.800000000000000000e+03 7.097166871972149238e-06 9.381500603922177106e-06 9.183814654534216970e-06 2.730796768446452916e-05 9.451936421100981534e-06 9.297843462263699621e-06 1.259995438158512115e-02 5.561418947763741016e-05
1.810000000000000000e+03 2.754509478108957410e-05 3.282026154920458794e-04 4.229604965075850487e-04 6.248983117984607816e-05 3.267836291342973709e-04 4.217835085000842810e-04 3.008329682052135468e-02 3.170286945533007383e-04
1.820000000000000000e+03 2.092294744215905666e-05 9.349078027298673987e-05 7.766262569930404425e-05 3.594176814658567309e-05 9.292127651860937476e-05 7.742505840724334121e-05 1.872244291007518768e-02 1.227927277795970440e-04
1.830000000000000000e+03 1.568084189784713089e-05 3.462114182184450328e-05 4.042614818899892271e-05 3.551118061295710504e-05 3.443413515924476087e-05 4.043259104946628213e-05 1.442243624478578568e-02 7.286600884981453419e-05
1.840000000000000000e+03 6.857017979200463742e-06 1.922506453411187977e-05 1.492437695560511202e-05 2.854939339158590883e-05 1.914418680826202035e-05 1.485359189246082678e-05 1.291550882160663605e-02 5.843469261890277267e-05
1.850000000000000000e+03 4.481312771531520411e-06 1.032505952025530860e-05 9.890393812383990735e-06 2.495959415682591498e-05 1.034748402162222192e-05 9.863975719781592488e-06 1.268131937831640244e-02 5.633477485389448702e-05
1.850000000000000000e+03 4.515875843935646117e-06 1.032505952025530860e-05 9.890393812383990735e-06 2.495959415682591498e-05 1.034748402162222192e-05 9.863975719781592488e-06 1.268131937831640244e-02 5.633477485389448702e-05
1.860000000000000000e+03 1.718363455438520759e-05 4.079769423697143793e-04 3.523048362694680691e-04 3.481231760815717280e-05 4.065749235451221466e-04 3.511363465804606676e-04 3.244486823678016663e-02 3.687565331347286701e-04
1.870000000000000000e+03 1.497987686889246106e-04 7.583796832477673888e-05 8.370442810701206326e-05 1.279256830457597971e-04 7.531025767093524337e-05 8.324543887283653021e-05 1.701915822923183441e-02 1.014667868730612099e-04
1.880000000000000000e+03 1.267739571630954742e-05 5.479644823935814202e-05 4.899678970105014741e-05 2.899692844948731363e-05 5.483407221618108451e-05 4.918705963063985109e-05 1.450941152870655060e-02 7.374749839073047042e-05
1.890000000000000000e+03 8.334031917911488563e-06 2.857283107005059719e-05 1.640361733734607697e-05 3.304241545265540481e-05 2.820052577590104192e-05 1.613379390619229525e-05 1.188763882964849472e-02 4.950383299728855491e-05
1.900000000000000000e+03 7.918800292827654630e-06 1.170663290395168588e-05 9.714942279970273376e-06 3.100617686868645251e-05 1.159124167315894738e-05 9.650664651417173445e-06 1.160951983183622360e-02 4.721458390122279525e-05
1.900000000000000000e+03 7.640683179488405585e-06 1.159124167315894738e-05 9.650664651417173445e-06 3.100617686868645251e-05 1.159124167315894738e-05 9.650664651417173445e-06 1.160951983183622360e-02 4.721458390122279525e-05
1.910000000000000000e+03 7.223417014756705612e-06 2.292376302648335695e-04 1.953459432115778327e-04 3.385182208148762584e-05 2.292376302648335695e-04 1.953459141077473760e-04 2.893354743719100952e-02 2.932587522082030773e-04
1.920000000000000000e+03 3.370251215528696775e-05 9.167830285150557756e-05 9.467392374062910676e-05 7.134323095669969916e-05 9.167830285150557756e-05 9.467392374062910676e-05 1.942630484700202942e-02 1.321989984717220068e-04
1.930000000000000000e+03 2.544512244639918208e-05 3.333883432787843049e-05 2.876310463761910796e-05 4.447426545084454119e-05 3.333883432787843049e-05 2.876310463761910796e-05 1.388841681182384491e-02 6.756986840628087521e-05
1.940000000000000000e+03 5.987965778331272304e-06 2.820660120050888509e-05 2.766712896118406206e-05 3.037556416529696435e-05 2.820660120050888509e-05 2.766712532320525497e-05 1.493209507316350937e-02 7.810685201548039913e-05
1.950000000000000000e+03 4.434335096448194236e-06 1.063418403646210209e-05 8.277339475171174854e-06 2.588867573649622500e-05 1.063418403646210209e-05 8.277342203655280173e-06 1.183355785906314850e-02 4.905444075120612979e-05
1.950000000000000000e+03 4.259094112057937309e-06 1.063418403646210209e-05 8.277339475171174854e-06 2.588867573649622500e-05 1.063418403646210209e-05 8.277342203655280173e-06 1.183355785906314850e-02 4.905444075120612979e-05
1.960000000000000000e+03 2.021449108724482358e-05 1.804347557481378317e-04 2.155437832698225975e-04 4.613419514498673379e-05 1.804347557481378317e-04 2.155437832698225975e-04 2.408876270055770874e-02 2.032716001849621534e-04
1.970000000000000000e+03 3.418951382627710700e-05 7.678736437810584903e-05 6.125216168584302068e-05 4.151508619543164968e-05 7.678736437810584903e-05 6.125216168584302068e-05 1.736843585968017578e-02 1.056742330547422171e-04
1.980000000000000000e+03 9.533841875963844359e-06 3.506791472318582237e-05 3.101542097283527255e-05 3.222057785023935139e-05 3.506791472318582237e-05 3.101542824879288673e-05 1.395310647785663605e-02 6.820081034675240517e-05
1.990000000000000000e+03 5.668229277944192290e-06 1.422575496690114960e-05 1.828631502576172352e-05 3.038072827621363103e-05 1.422575496690114960e-05 1.828631320677231997e-05 1.227143500000238419e-02 5.275193325360305607e-05
2.000000000000000000e+03 4.680163783632451668e-06 1.271569635719060898e-05 1.050818627845728770e-05 2.690768087632022798e-05 1.271569635719060898e-05 1.050818718795198947e-05 1.197141502052545547e-02 5.020404569222591817e-05
2.000000000000000000e+03 4.680163783632451668e-06 1.271569635719060898e-05 1.050818627845728770e-05 2.690768087632022798e-05 1.271569635719060898e-05 1.050818718795198947e-05 1.197141502052545547e-02 5.020404569222591817e-05
2.010000000000000000e+03 3.287214349256828427e-05 4.648375906981527805e-04 3.066592034883797169e-04 6.434994429582729936e-05 4.648375906981527805e-04 3.066591452807188034e-04 3.094276040792465210e-02 3.354021755512803793e-04
2.020000000000000000e+03 1.339066875516436994e-05 1.533059112261980772e-04 9.107576624955981970e-05 2.905630753957666457e-05 1.533059112261980772e-04 9.107579535339027643e-05 1.913887821137905121e-02 1.283159363083541393e-04
2.030000000000000000e+03 4.459164301806595176e-06 4.323411485529504716e-05 4.345556226326152682e-05 2.513169602025300264e-05 4.323411485529504716e-05 4.345556226326152682e-05 1.371372025460004807e-02 6.588070391444489360e-05
2.040000000000000000e+03 8.245882781920954585e-06 1.106892068492015824e-05 1.293534114665817469e-05 2.665449756023008376e-05 1.106892068492015824e-05 1.293533841817406937e-05 1.175588835030794144e-02 4.841262125410139561e-05
2.050000000000000000e+03 5.412623067968524992e-06 1.158828308689408004e-05 9.662244337960146368e-06 2.532984217396005988e-05 1.158828308689408004e-05 9.662244337960146368e-06 1.236945949494838715e-02 5.359806527849286795e-05
2.050000000000000000e+03 1.065942251443630084e-05 1.158828308689408004e-05 9.662244337960146368e-06 2.532984217396005988e-05 1.158828308689408004e-05 9.662244337960146368e-06 1.236945949494838715e-02 5.359806527849286795e-05
2.060000000000000000e+03 9.803551074583083391e-05 4.925853136228397489e-05 9.771458280738443136e-05 1.074455358320847154e-04 4.925853136228397489e-05 9.771461191121488810e-05 1.744206808507442474e-02 1.065721080522052944e-04
2.070000000000000000e+03 1.235617128259036690e-05 5.407397475210018456e-05 4.834744322579354048e-05 2.535687599447555840e-05 5.407397475210018456e-05 4.834742139792069793e-05 1.643796823918819427e-02 9.465509356232360005e-05
2.080000000000000000e+03 8.862413778842892498e-06 2.528405457269400358e-05 2.160389885830227286e-05 3.072036633966490626e-05 2.528405457269400358e-05 2.160389703931286931e-05 1.395463757216930389e-02 6.821577699156478047e-05
2.090000000000000000e+03 1.134615285991458222e-05 1.612038613529875875e-05 1.448091916245175526e-05 3.166845635860227048e-05 1.612038613529875875e-05 1.448091916245175526e-05 1.286772545427083969e-02 5.800311191705986857e-05
2.100000000000000000e+03 7.658319191250484437e-06 1.031446208799025044e-05 7.522457053710240871e-06 2.311144271516241133e-05 1.031446208799025044e-05 7.522457508457591757e-06 1.189629081636667252e-02 4.957592318532988429e-05
2.100000000000000000e+03 9.600389603292569518e-06 1.031446208799025044e-05 7.522457053710240871e-06 2.311144271516241133e-05 1.031446208799025044e-05 7.522457508457591757e-06 1.189629081636667252e-02 4.957592318532988429e-05
2.110000000000000000e+03 2.585414622444659472e-04 5.350103019736707211e-04 6.161080673336982727e-04 1.926482364069670439e-04 5.350103019736707211e-04 6.161080091260373592e-04 3.935295715928077698e-02 5.425034905783832073e-04
2.120000000000000000e+03 3.536809526849538088e-05 1.115535415010526776e-04 1.183451458928175271e-04 7.676677341805770993e-05 1.115535415010526776e-04 1.183451677206903696e-04 2.143148332834243774e-02 1.608985767234116793e-04
2.130000000000000000e+03 1.527970925963018090e-05 2.083038998534902930e-05 2.978788870677817613e-05 6.873119127703830600e-05 2.083038998534902930e-05 2.978789052576757967e-05 1.185664348304271698e-02 4.924602399114519358e-05
2.140000000000000000e+03 1.922693263622932136e-05 3.648800338851287961e-05 3.301849937997758389e-05 5.168330608285032213e-05 3.648800338851287961e-05 3.301851029391400516e-05 1.414552144706249237e-02 7.009477849351242185e-05
2.150000000000000000e+03 1.460873772884951904e-05 1.422036712028784677e-05 1.988810799957718700e-05 5.186360067455098033e-05 1.422036712028784677e-05 1.988810799957718700e-05 1.144983619451522827e-02 4.592468758346512914e-05
2.150000000000000000e+03 1.412430719938129187e-05 1.422036712028784677e-05 1.988810799957718700e-05 5.186360067455098033e-05 1.422036712028784677e-05 1.988810799957718700e-05 1.144983619451522827e-02 4.592468758346512914e-05
2.160000000000000000e+03 1.199568432639352977e-04 3.122617781627923250e-04 5.938260583207011223e-04 1.379573659505695105e-04 3.122617781627923250e-04 5.938262911513447762e-04 3.308333829045295715e-02 3.834126109723001719e-04
2.170000000000000000e+03 6.678565841866657138e-05 1.188699898193590343e-04 1.394447026541456580e-04 1.270340435439720750e-04 1.188699898193590343e-04 1.394447026541456580e-04 2.090571448206901550e-02 1.531008747406303883e-04
2.180000000000000000e+03 1.107152729673543945e-05 2.803095958370249718e-05 3.184635352226905525e-05 5.709077231585979462e-05 2.803095958370249718e-05 3.184634624631144106e-05 1.228817459195852280e-02 5.289594628266058862e-05
2.190000000000000000e+03 9.041845260071568191e-06 1.212289771501673386e-05 1.540845551062375307e-05 5.839689401909708977e-05 1.212289771501673386e-05 1.540845551062375307e-05 1.111160125583410263e-02 4.325148620409891009e-05
2.200000000000000000e+03 6.914312962180702016e-06 7.933413144201040268e-06 7.225401532195974141e-06 4.997848736820742488e-05 7.933413144201040268e-06 7.225402441690675914e-06 9.962083771824836731e-03 3.476546771707944572e-05
2.200000000000000000e+03 6.914312962180702016e-06 7.933413144201040268e-06 7.225401532195974141e-06 4.997848736820742488e-05 7.933413144201040268e-06 7.225402441690675914e-06 9.962083771824836731e-03 3.476546771707944572e-05
2.210000000000000000e+03 2.300029518664814532e-05 5.233552656136453152e-05 6.733232294209301472e-05 4.404124410939402878e-05 5.233552656136453152e-05 6.733233749400824308e-05 1.436796598136425018e-02 7.231664494611322880e-05
2.220000000000000000e+03 1.260291628568666056e-05 6.335388025036081672e-05 6.633295561186969280e-05 4.821892071049660444e-05 6.335388025036081672e-05 6.633297743974253535e-05 1.752629131078720093e-02 1.076038606697693467e-04
2.230000000000000000e+03 5.725555183744290844e-06 1.164593231806065887e-05 1.205890475830528885e-05 3.444827598286792636e-05 1.164593231806065887e-05 1.205890566779999062e-05 1.006946153938770294e-02 3.551896224962547421e-05
2.240000000000000000e+03 7.839365935069508851e-06 9.366110134578775615e-06 9.014809620566666126e-06 3.693423423101194203e-05 9.366110134578775615e-06 9.014809620566666126e-06 9.275294840335845947e-03 3.013721652678214014e-05
2.250000000000000000e+03 5.168101779418066144e-06 9.087187208933755755e-06 9.773054443940054625e-06 3.232486051274463534e-05 9.087187208933755755e-06 9.773049896466545761e-06 1.040533371269702911e-02 3.792798088397830725e-05
2.250000000000000000e+03 8.329206139023881406e-06 9.087187208933755755e-06 9.773054443940054625e-06 3.232486051274463534e-05 9.087187208933755755e-06 9.773049896466545761e-06 1.040533371269702911e-02 3.792798088397830725e-05
2.260000000000000000e+03 4.002945206593722105e-05 3.490958479233086109e-04 3.315222857054322958e-04 4.939435166306793690e-05 3.490958479233086109e-04 3.315223439130932093e-04 2.945436909794807434e-02 3.039115108549594879e-04
2.270000000000000000e+03 3.216668119421228766e-05 9.445360774407163262e-05 8.345952664967626333e-05 5.672274710377678275e-05 9.445360774407163262e-05 8.345952664967626333e-05 1.658389344811439514e-02 9.634311572881415486e-05
2.280000000000000000e+03 1.701138899079523981e-05 2.413164293102454394e-05 2.239719651697669178e-05 4.585738497553393245e-05 2.413164293102454394e-05 2.239719833596609533e-05 1.103249099105596542e-02 4.263779919710941613e-05
2.290000000000000000e+03 1.209841047966619954e-05 1.621471710677724332e-05 1.868599792942404747e-05 4.179775714874267578e-05 1.621471710677724332e-05 1.868599611043464392e-05 1.038518641144037247e-02 3.778124664677307010e-05
2.300000000000000000e+03 5.098568180983420461e-06 1.121868172049289569e-05 7.935404937597922981e-06 3.205614484613761306e-05 1.121868172049289569e-05 7.935406756587326527e-06 9.359540417790412903e-03 3.068715886911377311e-05
2.300000000000000000e+03 5.451243850984610617e-06 1.121868172049289569e-05 7.935404937597922981e-06 3.205614484613761306e-05 1.121868172049289569e-05 7.935406756587326527e-06 9.359540417790412903e-03 3.068715886911377311e-05
2.310000000000000000e+03 2.345539724046830088e-05 7.877853204263374209e-05 1.114860133384354413e-04 5.039380266680382192e-05 7.877853204263374209e-05 1.114860206143930554e-04 1.973774470388889313e-02 1.364717609249055386e-04
2.320000000000000000e+03 1.315732879447750747e-05 3.861380901071242988e-05 4.237606844981200993e-05 5.149815115146338940e-05 3.861380901071242988e-05 4.237606117385439575e-05 1.271635945886373520e-02 5.664652053383179009e-05
2.330000000000000000e+03 1.027613870974164456e-05 1.660884845477994531e-05 1.770607923390343785e-05 4.614555655280128121e-05 1.660884845477994531e-05 1.770608105289284140e-05 9.815977886319160461e-03 3.375318920006975532e-05
2.340000000000000000e+03 6.922791726537980139e-06 1.273155339731601998e-05 1.184113534691277891e-05 3.907069185515865684e-05 1.273155339731601998e-05 1.184113534691277891e-05 9.450991638004779816e-03 3.128977550659328699e-05
2.350000000000000000e+03 5.804548891319427639e-06 7.972742423589807004e-06 6.387709163391264156e-06 3.834183371509425342e-05 7.972742423589807004e-06 6.387709163391264156e-06 8.729510009288787842e-03 2.669484456419013441e-05
2.350000000000000000e+03 5.633508408209308982e-06 7.972742423589807004e-06 6.387709163391264156e-06 3.834183371509425342e-05 7.972742423589807004e-06 6.387709163391264156e-06 8.729510009288787842e-03 2.669484456419013441e-05
2.360000000000000000e+03 2.027225673373322934e-05 1.216628588736057281e-04 1.235235395142808557e-04 5.747164686908945441e-05 1.216628588736057281e-04 1.235235540661960840e-04 2.181738056242465973e-02 1.667450560489669442e-04
2.370000000000000000e+03 1.377491571474820375e-05 5.824688923894427717e-05 5.512915231520310044e-05 5.211089228396303952e-05 5.824688923894427717e-05 5.512914503924548626e-05 1.531232614070177078e-02 8.213533146772533655e-05
2.380000000000000000e+03 6.630615644098725170e-06 2.260792462038807571e-05 2.201345705543644726e-05 4.457564864424057305e-05 2.260792462038807571e-05 2.201346069341525435e-05 1.050291676074266434e-02 3.864270183839835227e-05
2.390000000000000000e+03 4.829824774787994102e-06 1.233600687555735931e-05 1.319076636718818918e-05 3.744472633115947247e-05 1.233600687555735931e-05 1.319076636718818918e-05 9.496144019067287445e-03 3.158946128678508103e-05
2.400000000000000000e+03 4.579669621307402849e-06 6.948641384951770306e-06 5.784886980109149590e-06 3.481754174572415650e-05 6.948641384951770306e-06 5.784886525361798704e-06 8.739414624869823456e-03 2.675545692909508944e-05
2.400000000000000000e+03 4.579669621307402849e-06 6.948641384951770306e-06 5.784886980109149590e-06 3.481754174572415650e-05 6.948641384951770306e-06 5.784886525361798704e-06 8.739414624869823456e-03 2.675545692909508944e-05
2.410000000000000000e+03 5.728311953134834766e-05 8.176828850992023945e-05 8.533536311006173491e-05 7.764972542645409703e-05 8.176828850992023945e-05 8.533531945431604981e-05 1.676018163561820984e-02 9.840226994128897786e-05
2.420000000000000000e+03 1.628276004339568317e-05 7.249077316373586655e-05 7.818662561476230621e-05 5.533301373361609876e-05 7.249077316373586655e-05 7.818662561476230621e-05 1.575817912817001343e-02 8.698808233020827174e-05
2.430000000000000000e+03 4.530850674200337380e-06 3.569218097254633904e-05 4.571561657940037549e-05 4.046066533192060888e-05 3.569218097254633904e-05 4.571562385535798967e-05 1.348607614636421204e-02 6.371166091412305832e-05
2.440000000000000000e+03 4.604805781127652153e-06 2.464109093125443906e-05 1.802409860829357058e-05 3.802083665505051613e-05 2.464109093125443906e-05 1.802409315132535994e-05 1.187779288738965988e-02 4.942186569678597152e-05
2.450000000000000000e+03 4.816155978915048763e-06 7.630775144207291305e-06 7.705144525971263647e-06 3.927757643396034837e-05 7.630775144207291305e-06 7.705146344960667193e-06 8.890255354344844818e-03 2.768701597233302891e-05
2.450000000000000000e+03 4.751260348712094128e-06 7.630775144207291305e-06 7.705144525971263647e-06 3.927757643396034837e-05 7.630775144207291305e-06 7.705146344960667193e-06 8.890255354344844818e-03 2.768701597233302891e-05
2.460000000000000000e+03 2.962146209029015154e-05 2.501095586922019720e-04 3.260740195401012897e-04 6.150401895865797997e-05 2.501095586922019720e-04 3.260740777477622032e-04 3.077038377523422241e-02 3.316756337881088257e-04
2.470000000000000000e+03 1.338774291070876643e-05 8.223259646911174059e-05 7.697723776800557971e-05 5.609602158074267209e-05 8.223259646911174059e-05 7.697723049204796553e-05 1.722190156579017639e-02 1.038986592902801931e-04
2.480000000000000000e+03 3.364379881531931460e-05 7.444550283253192902e-05 7.957020716276019812e-05 7.693181396462023258e-05 7.444550283253192902e-05 7.957022171467542648e-05 1.762952655553817749e-02 1.088751887436956167e-04
2.490000000000000000e+03 5.890983629797119647e-06 1.261076431546825916e-05 1.066170261765364558e-05 3.683629984152503312e-05 1.261076431546825916e-05 1.066170170815894380e-05 9.559457190334796906e-03 3.201209983672015369e-05
2.500000000000000000e+03 7.639343493792694062e-06 1.110779248847393319e-05 8.398264071729499847e-06 4.015144804725423455e-05 1.110779248847393319e-05 8.398264981224201620e-06 8.693019859492778778e-03 2.647213659656699747e-05
2.500000000000000000e+03 7.496880698454333469e-06 1.110779248847393319e-05 8.398264071729499847e-06 4.015144804725423455e-05 1.110779248847393319e-05 8.398264981224201620e-06 8.693019859492778778e-03 2.647213659656699747e-05
2.510000000000000000e+03 2.338331105420365930e-04 5.345622776076197624e-05 1.371204416500404477e-04 2.284462680108845234e-04 5.345622776076197624e-05 1.371204707538709044e-04 1.848664134740829468e-02 1.197191668325103819e-04
2.520000000000000000e+03 1.390726902172900736e-05 7.025838567642495036e-05 4.668935798690654337e-05 5.269584653433412313e-05 7.025838567642495036e-05 4.668936162488535047e-05 1.495836488902568817e-02 7.838191959308460355e-05
2.530000000000000000e+03 1.754888580762781203e-05 2.561570727266371250e-05 1.718685416562948376e-05 7.148132863221690059e-05 2.561570727266371250e-05 1.718685234664008021e-05 1.194352097809314728e-02 4.997036012355238199e-05
2.540000000000000000e+03 1.000353677227394655e-05 1.327388326899381354e-05 1.309385970671428367e-05 4.580874883686192334e-05 1.327388326899381354e-05 1.309385879721958190e-05 9.366716258227825165e-03 3.073423795285634696e-05
2.550000000000000000e+03 9.993738785851746798e-06 1.230756606673821807e-05 1.042103576764930040e-05 4.538959910860285163e-05 1.230756606673821807e-05 1.042103758663870394e-05 9.799988940358161926e-03 3.364331860211677849e-05
2.550000000000000000e+03 9.704849617264699191e-06 1.230756606673821807e-05 1.042103576764930040e-05 4.538959910860285163e-05 1.230756606673821807e-05 1.042103758663870394e-05 9.799988940358161926e-03 3.364331860211677849e-05
2.560000000000000000e+03 6.188014140207087621e-06 9.915168629959225655e-05 1.249917404493317008e-04 3.880682561430148780e-05 9.915168629959225655e-05 1.249917404493317008e-04 1.994251459836959839e-02 1.393181009916588664e-04
2.570000000000000000e+03 8.275103027699515224e-06 9.403332660440355539e-05 8.346394315594807267e-05 4.279349741409532726e-05 9.403332660440355539e-05 8.346394315594807267e-05 1.801366545259952545e-02 1.136716018663719296e-04
2.580000000000000000e+03 6.853216746094403788e-06 4.579357118927873671e-05 4.698200427810661495e-05 3.918848960893228650e-05 4.579357118927873671e-05 4.698200427810661495e-05 1.467083953320980072e-02 7.539761281805112958e-05
2.590000000000000000e+03 5.013462669012369588e-06 1.600768700882326812e-05 1.611669540579896420e-05 3.484874832793138921e-05 1.600768700882326812e-05 1.611669540579896420e-05 1.062302663922309875e-02 3.953158739022910595e-05
2.600000000000000000e+03 5.061798219685442746e-06 9.916070666804444045e-06 8.105266715574543923e-06 3.213731542928144336e-05 9.916070666804444045e-06 8.105269444058649242e-06 9.847672656178474426e-03 3.397151522221975029e-05
