# step, loss_train, loss_test, metrics_test
0.000000000000000000e+00 7.027343750000000000e+00 3.693078279495239258e+00 2.350967407226562500e+01 7.027343750000000000e+00 3.693078279495239258e+00 2.350967407226562500e+01 9.889181256294250488e-01 5.415878295898437500e+00
1.000000000000000000e+01 4.558593750000000000e+00 3.757160663604736328e+00 1.851912117004394531e+01 4.558593750000000000e+00 3.757160663604736328e+00 1.851912117004394531e+01 8.712332248687744141e-01 4.203558444976806641e+00
2.000000000000000000e+01 4.058593750000000000e+00 3.915921926498413086e+00 1.541437339782714844e+01 4.058593750000000000e+00 3.915921926498413086e+00 1.541437339782714844e+01 8.041109442710876465e-01 3.580800533294677734e+00
3.000000000000000000e+01 3.298828125000000000e+00 3.899579286575317383e+00 1.375162696838378906e+01 3.298828125000000000e+00 3.899579286575317383e+00 1.375162696838378906e+01 7.667559385299682617e-01 3.255836486816406250e+00
4.000000000000000000e+01 3.087890625000000000e+00 3.996135711669921875e+00 1.176320362091064453e+01 3.087890625000000000e+00 3.996135711669921875e+00 1.176320362091064453e+01 7.242845296859741211e-01 2.905137062072753906e+00
5.000000000000000000e+01 2.779296875000000000e+00 4.119943618774414062e+00 9.737152099609375000e+00 2.779296875000000000e+00 4.119943618774414062e+00 9.737152099609375000e+00 6.725813746452331543e-01 2.505173921585083008e+00
6.000000000000000000e+01 2.414062500000000000e+00 4.266738414764404297e+00 7.312854766845703125e+00 2.414062500000000000e+00 4.266738414764404297e+00 7.312854766845703125e+00 5.947077870368957520e-01 1.958643913269042969e+00
7.000000000000000000e+01 2.074218750000000000e+00 4.424549579620361328e+00 4.884687423706054688e+00 2.074218750000000000e+00 4.424549579620361328e+00 4.884687423706054688e+00 5.121338367462158203e-01 1.452496528625488281e+00
8.000000000000000000e+01 1.557617187500000000e+00 4.411804676055908203e+00 3.397798538208007812e+00 1.557617187500000000e+00 4.411804676055908203e+00 3.397798538208007812e+00 4.603753387928009033e-01 1.173741102218627930e+00
9.000000000000000000e+01 1.011718750000000000e+00 4.412495613098144531e+00 2.642946481704711914e+00 1.011718750000000000e+00 4.412495613098144531e+00 2.642946481704711914e+00 4.376207590103149414e-01 1.060581326484680176e+00
1.000000000000000000e+02 7.089843750000000000e-01 4.412810802459716797e+00 1.999000906944274902e+00 7.089843750000000000e-01 4.412810802459716797e+00 1.999000906944274902e+00 4.202297329902648926e-01 9.779615402221679688e-01
1.100000000000000000e+02 6.284179687500000000e-01 4.282642841339111328e+00 1.547165155410766602e+00 6.284179687500000000e-01 4.282642841339111328e+00 1.547165155410766602e+00 4.165041446685791016e-01 9.606978893280029297e-01
1.200000000000000000e+02 5.649414062500000000e-01 4.210153579711914062e+00 1.237069249153137207e+00 5.649414062500000000e-01 4.210153579711914062e+00 1.237069249153137207e+00 4.061307013034820557e-01 9.134395718574523926e-01
1.300000000000000000e+02 4.887695312500000000e-01 4.178810119628906250e+00 1.007688403129577637e+00 4.887695312500000000e-01 4.178810119628906250e+00 1.007688403129577637e+00 3.956868052482604980e-01 8.670642971992492676e-01
1.400000000000000000e+02 4.235839843750000000e-01 4.117742538452148438e+00 8.885263800621032715e-01 4.235839843750000000e-01 4.117742538452148438e+00 8.885263800621032715e-01 3.940891027450561523e-01 8.600763678550720215e-01
1.500000000000000000e+02 3.720703125000000000e-01 4.110218048095703125e+00 7.240474820137023926e-01 3.720703125000000000e-01 4.110218048095703125e+00 7.240474820137023926e-01 3.893746137619018555e-01 8.396214246749877930e-01
1.600000000000000000e+02 3.200683593750000000e-01 4.069880485534667969e+00 6.420830488204956055e-01 3.200683593750000000e-01 4.069880485534667969e+00 6.420830488204956055e-01 3.931444585323333740e-01 8.559580445289611816e-01
1.700000000000000000e+02 2.783203125000000000e-01 4.033744335174560547e+00 5.738621354103088379e-01 2.783203125000000000e-01 4.033744335174560547e+00 5.738621354103088379e-01 3.988899290561676025e-01 8.811591267585754395e-01
1.800000000000000000e+02 2.414550781250000000e-01 3.993385791778564453e+00 5.285571217536926270e-01 2.414550781250000000e-01 3.993385791778564453e+00 5.285571217536926270e-01 4.070211350917816162e-01 9.174493551254272461e-01
1.900000000000000000e+02 2.239990234375000000e-01 3.959159135818481445e+00 4.945504367351531982e-01 2.239990234375000000e-01 3.959159135818481445e+00 4.945504367351531982e-01 4.153667986392974854e-01 9.554583430290222168e-01
2.000000000000000000e+02 1.914062500000000000e-01 3.942598819732666016e+00 4.510447978973388672e-01 1.914062500000000000e-01 3.942598819732666016e+00 4.510447978973388672e-01 4.218125045299530029e-01 9.853423237800598145e-01
2.100000000000000000e+02 1.799316406250000000e-01 3.919977664947509766e+00 4.297122061252593994e-01 1.799316406250000000e-01 3.919977664947509766e+00 4.297122061252593994e-01 4.275589287281036377e-01 1.012372136116027832e+00
2.200000000000000000e+02 1.584472656250000000e-01 3.908146619796752930e+00 3.992245197296142578e-01 1.584472656250000000e-01 3.908146619796752930e+00 3.992245197296142578e-01 4.321812987327575684e-01 1.034380197525024414e+00
2.300000000000000000e+02 1.425781250000000000e-01 3.895976543426513672e+00 3.760112822055816650e-01 1.425781250000000000e-01 3.895976543426513672e+00 3.760112822055816650e-01 4.360834062099456787e-01 1.053142905235290527e+00
2.400000000000000000e+02 1.292724609375000000e-01 3.884070873260498047e+00 3.558049201965332031e-01 1.292724609375000000e-01 3.884070873260498047e+00 3.558049201965332031e-01 4.397080540657043457e-01 1.070722699165344238e+00
2.500000000000000000e+02 1.181030273437500000e-01 3.874861955642700195e+00 3.343850374221801758e-01 1.181030273437500000e-01 3.874861955642700195e+00 3.343850374221801758e-01 4.428673684597015381e-01 1.086164355278015137e+00
2.600000000000000000e+02 1.324462890625000000e-01 3.871440887451171875e+00 3.144546449184417725e-01 1.324462890625000000e-01 3.871440887451171875e+00 3.144546449184417725e-01 4.458488523960113525e-01 1.100838184356689453e+00
2.700000000000000000e+02 9.948730468750000000e-02 3.853949546813964844e+00 3.041394948959350586e-01 9.948730468750000000e-02 3.853949546813964844e+00 3.041394948959350586e-01 4.493851661682128906e-01 1.118370413780212402e+00
2.800000000000000000e+02 9.588623046875000000e-02 3.847472429275512695e+00 2.873287796974182129e-01 9.588623046875000000e-02 3.847472429275512695e+00 2.873287796974182129e-01 4.519791007041931152e-01 1.131318569183349609e+00
2.900000000000000000e+02 9.039306640625000000e-02 3.838176250457763672e+00 2.746919989585876465e-01 9.039306640625000000e-02 3.838176250457763672e+00 2.746919989585876465e-01 4.554072916507720947e-01 1.148545384407043457e+00
3.000000000000000000e+02 8.465576171875000000e-02 3.828005790710449219e+00 2.648714780807495117e-01 8.465576171875000000e-02 3.828005790710449219e+00 2.648714780807495117e-01 4.583645462989807129e-01 1.163510203361511230e+00
3.100000000000000000e+02 8.160400390625000000e-02 3.820543766021728516e+00 2.531204223632812500e-01 8.160400390625000000e-02 3.820543766021728516e+00 2.531204223632812500e-01 4.611612260341644287e-01 1.177751898765563965e+00
3.200000000000000000e+02 7.873535156250000000e-02 3.812090158462524414e+00 2.444508820772171021e-01 7.873535156250000000e-02 3.812090158462524414e+00 2.444508820772171021e-01 4.637759327888488770e-01 1.191144824028015137e+00
3.300000000000000000e+02 1.121215820312500000e-01 3.796902656555175781e+00 2.660837173461914062e-01 1.121215820312500000e-01 3.796902656555175781e+00 2.660837173461914062e-01 4.672999978065490723e-01 1.209315896034240723e+00
3.400000000000000000e+02 8.111572265625000000e-02 3.808998584747314453e+00 2.249381691217422485e-01 8.111572265625000000e-02 3.808998584747314453e+00 2.249381691217422485e-01 4.642952382564544678e-01 1.193814039230346680e+00
3.500000000000000000e+02 7.708740234375000000e-02 3.801909923553466797e+00 2.178735584020614624e-01 7.708740234375000000e-02 3.801909923553466797e+00 2.178735584020614624e-01 4.672109782695770264e-01 1.208855152130126953e+00
3.600000000000000000e+02 7.440185546875000000e-02 3.789236783981323242e+00 2.206123024225234985e-01 7.440185546875000000e-02 3.789236783981323242e+00 2.206123024225234985e-01 4.706999659538269043e-01 1.226977109909057617e+00
3.700000000000000000e+02 7.220458984375000000e-02 3.788057804107666016e+00 2.078115940093994141e-01 7.220458984375000000e-02 3.788057804107666016e+00 2.078115940093994141e-01 4.721290171146392822e-01 1.234439015388488770e+00
3.800000000000000000e+02 6.958007812500000000e-02 3.780147075653076172e+00 2.052882760763168335e-01 6.958007812500000000e-02 3.780147075653076172e+00 2.052882760763168335e-01 4.738623499870300293e-01 1.243519544601440430e+00
3.900000000000000000e+02 6.890869140625000000e-02 3.775548219680786133e+00 1.995458751916885376e-01 6.890869140625000000e-02 3.775548219680786133e+00 1.995458751916885376e-01 4.748822152614593506e-01 1.248878240585327148e+00
4.000000000000000000e+02 6.817626953125000000e-02 3.771069049835205078e+00 1.943071931600570679e-01 6.817626953125000000e-02 3.771069049835205078e+00 1.943071931600570679e-01 4.756362140178680420e-01 1.252847075462341309e+00
4.100000000000000000e+02 6.750488281250000000e-02 3.767388582229614258e+00 1.886082589626312256e-01 6.750488281250000000e-02 3.767388582229614258e+00 1.886082589626312256e-01 4.763715565204620361e-01 1.256723880767822266e+00
4.200000000000000000e+02 6.701660156250000000e-02 3.763440132141113281e+00 1.836983710527420044e-01 6.701660156250000000e-02 3.763440132141113281e+00 1.836983710527420044e-01 4.770714640617370605e-01 1.260419487953186035e+00
4.300000000000000000e+02 2.385253906250000000e-01 3.775569915771484375e+00 2.119504660367965698e-01 2.385253906250000000e-01 3.775569915771484375e+00 2.119504660367965698e-01 4.783464372158050537e-01 1.267165303230285645e+00
4.400000000000000000e+02 8.898925781250000000e-02 3.753774642944335938e+00 1.958720386028289795e-01 8.898925781250000000e-02 3.753774642944335938e+00 1.958720386028289795e-01 4.743493497371673584e-01 1.246076822280883789e+00
4.500000000000000000e+02 6.610107421875000000e-02 3.761302947998046875e+00 1.712332665920257568e-01 6.610107421875000000e-02 3.761302947998046875e+00 1.712332665920257568e-01 4.751342535018920898e-01 1.250204086303710938e+00
4.600000000000000000e+02 6.549072265625000000e-02 3.755612611770629883e+00 1.694934666156768799e-01 6.549072265625000000e-02 3.755612611770629883e+00 1.694934666156768799e-01 4.774929881095886230e-01 1.262647628784179688e+00
4.700000000000000000e+02 6.298828125000000000e-02 3.746718883514404297e+00 1.717291176319122314e-01 6.298828125000000000e-02 3.746718883514404297e+00 1.717291176319122314e-01 4.790238440036773682e-01 1.270756840705871582e+00
4.800000000000000000e+02 6.237792968750000000e-02 3.745692253112792969e+00 1.637542545795440674e-01 6.237792968750000000e-02 3.745692253112792969e+00 1.637542545795440674e-01 4.796309173107147217e-01 1.273979902267456055e+00
4.900000000000000000e+02 6.118774414062500000e-02 3.740928173065185547e+00 1.615763157606124878e-01 6.118774414062500000e-02 3.740928173065185547e+00 1.615763157606124878e-01 4.803282618522644043e-01 1.277686953544616699e+00
5.000000000000000000e+02 6.082153320312500000e-02 3.737473726272583008e+00 1.584215313196182251e-01 6.082153320312500000e-02 3.737473726272583008e+00 1.584215313196182251e-01 4.804702997207641602e-01 1.278442621231079102e+00
5.100000000000000000e+02 6.036376953125000000e-02 3.734475612640380859e+00 1.548609882593154907e-01 6.036376953125000000e-02 3.734475612640380859e+00 1.548609882593154907e-01 4.807443618774414062e-01 1.279901742935180664e+00
5.200000000000000000e+02 6.008911132812500000e-02 3.731411695480346680e+00 1.515396088361740112e-01 6.008911132812500000e-02 3.731411695480346680e+00 1.515396088361740112e-01 4.810067117214202881e-01 1.281298995018005371e+00
5.300000000000000000e+02 6.011962890625000000e-02 3.728897094726562500e+00 1.479445099830627441e-01 6.011962890625000000e-02 3.728897094726562500e+00 1.479445099830627441e-01 4.812892377376556396e-01 1.282804608345031738e+00
5.400000000000000000e+02 2.056884765625000000e-01 3.738121271133422852e+00 1.751532256603240967e-01 2.056884765625000000e-01 3.738121271133422852e+00 1.751532256603240967e-01 4.817910194396972656e-01 1.285480737686157227e+00
5.500000000000000000e+02 5.517578125000000000e-02 3.725315809249877930e+00 1.478740572929382324e-01 5.517578125000000000e-02 3.725315809249877930e+00 1.478740572929382324e-01 4.779439568519592285e-01 1.265033721923828125e+00
5.600000000000000000e+02 5.740356445312500000e-02 3.725641489028930664e+00 1.413674354553222656e-01 5.740356445312500000e-02 3.725641489028930664e+00 1.413674354553222656e-01 4.796792566776275635e-01 1.274236559867858887e+00
5.700000000000000000e+02 5.581665039062500000e-02 3.719094038009643555e+00 1.425627768039703369e-01 5.581665039062500000e-02 3.719094038009643555e+00 1.425627768039703369e-01 4.808115959167480469e-01 1.280259728431701660e+00
5.800000000000000000e+02 5.532836914062500000e-02 3.716946840286254883e+00 1.380577832460403442e-01 5.532836914062500000e-02 3.716946840286254883e+00 1.380577832460403442e-01 4.816620945930480957e-01 1.284792900085449219e+00
5.900000000000000000e+02 5.670166015625000000e-02 3.714813470840454102e+00 1.341157704591751099e-01 5.670166015625000000e-02 3.714813470840454102e+00 1.341157704591751099e-01 4.819797575473785400e-01 1.286488175392150879e+00
6.000000000000000000e+02 5.624389648437500000e-02 3.711682558059692383e+00 1.315680593252182007e-01 5.624389648437500000e-02 3.711682558059692383e+00 1.315680593252182007e-01 4.824570417404174805e-01 1.289037346839904785e+00
6.100000000000000000e+02 5.551147460937500000e-02 3.708503961563110352e+00 1.294698715209960938e-01 5.551147460937500000e-02 3.708503961563110352e+00 1.294698715209960938e-01 4.826054573059082031e-01 1.289830565452575684e+00
6.200000000000000000e+02 5.526733398437500000e-02 3.705514192581176758e+00 1.274444311857223511e-01 5.526733398437500000e-02 3.705514192581176758e+00 1.274444311857223511e-01 4.827677905559539795e-01 1.290698528289794922e+00
6.300000000000000000e+02 5.630493164062500000e-02 3.702250480651855469e+00 1.263804584741592407e-01 5.630493164062500000e-02 3.702250480651855469e+00 1.263804584741592407e-01 4.831237792968750000e-01 1.292602539062500000e+00
6.400000000000000000e+02 1.257324218750000000e-01 3.694826364517211914e+00 1.606401056051254272e-01 1.257324218750000000e-01 3.694826364517211914e+00 1.606401056051254272e-01 4.840685725212097168e-01 1.297663092613220215e+00
6.500000000000000000e+02 7.733154296875000000e-02 3.707054376602172852e+00 1.248170956969261169e-01 7.733154296875000000e-02 3.707054376602172852e+00 1.248170956969261169e-01 4.798589050769805908e-01 1.275191307067871094e+00
6.600000000000000000e+02 5.813598632812500000e-02 3.697829008102416992e+00 1.264140903949737549e-01 5.813598632812500000e-02 3.697829008102416992e+00 1.264140903949737549e-01 4.822082519531250000e-01 1.287708401679992676e+00
6.700000000000000000e+02 5.273437500000000000e-02 3.698329925537109375e+00 1.177748814225196838e-01 5.273437500000000000e-02 3.698329925537109375e+00 1.177748814225196838e-01 4.817771315574645996e-01 1.285406708717346191e+00
6.800000000000000000e+02 5.163574218750000000e-02 3.694603443145751953e+00 1.159735023975372314e-01 5.163574218750000000e-02 3.694603443145751953e+00 1.159735023975372314e-01 4.827886521816253662e-01 1.290810108184814453e+00
6.900000000000000000e+02 5.178833007812500000e-02 3.691370725631713867e+00 1.144139170646667480e-01 5.178833007812500000e-02 3.691370725631713867e+00 1.144139170646667480e-01 4.834583103656768799e-01 1.294393181800842285e+00
7.000000000000000000e+02 5.163574218750000000e-02 3.689214944839477539e+00 1.117865592241287231e-01 5.163574218750000000e-02 3.689214944839477539e+00 1.117865592241287231e-01 4.833083450794219971e-01 1.293590545654296875e+00
7.100000000000000000e+02 5.169677734375000000e-02 3.687338590621948242e+00 1.092340052127838135e-01 5.169677734375000000e-02 3.687338590621948242e+00 1.092340052127838135e-01 4.833135008811950684e-01 1.293618083000183105e+00
7.200000000000000000e+02 5.130004882812500000e-02 3.684765577316284180e+00 1.075551435351371765e-01 5.130004882812500000e-02 3.684765577316284180e+00 1.075551435351371765e-01 4.835406541824340820e-01 1.294834136962890625e+00
7.300000000000000000e+02 5.422973632812500000e-02 3.681820392608642578e+00 1.074887216091156006e-01 5.422973632812500000e-02 3.681820392608642578e+00 1.074887216091156006e-01 4.838092029094696045e-01 1.296272993087768555e+00
7.400000000000000000e+02 5.380249023437500000e-02 3.682507753372192383e+00 1.083420589566230774e-01 5.380249023437500000e-02 3.682507753372192383e+00 1.083420589566230774e-01 4.814331829547882080e-01 1.283571958541870117e+00
7.500000000000000000e+02 5.014038085937500000e-02 3.684424877166748047e+00 1.037852615118026733e-01 5.014038085937500000e-02 3.684424877166748047e+00 1.037852615118026733e-01 4.801579713821411133e-01 1.276781320571899414e+00
7.600000000000000000e+02 4.739379882812500000e-02 3.680528163909912109e+00 1.030018553137779236e-01 4.739379882812500000e-02 3.680528163909912109e+00 1.030018553137779236e-01 4.812765121459960938e-01 1.282736778259277344e+00
7.700000000000000000e+02 4.727172851562500000e-02 3.678503274917602539e+00 1.008461564779281616e-01 4.727172851562500000e-02 3.678503274917602539e+00 1.008461564779281616e-01 4.824451506137847900e-01 1.288973689079284668e+00
7.800000000000000000e+02 4.870605468750000000e-02 3.675347566604614258e+00 9.993961453437805176e-02 4.870605468750000000e-02 3.675347566604614258e+00 9.993961453437805176e-02 4.833599925041198730e-01 1.293866991996765137e+00
7.900000000000000000e+02 4.748535156250000000e-02 3.674003839492797852e+00 9.661724418401718140e-02 4.748535156250000000e-02 3.674003839492797852e+00 9.661724418401718140e-02 4.837093949317932129e-01 1.295737981796264648e+00
8.000000000000000000e+02 4.748535156250000000e-02 3.671887397766113281e+00 9.481154382228851318e-02 4.748535156250000000e-02 3.671887397766113281e+00 9.481154382228851318e-02 4.836058318614959717e-01 1.295183539390563965e+00
8.100000000000000000e+02 4.724121093750000000e-02 3.669868946075439453e+00 9.308307617902755737e-02 4.724121093750000000e-02 3.669868946075439453e+00 9.308307617902755737e-02 4.836542606353759766e-01 1.295442819595336914e+00
8.200000000000000000e+02 4.702758789062500000e-02 3.668055534362792969e+00 9.133878350257873535e-02 4.702758789062500000e-02 3.668055534362792969e+00 9.133878350257873535e-02 4.838515222072601318e-01 1.296499967575073242e+00
8.300000000000000000e+02 4.690551757812500000e-02 3.666272163391113281e+00 8.969601988792419434e-02 4.690551757812500000e-02 3.666272163391113281e+00 8.969601988792419434e-02 4.838921427726745605e-01 1.296717286109924316e+00
8.400000000000000000e+02 6.799316406250000000e-02 3.663531780242919922e+00 9.496334940195083618e-02 6.799316406250000000e-02 3.663531780242919922e+00 9.496334940195083618e-02 4.848545193672180176e-01 1.301880478858947754e+00
8.500000000000000000e+02 9.783935546875000000e-02 3.667533397674560547e+00 9.787072241306304932e-02 9.783935546875000000e-02 3.667533397674560547e+00 9.787072241306304932e-02 4.808467030525207520e-01 1.280446648597717285e+00
8.600000000000000000e+02 6.420898437500000000e-02 3.664749860763549805e+00 9.118604660034179688e-02 6.420898437500000000e-02 3.664749860763549805e+00 9.118604660034179688e-02 4.828468561172485352e-01 1.291121244430541992e+00
8.700000000000000000e+02 4.620361328125000000e-02 3.663221120834350586e+00 8.626145869493484497e-02 4.620361328125000000e-02 3.663221120834350586e+00 8.626145869493484497e-02 4.824317693710327148e-01 1.288902401924133301e+00
8.800000000000000000e+02 4.281616210937500000e-02 3.661122322082519531e+00 8.447737246751785278e-02 4.281616210937500000e-02 3.661122322082519531e+00 8.447737246751785278e-02 4.833995997905731201e-01 1.294078946113586426e+00
8.900000000000000000e+02 4.391479492187500000e-02 3.659240722656250000e+00 8.269658684730529785e-02 4.391479492187500000e-02 3.659240722656250000e+00 8.269658684730529785e-02 4.843507111072540283e-01 1.299176216125488281e+00
9.000000000000000000e+02 4.333496093750000000e-02 3.657506942749023438e+00 8.086082339286804199e-02 4.333496093750000000e-02 3.657506942749023438e+00 8.086082339286804199e-02 4.842478334903717041e-01 1.298624396324157715e+00
9.100000000000000000e+02 4.299926757812500000e-02 3.656064748764038086e+00 7.900226861238479614e-02 4.299926757812500000e-02 3.656064748764038086e+00 7.900226861238479614e-02 4.842080175876617432e-01 1.298411011695861816e+00
9.200000000000000000e+02 4.281616210937500000e-02 3.654824495315551758e+00 7.716362178325653076e-02 4.281616210937500000e-02 3.654824495315551758e+00 7.716362178325653076e-02 4.840697050094604492e-01 1.297669172286987305e+00
9.300000000000000000e+02 4.263305664062500000e-02 3.653253793716430664e+00 7.582625746726989746e-02 4.263305664062500000e-02 3.653253793716430664e+00 7.582625746726989746e-02 4.842009544372558594e-01 1.298372983932495117e+00
9.400000000000000000e+02 4.339599609375000000e-02 3.651799917221069336e+00 7.466211915016174316e-02 4.339599609375000000e-02 3.651799917221069336e+00 7.466211915016174316e-02 4.843312799930572510e-01 1.299072146415710449e+00
9.500000000000000000e+02 2.355957031250000000e-01 3.647991657257080078e+00 1.339157670736312866e-01 2.355957031250000000e-01 3.647991657257080078e+00 1.339157670736312866e-01 4.885494709014892578e-01 1.321798682212829590e+00
9.600000000000000000e+02 5.718994140625000000e-02 3.656002759933471680e+00 7.668872177600860596e-02 5.718994140625000000e-02 3.656002759933471680e+00 7.668872177600860596e-02 4.815338551998138428e-01 1.284108877182006836e+00
9.700000000000000000e+02 4.840087890625000000e-02 3.651956319808959961e+00 7.649046927690505981e-02 4.840087890625000000e-02 3.651956319808959961e+00 7.649046927690505981e-02 4.838785231113433838e-01 1.296644449234008789e+00
9.800000000000000000e+02 4.232788085937500000e-02 3.650199890136718750e+00 7.405120879411697388e-02 4.232788085937500000e-02 3.650199890136718750e+00 7.405120879411697388e-02 4.826892912387847900e-01 1.290278553962707520e+00
9.900000000000000000e+02 3.970336914062500000e-02 3.648015022277832031e+00 7.187108695507049561e-02 3.970336914062500000e-02 3.648015022277832031e+00 7.187108695507049561e-02 4.842405319213867188e-01 1.298585295677185059e+00
1.000000000000000000e+03 3.866577148437500000e-02 3.647011518478393555e+00 6.929215788841247559e-02 3.866577148437500000e-02 3.647011518478393555e+00 6.929215788841247559e-02 4.846252501010894775e-01 1.300649523735046387e+00
1.010000000000000000e+03 3.903198242187500000e-02 3.645836591720581055e+00 6.753899902105331421e-02 3.903198242187500000e-02 3.645836591720581055e+00 6.753899902105331421e-02 4.845042228698730469e-01 1.299999952316284180e+00
1.020000000000000000e+03 3.884887695312500000e-02 3.644471645355224609e+00 6.618989259004592896e-02 3.884887695312500000e-02 3.644471645355224609e+00 6.618989259004592896e-02 4.843472838401794434e-01 1.299157857894897461e+00
1.030000000000000000e+03 3.866577148437500000e-02 3.643457174301147461e+00 6.465478986501693726e-02 3.866577148437500000e-02 3.643457174301147461e+00 6.465478986501693726e-02 4.843503534793853760e-01 1.299174308776855469e+00
1.040000000000000000e+03 3.848266601562500000e-02 3.642277956008911133e+00 6.342916190624237061e-02 3.848266601562500000e-02 3.642277956008911133e+00 6.342916190624237061e-02 4.844418466091156006e-01 1.299665331840515137e+00
1.050000000000000000e+03 3.814697265625000000e-02 3.641289234161376953e+00 6.205213814973831177e-02 3.814697265625000000e-02 3.641289234161376953e+00 6.205213814973831177e-02 4.842000305652618408e-01 1.298367977142333984e+00
1.060000000000000000e+03 3.787231445312500000e-02 3.640213251113891602e+00 6.087573617696762085e-02 3.787231445312500000e-02 3.640213251113891602e+00 6.087573617696762085e-02 4.841390848159790039e-01 1.298041105270385742e+00
1.070000000000000000e+03 9.075927734375000000e-02 3.640541076660156250e+00 7.007566094398498535e-02 9.075927734375000000e-02 3.640541076660156250e+00 7.007566094398498535e-02 4.832892119884490967e-01 1.293488144874572754e+00
1.080000000000000000e+03 3.775024414062500000e-02 3.641610383987426758e+00 6.290377676486968994e-02 3.775024414062500000e-02 3.641610383987426758e+00 6.290377676486968994e-02 4.809181988239288330e-01 1.280827403068542480e+00
1.090000000000000000e+03 3.475952148437500000e-02 3.638834238052368164e+00 6.438947468996047974e-02 3.475952148437500000e-02 3.638834238052368164e+00 6.438947468996047974e-02 4.845117926597595215e-01 1.300040483474731445e+00
1.100000000000000000e+03 3.411865234375000000e-02 3.639532327651977539e+00 6.079693883657455444e-02 3.411865234375000000e-02 3.639532327651977539e+00 6.079693883657455444e-02 4.834838211536407471e-01 1.294529914855957031e+00
1.110000000000000000e+03 3.402709960937500000e-02 3.638628244400024414e+00 5.881770700216293335e-02 3.402709960937500000e-02 3.638628244400024414e+00 5.881770700216293335e-02 4.848522245883941650e-01 1.301868200302124023e+00
1.120000000000000000e+03 3.579711914062500000e-02 3.636918306350708008e+00 5.761339142918586731e-02 3.579711914062500000e-02 3.636918306350708008e+00 5.761339142918586731e-02 4.851531684398651123e-01 1.303484678268432617e+00
1.130000000000000000e+03 3.466796875000000000e-02 3.635583400726318359e+00 5.627826228737831116e-02 3.466796875000000000e-02 3.635583400726318359e+00 5.627826228737831116e-02 4.845807552337646484e-01 1.300410747528076172e+00
1.140000000000000000e+03 3.479003906250000000e-02 3.634747028350830078e+00 5.476978421211242676e-02 3.479003906250000000e-02 3.634747028350830078e+00 5.476978421211242676e-02 4.846220612525939941e-01 1.300632476806640625e+00
1.150000000000000000e+03 3.460693359375000000e-02 3.633825540542602539e+00 5.355257540941238403e-02 3.460693359375000000e-02 3.633825540542602539e+00 5.355257540941238403e-02 4.844524264335632324e-01 1.299722194671630859e+00
1.160000000000000000e+03 3.442382812500000000e-02 3.632926464080810547e+00 5.241663753986358643e-02 3.442382812500000000e-02 3.632926464080810547e+00 5.241663753986358643e-02 4.843350052833557129e-01 1.299091935157775879e+00
1.170000000000000000e+03 3.433227539062500000e-02 3.632172822952270508e+00 5.125218257308006287e-02 3.433227539062500000e-02 3.632172822952270508e+00 5.125218257308006287e-02 4.843435287475585938e-01 1.299137711524963379e+00
1.180000000000000000e+03 3.405761718750000000e-02 3.631263732910156250e+00 5.033892765641212463e-02 3.405761718750000000e-02 3.631263732910156250e+00 5.033892765641212463e-02 4.841189682483673096e-01 1.297933340072631836e+00
1.190000000000000000e+03 3.558349609375000000e-02 3.630407333374023438e+00 4.988406598567962646e-02 3.558349609375000000e-02 3.630407333374023438e+00 4.988406598567962646e-02 4.837796390056610107e-01 1.296114563941955566e+00
1.200000000000000000e+03 2.086181640625000000e-01 3.635741472244262695e+00 8.171559125185012817e-02 2.086181640625000000e-01 3.635741472244262695e+00 8.171559125185012817e-02 4.835782051086425781e-01 1.295035600662231445e+00
1.210000000000000000e+03 4.196166992187500000e-02 3.632186889648437500e+00 5.310359597206115723e-02 4.196166992187500000e-02 3.632186889648437500e+00 5.310359597206115723e-02 4.826712310314178467e-01 1.290181994438171387e+00
1.220000000000000000e+03 4.629516601562500000e-02 3.632254838943481445e+00 5.205461382865905762e-02 4.629516601562500000e-02 3.632254838943481445e+00 5.205461382865905762e-02 4.849909245967864990e-01 1.302613019943237305e+00
1.230000000000000000e+03 3.067016601562500000e-02 3.629380702972412109e+00 4.923152923583984375e-02 3.067016601562500000e-02 3.629380702972412109e+00 4.923152923583984375e-02 4.834874272346496582e-01 1.294549345970153809e+00
1.240000000000000000e+03 3.289794921875000000e-02 3.628209114074707031e+00 4.825063794851303101e-02 3.289794921875000000e-02 3.628209114074707031e+00 4.825063794851303101e-02 4.844082593917846680e-01 1.299485087394714355e+00
1.250000000000000000e+03 3.219604492187500000e-02 3.627482891082763672e+00 4.680637270212173462e-02 3.219604492187500000e-02 3.627482891082763672e+00 4.680637270212173462e-02 4.842655658721923828e-01 1.298719525337219238e+00
1.260000000000000000e+03 3.149414062500000000e-02 3.626643657684326172e+00 4.550692439079284668e-02 3.149414062500000000e-02 3.626643657684326172e+00 4.550692439079284668e-02 4.843157231807708740e-01 1.298988580703735352e+00
1.270000000000000000e+03 3.109741210937500000e-02 3.626095294952392578e+00 4.417971894145011902e-02 3.109741210937500000e-02 3.626095294952392578e+00 4.417971894145011902e-02 4.843038320541381836e-01 1.298924684524536133e+00
1.280000000000000000e+03 3.097534179687500000e-02 3.625352382659912109e+00 4.328754171729087830e-02 3.097534179687500000e-02 3.625352382659912109e+00 4.328754171729087830e-02 4.840419292449951172e-01 1.297520279884338379e+00
1.290000000000000000e+03 3.083801269531250000e-02 3.624704599380493164e+00 4.237790405750274658e-02 3.083801269531250000e-02 3.624704599380493164e+00 4.237790405750274658e-02 4.839507639408111572e-01 1.297031760215759277e+00
1.300000000000000000e+03 3.062438964843750000e-02 3.624040126800537109e+00 4.156274348497390747e-02 3.062438964843750000e-02 3.624040126800537109e+00 4.156274348497390747e-02 4.837952852249145508e-01 1.296198487281799316e+00
1.310000000000000000e+03 5.255126953125000000e-02 3.625703096389770508e+00 4.318763315677642822e-02 5.255126953125000000e-02 3.625703096389770508e+00 4.318763315677642822e-02 4.849812984466552734e-01 1.302561163902282715e+00
1.320000000000000000e+03 4.394531250000000000e-02 3.628125429153442383e+00 4.763940721750259399e-02 4.394531250000000000e-02 3.628125429153442383e+00 4.763940721750259399e-02 4.810565114021301270e-01 1.281564116477966309e+00
1.330000000000000000e+03 6.689453125000000000e-02 3.629209518432617188e+00 5.861535295844078064e-02 6.689453125000000000e-02 3.629209518432617188e+00 5.861535295844078064e-02 4.820145070552825928e-01 1.286673665046691895e+00
1.340000000000000000e+03 2.825927734375000000e-02 3.628708124160766602e+00 4.501409083604812622e-02 2.825927734375000000e-02 3.628708124160766602e+00 4.501409083604812622e-02 4.842288196086883545e-01 1.298522472381591797e+00
1.350000000000000000e+03 3.070068359375000000e-02 3.627126693725585938e+00 4.357187822461128235e-02 3.070068359375000000e-02 3.627126693725585938e+00 4.357187822461128235e-02 4.847593605518341064e-01 1.301369547843933105e+00
1.360000000000000000e+03 2.738952636718750000e-02 3.623541593551635742e+00 4.223095998167991638e-02 2.738952636718750000e-02 3.623541593551635742e+00 4.223095998167991638e-02 4.853794574737548828e-01 1.304700851440429688e+00
1.370000000000000000e+03 2.792358398437500000e-02 3.622559547424316406e+00 4.071019217371940613e-02 2.792358398437500000e-02 3.622559547424316406e+00 4.071019217371940613e-02 4.848104417324066162e-01 1.301643729209899902e+00
1.380000000000000000e+03 2.787780761718750000e-02 3.622112274169921875e+00 3.923651576042175293e-02 2.787780761718750000e-02 3.622112274169921875e+00 3.923651576042175293e-02 4.847136735916137695e-01 1.301123976707458496e+00
1.390000000000000000e+03 2.781677246093750000e-02 3.621150016784667969e+00 3.841436654329299927e-02 2.781677246093750000e-02 3.621150016784667969e+00 3.841436654329299927e-02 4.844359457492828369e-01 1.299633502960205078e+00
1.400000000000000000e+03 2.774047851562500000e-02 3.620332241058349609e+00 3.776979818940162659e-02 2.774047851562500000e-02 3.620332241058349609e+00 3.776979818940162659e-02 4.840897619724273682e-01 1.297776699066162109e+00
1.410000000000000000e+03 2.763366699218750000e-02 3.619739294052124023e+00 3.703156858682632446e-02 2.763366699218750000e-02 3.619739294052124023e+00 3.703156858682632446e-02 4.838931262493133545e-01 1.296722888946533203e+00
1.420000000000000000e+03 2.755737304687500000e-02 3.619337797164916992e+00 3.613027185201644897e-02 2.755737304687500000e-02 3.619337797164916992e+00 3.613027185201644897e-02 4.837559461593627930e-01 1.295987606048583984e+00
1.430000000000000000e+03 2.743530273437500000e-02 3.618823051452636719e+00 3.544785082340240479e-02 2.743530273437500000e-02 3.618823051452636719e+00 3.544785082340240479e-02 4.836548268795013428e-01 1.295445799827575684e+00
1.440000000000000000e+03 2.726745605468750000e-02 3.618336439132690430e+00 3.477827459573745728e-02 2.726745605468750000e-02 3.618336439132690430e+00 3.477827459573745728e-02 4.835022687911987305e-01 1.294628620147705078e+00
1.450000000000000000e+03 2.714538574218750000e-02 3.617893218994140625e+00 3.410944342613220215e-02 2.714538574218750000e-02 3.617893218994140625e+00 3.410944342613220215e-02 4.834029674530029297e-01 1.294097065925598145e+00
1.460000000000000000e+03 2.737426757812500000e-02 3.617636442184448242e+00 3.334921225905418396e-02 2.737426757812500000e-02 3.617636442184448242e+00 3.334921225905418396e-02 4.834316074848175049e-01 1.294250249862670898e+00
1.470000000000000000e+03 3.292846679687500000e-02 3.618117094039916992e+00 3.311131149530410767e-02 3.292846679687500000e-02 3.618117094039916992e+00 3.311131149530410767e-02 4.838073253631591797e-01 1.296262979507446289e+00
1.480000000000000000e+03 7.287597656250000000e-02 3.621752738952636719e+00 3.869816288352012634e-02 7.287597656250000000e-02 3.621752738952636719e+00 3.869816288352012634e-02 4.852569997310638428e-01 1.304042816162109375e+00
1.490000000000000000e+03 3.268432617187500000e-02 3.617137908935546875e+00 3.456998616456985474e-02 3.268432617187500000e-02 3.617137908935546875e+00 3.456998616456985474e-02 4.828860759735107422e-01 1.291330933570861816e+00
1.500000000000000000e+03 2.584838867187500000e-02 3.616596698760986328e+00 3.229589015245437622e-02 2.584838867187500000e-02 3.616596698760986328e+00 3.229589015245437622e-02 4.834958016872406006e-01 1.294594049453735352e+00
1.510000000000000000e+03 2.549743652343750000e-02 3.615813732147216797e+00 3.194532170891761780e-02 2.549743652343750000e-02 3.615813732147216797e+00 3.194532170891761780e-02 4.829463958740234375e-01 1.291653633117675781e+00
1.520000000000000000e+03 3.347778320312500000e-02 3.616693735122680664e+00 3.175690770149230957e-02 3.347778320312500000e-02 3.616693735122680664e+00 3.175690770149230957e-02 4.840174317359924316e-01 1.297389030456542969e+00
1.530000000000000000e+03 4.071044921875000000e-02 3.617293834686279297e+00 3.224571794271469116e-02 4.071044921875000000e-02 3.617293834686279297e+00 3.224571794271469116e-02 4.842064380645751953e-01 1.298402428627014160e+00
1.540000000000000000e+03 2.517700195312500000e-02 3.614971876144409180e+00 3.063677251338958740e-02 2.517700195312500000e-02 3.614971876144409180e+00 3.063677251338958740e-02 4.829064011573791504e-01 1.291439652442932129e+00
1.550000000000000000e+03 5.331420898437500000e-02 3.615977048873901367e+00 3.557136282324790955e-02 5.331420898437500000e-02 3.615977048873901367e+00 3.557136282324790955e-02 4.823256134986877441e-01 1.288335204124450684e+00
1.560000000000000000e+03 2.940368652343750000e-02 3.615816831588745117e+00 3.024943545460700989e-02 2.940368652343750000e-02 3.615816831588745117e+00 3.024943545460700989e-02 4.830692708492279053e-01 1.292310953140258789e+00
1.570000000000000000e+03 2.986145019531250000e-02 3.614357471466064453e+00 3.113227151334285736e-02 2.986145019531250000e-02 3.614357471466064453e+00 3.113227151334285736e-02 4.827742874622344971e-01 1.290733337402343750e+00
1.580000000000000000e+03 2.456665039062500000e-02 3.614024162292480469e+00 2.916355244815349579e-02 2.456665039062500000e-02 3.614024162292480469e+00 2.916355244815349579e-02 4.833282530307769775e-01 1.293696999549865723e+00
1.590000000000000000e+03 2.784729003906250000e-02 3.614061832427978516e+00 2.883124351501464844e-02 2.784729003906250000e-02 3.614061832427978516e+00 2.883124351501464844e-02 4.836477637290954590e-01 1.295408010482788086e+00
1.600000000000000000e+03 4.830932617187500000e-02 3.615993499755859375e+00 3.069514967501163483e-02 4.830932617187500000e-02 3.615993499755859375e+00 3.069514967501163483e-02 4.844898879528045654e-01 1.299923062324523926e+00
1.610000000000000000e+03 2.531433105468750000e-02 3.613444089889526367e+00 2.904129028320312500e-02 2.531433105468750000e-02 3.613444089889526367e+00 2.904129028320312500e-02 4.819344580173492432e-01 1.286246538162231445e+00
1.620000000000000000e+03 3.283691406250000000e-02 3.614353179931640625e+00 2.922696806490421295e-02 3.283691406250000000e-02 3.614353179931640625e+00 2.922696806490421295e-02 4.841671884059906006e-01 1.298191905021667480e+00
1.630000000000000000e+03 2.708435058593750000e-02 3.612581491470336914e+00 2.861560322344303131e-02 2.708435058593750000e-02 3.612581491470336914e+00 2.861560322344303131e-02 4.826542437076568604e-01 1.290091276168823242e+00
1.640000000000000000e+03 2.441406250000000000e-02 3.612532854080200195e+00 2.692970447242259979e-02 2.441406250000000000e-02 3.612532854080200195e+00 2.692970447242259979e-02 4.834197461605072021e-01 1.294186711311340332e+00
1.650000000000000000e+03 2.987670898437500000e-02 3.612860679626464844e+00 2.679485455155372620e-02 2.987670898437500000e-02 3.612860679626464844e+00 2.679485455155372620e-02 4.836011826992034912e-01 1.295158624649047852e+00
1.660000000000000000e+03 6.494140625000000000e-02 3.615999698638916016e+00 3.330843895673751831e-02 6.494140625000000000e-02 3.615999698638916016e+00 3.330843895673751831e-02 4.846323728561401367e-01 1.300687789916992188e+00
1.670000000000000000e+03 3.909301757812500000e-02 3.614607572555541992e+00 2.909948118031024933e-02 3.909301757812500000e-02 3.614607572555541992e+00 2.909948118031024933e-02 4.843031764030456543e-01 1.298921346664428711e+00
1.680000000000000000e+03 2.549743652343750000e-02 3.612421512603759766e+00 2.672073058784008026e-02 2.549743652343750000e-02 3.612421512603759766e+00 2.672073058784008026e-02 4.835869371891021729e-01 1.295082092285156250e+00
1.690000000000000000e+03 2.371215820312500000e-02 3.611300468444824219e+00 2.640980668365955353e-02 2.371215820312500000e-02 3.611300468444824219e+00 2.640980668365955353e-02 4.825263619422912598e-01 1.289407849311828613e+00
1.700000000000000000e+03 2.175903320312500000e-02 3.610898733139038086e+00 2.523145452141761780e-02 2.175903320312500000e-02 3.610898733139038086e+00 2.523145452141761780e-02 4.831289350986480713e-01 1.292630314826965332e+00
1.710000000000000000e+03 2.204895019531250000e-02 3.610570192337036133e+00 2.467294968664646149e-02 2.204895019531250000e-02 3.610570192337036133e+00 2.467294968664646149e-02 4.827464222908020020e-01 1.290584206581115723e+00
1.720000000000000000e+03 2.249145507812500000e-02 3.610537528991699219e+00 2.392730489373207092e-02 2.249145507812500000e-02 3.610537528991699219e+00 2.392730489373207092e-02 4.828350245952606201e-01 1.291058063507080078e+00
1.730000000000000000e+03 9.027099609375000000e-02 3.616727590560913086e+00 3.250468894839286804e-02 9.027099609375000000e-02 3.616727590560913086e+00 3.250468894839286804e-02 4.852821230888366699e-01 1.304177880287170410e+00
1.740000000000000000e+03 4.010009765625000000e-02 3.612625598907470703e+00 2.935251779854297638e-02 4.010009765625000000e-02 3.612625598907470703e+00 2.935251779854297638e-02 4.799979329109191895e-01 1.275930285453796387e+00
1.750000000000000000e+03 2.818298339843750000e-02 3.612002849578857422e+00 2.670354768633842468e-02 2.818298339843750000e-02 3.612002849578857422e+00 2.670354768633842468e-02 4.844651222229003906e-01 1.299790024757385254e+00
1.760000000000000000e+03 2.598571777343750000e-02 3.611025094985961914e+00 2.576932124793529510e-02 2.598571777343750000e-02 3.611025094985961914e+00 2.576932124793529510e-02 4.838793575763702393e-01 1.296648859977722168e+00
1.770000000000000000e+03 2.160644531250000000e-02 3.610118627548217773e+00 2.420939505100250244e-02 2.160644531250000000e-02 3.610118627548217773e+00 2.420939505100250244e-02 4.833654761314392090e-01 1.293896317481994629e+00
1.780000000000000000e+03 2.105712890625000000e-02 3.609699964523315430e+00 2.328190207481384277e-02 2.105712890625000000e-02 3.609699964523315430e+00 2.328190207481384277e-02 4.832407832145690918e-01 1.293228745460510254e+00
1.790000000000000000e+03 2.110290527343750000e-02 3.609454154968261719e+00 2.257444895803928375e-02 2.110290527343750000e-02 3.609454154968261719e+00 2.257444895803928375e-02 4.828969240188598633e-01 1.291388988494873047e+00
1.800000000000000000e+03 2.075195312500000000e-02 3.608966350555419922e+00 2.226653322577476501e-02 2.075195312500000000e-02 3.608966350555419922e+00 2.226653322577476501e-02 4.824606180191040039e-01 1.289056301116943359e+00
1.810000000000000000e+03 2.087402343750000000e-02 3.608927488327026367e+00 2.161226049065589905e-02 2.087402343750000000e-02 3.608927488327026367e+00 2.161226049065589905e-02 4.825796484947204590e-01 1.289692640304565430e+00
1.820000000000000000e+03 2.049255371093750000e-02 3.608600139617919922e+00 2.123025804758071899e-02 2.049255371093750000e-02 3.608600139617919922e+00 2.123025804758071899e-02 4.822845757007598877e-01 1.288115859031677246e+00
1.830000000000000000e+03 2.049255371093750000e-02 3.608386993408203125e+00 2.083143405616283417e-02 2.049255371093750000e-02 3.608386993408203125e+00 2.083143405616283417e-02 4.821523725986480713e-01 1.287409782409667969e+00
1.840000000000000000e+03 4.946899414062500000e-02 3.611429452896118164e+00 2.393012866377830505e-02 4.946899414062500000e-02 3.611429452896118164e+00 2.393012866377830505e-02 4.836187064647674561e-01 1.295252442359924316e+00
1.850000000000000000e+03 1.168212890625000000e-01 3.615662097930908203e+00 4.309555515646934509e-02 1.168212890625000000e-01 3.615662097930908203e+00 4.309555515646934509e-02 4.773330986499786377e-01 1.261802077293395996e+00
1.860000000000000000e+03 3.756713867187500000e-02 3.612164020538330078e+00 2.776776812970638275e-02 3.756713867187500000e-02 3.612164020538330078e+00 2.776776812970638275e-02 4.837700426578521729e-01 1.296063065528869629e+00
1.870000000000000000e+03 1.870727539062500000e-02 3.609536170959472656e+00 2.518179826438426971e-02 1.870727539062500000e-02 3.609536170959472656e+00 2.518179826438426971e-02 4.831362068653106689e-01 1.292669057846069336e+00
1.880000000000000000e+03 1.853942871093750000e-02 3.608749628067016602e+00 2.328683622181415558e-02 1.853942871093750000e-02 3.608749628067016602e+00 2.328683622181415558e-02 4.828305840492248535e-01 1.291034340858459473e+00
1.890000000000000000e+03 1.914978027343750000e-02 3.608160257339477539e+00 2.214716188609600067e-02 1.914978027343750000e-02 3.608160257339477539e+00 2.214716188609600067e-02 4.834394156932830811e-01 1.294292211532592773e+00
1.900000000000000000e+03 1.966857910156250000e-02 3.608259439468383789e+00 2.097306214272975922e-02 1.966857910156250000e-02 3.608259439468383789e+00 2.097306214272975922e-02 4.833819568157196045e-01 1.293984532356262207e+00
1.910000000000000000e+03 1.901245117187500000e-02 3.607709884643554688e+00 2.041266672313213348e-02 1.901245117187500000e-02 3.607709884643554688e+00 2.041266672313213348e-02 4.828172028064727783e-01 1.290962696075439453e+00
1.920000000000000000e+03 1.893615722656250000e-02 3.607397317886352539e+00 2.000002190470695496e-02 1.893615722656250000e-02 3.607397317886352539e+00 2.000002190470695496e-02 4.826780259609222412e-01 1.290218353271484375e+00
1.930000000000000000e+03 1.890563964843750000e-02 3.607234954833984375e+00 1.948070339858531952e-02 1.890563964843750000e-02 3.607234954833984375e+00 1.948070339858531952e-02 4.822986125946044922e-01 1.288190841674804688e+00
1.940000000000000000e+03 1.893615722656250000e-02 3.607028484344482422e+00 1.906031742691993713e-02 1.893615722656250000e-02 3.607028484344482422e+00 1.906031742691993713e-02 4.821941852569580078e-01 1.287633180618286133e+00
1.950000000000000000e+03 1.885986328125000000e-02 3.606797456741333008e+00 1.872312836349010468e-02 1.885986328125000000e-02 3.606797456741333008e+00 1.872312836349010468e-02 4.819844067096710205e-01 1.286513090133666992e+00
1.960000000000000000e+03 1.878356933593750000e-02 3.606624126434326172e+00 1.835851743817329407e-02 1.878356933593750000e-02 3.606624126434326172e+00 1.835851743817329407e-02 4.817925393581390381e-01 1.285488843917846680e+00
1.970000000000000000e+03 1.870727539062500000e-02 3.606435537338256836e+00 1.804401166737079620e-02 1.870727539062500000e-02 3.606435537338256836e+00 1.804401166737079620e-02 4.816840887069702148e-01 1.284910202026367188e+00
1.980000000000000000e+03 1.863098144531250000e-02 3.606221437454223633e+00 1.778177171945571899e-02 1.863098144531250000e-02 3.606221437454223633e+00 1.778177171945571899e-02 4.814575910568237305e-01 1.283702373504638672e+00
1.990000000000000000e+03 1.864624023437500000e-02 3.606036663055419922e+00 1.750981807708740234e-02 1.864624023437500000e-02 3.606036663055419922e+00 1.750981807708740234e-02 4.813191294670104980e-01 1.282963991165161133e+00
2.000000000000000000e+03 2.636718750000000000e-02 3.606280088424682617e+00 1.866672374308109283e-02 2.636718750000000000e-02 3.606280088424682617e+00 1.866672374308109283e-02 4.807029664516448975e-01 1.279681086540222168e+00
2.010000000000000000e+03 2.101135253906250000e-02 3.606859445571899414e+00 2.043746598064899445e-02 2.101135253906250000e-02 3.606859445571899414e+00 2.043746598064899445e-02 4.796503782272338867e-01 1.274083375930786133e+00
2.020000000000000000e+03 4.629516601562500000e-02 3.611065626144409180e+00 2.524874731898307800e-02 4.629516601562500000e-02 3.611065626144409180e+00 2.524874731898307800e-02 4.837124347686767578e-01 1.295754551887512207e+00
2.030000000000000000e+03 1.860046386718750000e-02 3.607049465179443359e+00 1.997291110455989838e-02 1.860046386718750000e-02 3.607049465179443359e+00 1.997291110455989838e-02 4.818270504474639893e-01 1.285673141479492188e+00
2.040000000000000000e+03 2.064514160156250000e-02 3.606205701828002930e+00 1.933057792484760284e-02 2.064514160156250000e-02 3.606205701828002930e+00 1.933057792484760284e-02 4.817431271076202393e-01 1.285225033760070801e+00
2.050000000000000000e+03 1.721191406250000000e-02 3.605754375457763672e+00 1.792098022997379303e-02 1.721191406250000000e-02 3.605754375457763672e+00 1.792098022997379303e-02 4.824711084365844727e-01 1.289112448692321777e+00
2.060000000000000000e+03 1.745605468750000000e-02 3.605585813522338867e+00 1.721881702542304993e-02 1.745605468750000000e-02 3.605585813522338867e+00 1.721881702542304993e-02 4.822078347206115723e-01 1.287706017494201660e+00
2.070000000000000000e+03 1.734924316406250000e-02 3.605384349822998047e+00 1.677335985004901886e-02 1.734924316406250000e-02 3.605384349822998047e+00 1.677335985004901886e-02 4.818999171257019043e-01 1.286062002182006836e+00
2.080000000000000000e+03 1.748657226562500000e-02 3.605190277099609375e+00 1.645396277308464050e-02 1.748657226562500000e-02 3.605190277099609375e+00 1.645396277308464050e-02 4.815836846828460693e-01 1.284374833106994629e+00
2.090000000000000000e+03 1.730346679687500000e-02 3.605030059814453125e+00 1.606700755655765533e-02 1.730346679687500000e-02 3.605030059814453125e+00 1.606700755655765533e-02 4.814887940883636475e-01 1.283868670463562012e+00
2.100000000000000000e+03 1.724243164062500000e-02 3.604867458343505859e+00 1.576079241931438446e-02 1.724243164062500000e-02 3.604867458343505859e+00 1.576079241931438446e-02 4.812682569026947021e-01 1.282692670822143555e+00
2.110000000000000000e+03 1.718139648437500000e-02 3.604690074920654297e+00 1.551446318626403809e-02 1.718139648437500000e-02 3.604690074920654297e+00 1.551446318626403809e-02 4.811458587646484375e-01 1.282040357589721680e+00
2.120000000000000000e+03 1.835632324218750000e-02 3.604549407958984375e+00 1.553338952362537384e-02 1.835632324218750000e-02 3.604549407958984375e+00 1.553338952362537384e-02 4.806745946407318115e-01 1.279530167579650879e+00
2.130000000000000000e+03 7.226562500000000000e-02 3.608861923217773438e+00 2.353672869503498077e-02 7.226562500000000000e-02 3.608861923217773438e+00 2.353672869503498077e-02 4.797747731208801270e-01 1.274744153022766113e+00
2.140000000000000000e+03 5.426025390625000000e-02 3.610414743423461914e+00 2.196238189935684204e-02 5.426025390625000000e-02 3.610414743423461914e+00 2.196238189935684204e-02 4.819991588592529297e-01 1.286591887474060059e+00
2.150000000000000000e+03 1.908874511718750000e-02 3.605686664581298828e+00 1.703237369656562805e-02 1.908874511718750000e-02 3.605686664581298828e+00 1.703237369656562805e-02 4.824461638927459717e-01 1.288979411125183105e+00
2.160000000000000000e+03 1.594543457031250000e-02 3.604496717453002930e+00 1.628422923386096954e-02 1.594543457031250000e-02 3.604496717453002930e+00 1.628422923386096954e-02 4.818014800548553467e-01 1.285536646842956543e+00
2.170000000000000000e+03 1.625061035156250000e-02 3.604339838027954102e+00 1.558286510407924652e-02 1.625061035156250000e-02 3.604339838027954102e+00 1.558286510407924652e-02 4.816532731056213379e-01 1.284745931625366211e+00
2.180000000000000000e+03 1.718139648437500000e-02 3.604323625564575195e+00 1.504551433026790619e-02 1.718139648437500000e-02 3.604323625564575195e+00 1.504551433026790619e-02 4.816887676715850830e-01 1.284935355186462402e+00
2.190000000000000000e+03 1.622009277343750000e-02 3.603973388671875000e+00 1.462965738028287888e-02 1.622009277343750000e-02 3.603973388671875000e+00 1.462965738028287888e-02 4.811996221542358398e-01 1.282327055931091309e+00
2.200000000000000000e+03 1.622009277343750000e-02 3.603871107101440430e+00 1.427710987627506256e-02 1.622009277343750000e-02 3.603871107101440430e+00 1.427710987627506256e-02 4.810717105865478516e-01 1.281645059585571289e+00
2.210000000000000000e+03 1.638793945312500000e-02 3.603667736053466797e+00 1.411081198602914810e-02 1.638793945312500000e-02 3.603667736053466797e+00 1.411081198602914810e-02 4.807267189025878906e-01 1.279807686805725098e+00
2.220000000000000000e+03 1.672363281250000000e-02 3.603516101837158203e+00 1.395018864423036575e-02 1.672363281250000000e-02 3.603516101837158203e+00 1.395018864423036575e-02 4.805405139923095703e-01 1.278816461563110352e+00
2.230000000000000000e+03 3.573608398437500000e-02 3.604880809783935547e+00 1.668986491858959198e-02 3.573608398437500000e-02 3.604880809783935547e+00 1.668986491858959198e-02 4.796596169471740723e-01 1.274132251739501953e+00
2.240000000000000000e+03 5.310058593750000000e-02 3.609918117523193359e+00 2.125355228781700134e-02 5.310058593750000000e-02 3.609918117523193359e+00 2.125355228781700134e-02 4.812003374099731445e-01 1.282330513000488281e+00
2.250000000000000000e+03 2.947998046875000000e-02 3.607032060623168945e+00 1.882145553827285767e-02 2.947998046875000000e-02 3.607032060623168945e+00 1.882145553827285767e-02 4.828848242759704590e-01 1.291324138641357422e+00
2.260000000000000000e+03 1.774597167968750000e-02 3.604254484176635742e+00 1.621713675558567047e-02 1.774597167968750000e-02 3.604254484176635742e+00 1.621713675558567047e-02 4.812151789665222168e-01 1.282409906387329102e+00
2.270000000000000000e+03 1.808166503906250000e-02 3.603650331497192383e+00 1.543545350432395935e-02 1.808166503906250000e-02 3.603650331497192383e+00 1.543545350432395935e-02 4.809987843036651611e-01 1.281256556510925293e+00
2.280000000000000000e+03 1.612854003906250000e-02 3.603264093399047852e+00 1.431790739297866821e-02 1.612854003906250000e-02 3.603264093399047852e+00 1.431790739297866821e-02 4.812952578067779541e-01 1.282836794853210449e+00
2.290000000000000000e+03 1.564025878906250000e-02 3.603140830993652344e+00 1.370064076036214828e-02 1.564025878906250000e-02 3.603140830993652344e+00 1.370064076036214828e-02 4.809826016426086426e-01 1.281170606613159180e+00
2.300000000000000000e+03 1.523590087890625000e-02 3.603047132492065430e+00 1.318101212382316589e-02 1.523590087890625000e-02 3.603047132492065430e+00 1.318101212382316589e-02 4.809979796409606934e-01 1.281252503395080566e+00
2.310000000000000000e+03 1.521301269531250000e-02 3.602872848510742188e+00 1.292820274829864502e-02 1.521301269531250000e-02 3.602872848510742188e+00 1.292820274829864502e-02 4.808114767074584961e-01 1.280259132385253906e+00
2.320000000000000000e+03 1.520538330078125000e-02 3.602723121643066406e+00 1.268140226602554321e-02 1.520538330078125000e-02 3.602723121643066406e+00 1.268140226602554321e-02 4.806334078311920166e-01 1.279310822486877441e+00
2.330000000000000000e+03 1.514434814453125000e-02 3.602600336074829102e+00 1.243412867188453674e-02 1.514434814453125000e-02 3.602600336074829102e+00 1.243412867188453674e-02 4.804154634475708008e-01 1.278151035308837891e+00
2.340000000000000000e+03 1.516723632812500000e-02 3.602460861206054688e+00 1.225815899670124054e-02 1.516723632812500000e-02 3.602460861206054688e+00 1.225815899670124054e-02 4.801637530326843262e-01 1.276812076568603516e+00
2.350000000000000000e+03 1.737976074218750000e-02 3.602467775344848633e+00 1.250327564775943756e-02 1.737976074218750000e-02 3.602467775344848633e+00 1.250327564775943756e-02 4.796961843967437744e-01 1.274326562881469727e+00
2.360000000000000000e+03 2.407226562500000000e-01 3.623589992523193359e+00 4.606157913804054260e-02 2.407226562500000000e-01 3.623589992523193359e+00 4.606157913804054260e-02 4.789334535598754883e-01 1.270277261734008789e+00
2.370000000000000000e+03 2.905273437500000000e-02 3.606190443038940430e+00 1.791474409401416779e-02 2.905273437500000000e-02 3.606190443038940430e+00 1.791474409401416779e-02 4.782995283603668213e-01 1.266916871070861816e+00
2.380000000000000000e+03 2.642822265625000000e-02 3.605835199356079102e+00 1.702825166285037994e-02 2.642822265625000000e-02 3.605835199356079102e+00 1.702825166285037994e-02 4.835965335369110107e-01 1.295133471488952637e+00
2.390000000000000000e+03 1.713562011718750000e-02 3.603434085845947266e+00 1.500000990927219391e-02 1.713562011718750000e-02 3.603434085845947266e+00 1.500000990927219391e-02 4.805947542190551758e-01 1.279105067253112793e+00
2.400000000000000000e+03 1.506805419921875000e-02 3.602417945861816406e+00 1.340698730200529099e-02 1.506805419921875000e-02 3.602417945861816406e+00 1.340698730200529099e-02 4.812157750129699707e-01 1.282413005828857422e+00
2.410000000000000000e+03 1.422882080078125000e-02 3.602236747741699219e+00 1.257807668298482895e-02 1.422882080078125000e-02 3.602236747741699219e+00 1.257807668298482895e-02 4.814292490482330322e-01 1.283550977706909180e+00
2.420000000000000000e+03 1.422882080078125000e-02 3.602127552032470703e+00 1.214295905083417892e-02 1.422882080078125000e-02 3.602127552032470703e+00 1.214295905083417892e-02 4.809355735778808594e-01 1.280920028686523438e+00
2.430000000000000000e+03 1.424407958984375000e-02 3.602010011672973633e+00 1.180574577301740646e-02 1.424407958984375000e-02 3.602010011672973633e+00 1.180574577301740646e-02 4.806210994720458984e-01 1.279245257377624512e+00
2.440000000000000000e+03 1.426696777343750000e-02 3.601845979690551758e+00 1.157917920500040054e-02 1.426696777343750000e-02 3.601845979690551758e+00 1.157917920500040054e-02 4.804874360561370850e-01 1.278534173965454102e+00
2.450000000000000000e+03 1.417541503906250000e-02 3.601752758026123047e+00 1.130098849534988403e-02 1.417541503906250000e-02 3.601752758026123047e+00 1.130098849534988403e-02 4.803700745105743408e-01 1.277909398078918457e+00
2.460000000000000000e+03 1.419067382812500000e-02 3.601621389389038086e+00 1.110714953392744064e-02 1.419067382812500000e-02 3.601621389389038086e+00 1.110714953392744064e-02 4.800658822059631348e-01 1.276291608810424805e+00
2.470000000000000000e+03 1.409912109375000000e-02 3.601519584655761719e+00 1.089434232562780380e-02 1.409912109375000000e-02 3.601519584655761719e+00 1.089434232562780380e-02 4.798943996429443359e-01 1.275379896163940430e+00
2.480000000000000000e+03 1.407623291015625000e-02 3.601404666900634766e+00 1.072764676064252853e-02 1.407623291015625000e-02 3.601404666900634766e+00 1.072764676064252853e-02 4.797633588314056396e-01 1.274683475494384766e+00
2.490000000000000000e+03 1.403045654296875000e-02 3.601287364959716797e+00 1.057685352861881256e-02 1.403045654296875000e-02 3.601287364959716797e+00 1.057685352861881256e-02 4.795895814895629883e-01 1.273760199546813965e+00
2.500000000000000000e+03 1.554870605468750000e-02 3.601258754730224609e+00 1.068425830453634262e-02 1.554870605468750000e-02 3.601258754730224609e+00 1.068425830453634262e-02 4.792374968528747559e-01 1.271890640258789062e+00
2.510000000000000000e+03 2.093505859375000000e-01 3.619054794311523438e+00 4.384846240282058716e-02 2.093505859375000000e-01 3.619054794311523438e+00 4.384846240282058716e-02 4.772157073020935059e-01 1.261181592941284180e+00
2.520000000000000000e+03 7.196044921875000000e-02 3.608080387115478516e+00 3.010553494095802307e-02 7.196044921875000000e-02 3.608080387115478516e+00 3.010553494095802307e-02 4.818362593650817871e-01 1.285722255706787109e+00
2.530000000000000000e+03 1.542663574218750000e-02 3.605222463607788086e+00 1.682167872786521912e-02 1.542663574218750000e-02 3.605222463607788086e+00 1.682167872786521912e-02 4.807388484477996826e-01 1.279872179031372070e+00
2.540000000000000000e+03 1.378631591796875000e-02 3.602395772933959961e+00 1.396842021495103836e-02 1.378631591796875000e-02 3.602395772933959961e+00 1.396842021495103836e-02 4.817116558551788330e-01 1.285057425498962402e+00
2.550000000000000000e+03 1.360321044921875000e-02 3.602165222167968750e+00 1.288117561489343643e-02 1.360321044921875000e-02 3.602165222167968750e+00 1.288117561489343643e-02 4.818517565727233887e-01 1.285804986953735352e+00
2.560000000000000000e+03 1.358032226562500000e-02 3.601456642150878906e+00 1.170027256011962891e-02 1.358032226562500000e-02 3.601456642150878906e+00 1.170027256011962891e-02 4.814349114894866943e-01 1.283581137657165527e+00
2.570000000000000000e+03 1.342010498046875000e-02 3.601294755935668945e+00 1.147182378917932510e-02 1.342010498046875000e-02 3.601294755935668945e+00 1.147182378917932510e-02 4.805805087089538574e-01 1.279029250144958496e+00
2.580000000000000000e+03 1.322174072265625000e-02 3.601158380508422852e+00 1.076946035027503967e-02 1.322174072265625000e-02 3.601158380508422852e+00 1.076946035027503967e-02 4.805880486965179443e-01 1.279069423675537109e+00
2.590000000000000000e+03 1.313781738281250000e-02 3.601010322570800781e+00 1.048149261623620987e-02 1.313781738281250000e-02 3.601010322570800781e+00 1.048149261623620987e-02 4.803961217403411865e-01 1.278048157691955566e+00
2.600000000000000000e+03 1.312255859375000000e-02 3.600870370864868164e+00 1.026412751525640488e-02 1.312255859375000000e-02 3.600870370864868164e+00 1.026412751525640488e-02 4.801316857337951660e-01 1.276641368865966797e+00
2.610000000000000000e+03 1.309967041015625000e-02 3.600793600082397461e+00 1.000166404992341995e-02 1.309967041015625000e-02 3.600793600082397461e+00 1.000166404992341995e-02 4.799146354198455811e-01 1.275487542152404785e+00
2.620000000000000000e+03 1.307678222656250000e-02 3.600661039352416992e+00 9.842379018664360046e-03 1.307678222656250000e-02 3.600661039352416992e+00 9.842379018664360046e-03 4.797010421752929688e-01 1.274352431297302246e+00
2.630000000000000000e+03 1.306915283203125000e-02 3.600586891174316406e+00 9.635107591748237610e-03 1.306915283203125000e-02 3.600586891174316406e+00 9.635107591748237610e-03 4.795857667922973633e-01 1.273739814758300781e+00
2.640000000000000000e+03 1.299285888671875000e-02 3.600480794906616211e+00 9.466357529163360596e-03 1.299285888671875000e-02 3.600480794906616211e+00 9.466357529163360596e-03 4.793773591518402100e-01 1.272633075714111328e+00
2.650000000000000000e+03 1.296997070312500000e-02 3.600382566452026367e+00 9.318234398961067200e-03 1.296997070312500000e-02 3.600382566452026367e+00 9.318234398961067200e-03 4.793093502521514893e-01 1.272272109985351562e+00
2.660000000000000000e+03 1.293945312500000000e-02 3.600278615951538086e+00 9.196404367685317993e-03 1.293945312500000000e-02 3.600278615951538086e+00 9.196404367685317993e-03 4.791170954704284668e-01 1.271251678466796875e+00
2.670000000000000000e+03 1.286315917968750000e-02 3.600193023681640625e+00 9.043768979609012604e-03 1.286315917968750000e-02 3.600193023681640625e+00 9.043768979609012604e-03 4.789743721485137939e-01 1.270494461059570312e+00
2.680000000000000000e+03 1.312255859375000000e-02 3.600176095962524414e+00 8.919666521251201630e-03 1.312255859375000000e-02 3.600176095962524414e+00 8.919666521251201630e-03 4.790443480014801025e-01 1.270865678787231445e+00
2.690000000000000000e+03 7.348632812500000000e-02 3.607126712799072266e+00 1.568543165922164917e-02 7.348632812500000000e-02 3.607126712799072266e+00 1.568543165922164917e-02 4.816437065601348877e-01 1.284694671630859375e+00
2.700000000000000000e+03 3.622436523437500000e-02 3.603167057037353516e+00 1.530571840703487396e-02 3.622436523437500000e-02 3.603167057037353516e+00 1.530571840703487396e-02 4.759874045848846436e-01 1.254697680473327637e+00
2.710000000000000000e+03 2.714538574218750000e-02 3.602459669113159180e+00 1.394813880324363708e-02 2.714538574218750000e-02 3.602459669113159180e+00 1.394813880324363708e-02 4.816640317440032959e-01 1.284803271293640137e+00
2.720000000000000000e+03 1.358795166015625000e-02 3.600678443908691406e+00 1.073909178376197815e-02 1.358795166015625000e-02 3.600678443908691406e+00 1.073909178376197815e-02 4.809593856334686279e-01 1.281046867370605469e+00
2.730000000000000000e+03 1.274108886718750000e-02 3.600133180618286133e+00 1.008984167128801346e-02 1.274108886718750000e-02 3.600133180618286133e+00 1.008984167128801346e-02 4.799577295780181885e-01 1.275716423988342285e+00
2.740000000000000000e+03 1.261901855468750000e-02 3.600024938583374023e+00 9.527694433927536011e-03 1.261901855468750000e-02 3.600024938583374023e+00 9.527694433927536011e-03 4.798079431056976318e-01 1.274920463562011719e+00
2.750000000000000000e+03 1.214599609375000000e-02 3.599950790405273438e+00 9.040810167789459229e-03 1.214599609375000000e-02 3.599950790405273438e+00 9.040810167789459229e-03 4.797903001308441162e-01 1.274826645851135254e+00
2.760000000000000000e+03 1.258087158203125000e-02 3.599919557571411133e+00 8.832263760268688202e-03 1.258087158203125000e-02 3.599919557571411133e+00 8.832263760268688202e-03 4.797955155372619629e-01 1.274854540824890137e+00
2.770000000000000000e+03 1.214599609375000000e-02 3.599724769592285156e+00 8.645623922348022461e-03 1.214599609375000000e-02 3.599724769592285156e+00 8.645623922348022461e-03 4.794410765171051025e-01 1.272971630096435547e+00
2.780000000000000000e+03 1.210784912109375000e-02 3.599660634994506836e+00 8.452788926661014557e-03 1.210784912109375000e-02 3.599660634994506836e+00 8.452788926661014557e-03 4.791730642318725586e-01 1.271548867225646973e+00
2.790000000000000000e+03 1.207733154296875000e-02 3.599571466445922852e+00 8.308821357786655426e-03 1.207733154296875000e-02 3.599571466445922852e+00 8.308821357786655426e-03 4.790383279323577881e-01 1.270833849906921387e+00
2.800000000000000000e+03 1.207733154296875000e-02 3.599486351013183594e+00 8.166748099029064178e-03 1.207733154296875000e-02 3.599486351013183594e+00 8.166748099029064178e-03 4.788039326667785645e-01 1.269590497016906738e+00
2.810000000000000000e+03 1.238250732421875000e-02 3.599412441253662109e+00 8.112695999443531036e-03 1.238250732421875000e-02 3.599412441253662109e+00 8.112695999443531036e-03 4.785343408584594727e-01 1.268161058425903320e+00
2.820000000000000000e+03 1.011352539062500000e-01 3.608341217041015625e+00 1.976423896849155426e-02 1.011352539062500000e-01 3.608341217041015625e+00 1.976423896849155426e-02 4.772357046604156494e-01 1.261287212371826172e+00
2.830000000000000000e+03 1.374816894531250000e-02 3.601574897766113281e+00 1.025978103280067444e-02 1.374816894531250000e-02 3.601574897766113281e+00 1.025978103280067444e-02 4.781679213047027588e-01 1.266219854354858398e+00
2.840000000000000000e+03 2.168273925781250000e-02 3.601264953613281250e+00 1.135892979800701141e-02 2.168273925781250000e-02 3.601264953613281250e+00 1.135892979800701141e-02 4.790053069591522217e-01 1.270658493041992188e+00
2.850000000000000000e+03 1.502227783203125000e-02 3.600148200988769531e+00 9.988947771489620209e-03 1.502227783203125000e-02 3.600148200988769531e+00 9.988947771489620209e-03 4.793551564216613770e-01 1.272515177726745605e+00
2.860000000000000000e+03 1.229095458984375000e-02 3.599412202835083008e+00 8.890298195183277130e-03 1.229095458984375000e-02 3.599412202835083008e+00 8.890298195183277130e-03 4.795329868793487549e-01 1.273459553718566895e+00
2.870000000000000000e+03 1.200103759765625000e-02 3.599341392517089844e+00 8.463614620268344879e-03 1.200103759765625000e-02 3.599341392517089844e+00 8.463614620268344879e-03 4.793011844158172607e-01 1.272228956222534180e+00
2.880000000000000000e+03 1.167297363281250000e-02 3.599233627319335938e+00 8.091726340353488922e-03 1.167297363281250000e-02 3.599233627319335938e+00 8.091726340353488922e-03 4.791256487369537354e-01 1.271296977996826172e+00
2.890000000000000000e+03 1.157379150390625000e-02 3.599153280258178711e+00 7.848361507058143616e-03 1.157379150390625000e-02 3.599153280258178711e+00 7.848361507058143616e-03 4.792530834674835205e-01 1.271973371505737305e+00
2.900000000000000000e+03 1.165771484375000000e-02 3.599034070968627930e+00 7.752025965601205826e-03 1.165771484375000000e-02 3.599034070968627930e+00 7.752025965601205826e-03 4.788305461406707764e-01 1.269731760025024414e+00
2.910000000000000000e+03 1.218414306640625000e-02 3.598999500274658203e+00 7.675003260374069214e-03 1.218414306640625000e-02 3.598999500274658203e+00 7.675003260374069214e-03 4.785530567169189453e-01 1.268260359764099121e+00
2.920000000000000000e+03 2.426147460937500000e-02 3.600061893463134766e+00 9.326973930001258850e-03 2.426147460937500000e-02 3.600061893463134766e+00 9.326973930001258850e-03 4.776686131954193115e-01 1.263576745986938477e+00
2.930000000000000000e+03 1.306915283203125000e-02 3.599154233932495117e+00 7.988066412508487701e-03 1.306915283203125000e-02 3.599154233932495117e+00 7.988066412508487701e-03 4.777490198612213135e-01 1.264002203941345215e+00
2.940000000000000000e+03 1.353454589843750000e-02 3.599225044250488281e+00 7.851728238165378571e-03 1.353454589843750000e-02 3.599225044250488281e+00 7.851728238165378571e-03 4.791754782199859619e-01 1.271561503410339355e+00
2.950000000000000000e+03 1.386260986328125000e-02 3.598943471908569336e+00 7.813010364770889282e-03 1.386260986328125000e-02 3.598943471908569336e+00 7.813010364770889282e-03 4.782612919807434082e-01 1.266714215278625488e+00
2.960000000000000000e+03 1.750183105468750000e-02 3.599219322204589844e+00 8.227095939218997955e-03 1.750183105468750000e-02 3.599219322204589844e+00 8.227095939218997955e-03 4.777993857860565186e-01 1.264268755912780762e+00
2.970000000000000000e+03 3.044128417968750000e-02 3.600524187088012695e+00 1.005504652857780457e-02 3.044128417968750000e-02 3.600524187088012695e+00 1.005504652857780457e-02 4.772751629352569580e-01 1.261495947837829590e+00
2.980000000000000000e+03 1.135253906250000000e-02 3.598963022232055664e+00 7.452417630702257156e-03 1.135253906250000000e-02 3.598963022232055664e+00 7.452417630702257156e-03 4.785985946655273438e-01 1.268501639366149902e+00
2.990000000000000000e+03 1.082611083984375000e-02 3.598612785339355469e+00 7.295720744878053665e-03 1.082611083984375000e-02 3.598612785339355469e+00 7.295720744878053665e-03 4.787730872631072998e-01 1.269426941871643066e+00
3.000000000000000000e+03 1.484680175781250000e-02 3.598849296569824219e+00 7.705848664045333862e-03 1.484680175781250000e-02 3.598849296569824219e+00 7.705848664045333862e-03 4.779529273509979248e-01 1.265081286430358887e+00
3.010000000000000000e+03 3.356933593750000000e-02 3.600738048553466797e+00 1.028179749846458435e-02 3.356933593750000000e-02 3.600738048553466797e+00 1.028179749846458435e-02 4.771265387535095215e-01 1.260710477828979492e+00
3.020000000000000000e+03 1.063537597656250000e-02 3.598971366882324219e+00 7.382663898169994354e-03 1.063537597656250000e-02 3.598971366882324219e+00 7.382663898169994354e-03 4.779796302318572998e-01 1.265222907066345215e+00
3.030000000000000000e+03 1.521301269531250000e-02 3.599078655242919922e+00 8.102680556476116180e-03 1.521301269531250000e-02 3.599078655242919922e+00 8.102680556476116180e-03 4.780508577823638916e-01 1.265599727630615234e+00
3.040000000000000000e+03 1.348114013671875000e-02 3.598809957504272461e+00 7.504953537136316299e-03 1.348114013671875000e-02 3.598809957504272461e+00 7.504953537136316299e-03 4.793968796730041504e-01 1.272736668586730957e+00
3.050000000000000000e+03 1.099395751953125000e-02 3.598334789276123047e+00 6.977870594710111618e-03 1.099395751953125000e-02 3.598334789276123047e+00 6.977870594710111618e-03 4.783965945243835449e-01 1.267431259155273438e+00
3.060000000000000000e+03 1.600646972656250000e-02 3.598755836486816406e+00 7.561943959444761276e-03 1.600646972656250000e-02 3.598755836486816406e+00 7.561943959444761276e-03 4.776428043842315674e-01 1.263440132141113281e+00
3.070000000000000000e+03 7.708740234375000000e-02 3.604664325714111328e+00 1.623133756220340729e-02 7.708740234375000000e-02 3.604664325714111328e+00 1.623133756220340729e-02 4.764053821563720703e-01 1.256902217864990234e+00
3.080000000000000000e+03 1.744079589843750000e-02 3.599882125854492188e+00 8.671610616147518158e-03 1.744079589843750000e-02 3.599882125854492188e+00 8.671610616147518158e-03 4.792172908782958984e-01 1.271783351898193359e+00
3.090000000000000000e+03 1.698303222656250000e-02 3.599472522735595703e+00 8.446342311799526215e-03 1.698303222656250000e-02 3.599472522735595703e+00 8.446342311799526215e-03 4.803561866283416748e-01 1.277835607528686523e+00
3.100000000000000000e+03 1.026153564453125000e-02 3.598263502120971680e+00 7.033051457256078720e-03 1.026153564453125000e-02 3.598263502120971680e+00 7.033051457256078720e-03 4.790023267269134521e-01 1.270642757415771484e+00
3.110000000000000000e+03 1.063537597656250000e-02 3.598159790039062500e+00 6.814735941588878632e-03 1.063537597656250000e-02 3.598159790039062500e+00 6.814735941588878632e-03 4.784883558750152588e-01 1.267917394638061523e+00
3.120000000000000000e+03 1.029205322265625000e-02 3.598080873489379883e+00 6.531324703246355057e-03 1.029205322265625000e-02 3.598080873489379883e+00 6.531324703246355057e-03 4.784290790557861328e-01 1.267603039741516113e+00
3.130000000000000000e+03 1.176452636718750000e-02 3.598279237747192383e+00 6.494126282632350922e-03 1.176452636718750000e-02 3.598279237747192383e+00 6.494126282632350922e-03 4.787280261516571045e-01 1.269187927246093750e+00
3.140000000000000000e+03 3.848266601562500000e-02 3.601329803466796875e+00 9.784843772649765015e-03 3.848266601562500000e-02 3.601329803466796875e+00 9.784843772649765015e-03 4.800515770912170410e-01 1.276215553283691406e+00
3.150000000000000000e+03 2.461242675781250000e-02 3.599975824356079102e+00 1.004184223711490631e-02 2.461242675781250000e-02 3.599975824356079102e+00 1.004184223711490631e-02 4.755904674530029297e-01 1.252606034278869629e+00
3.160000000000000000e+03 1.144409179687500000e-02 3.598532676696777344e+00 7.569237612187862396e-03 1.144409179687500000e-02 3.598532676696777344e+00 7.569237612187862396e-03 4.784492552280426025e-01 1.267710328102111816e+00
3.170000000000000000e+03 1.041412353515625000e-02 3.598093986511230469e+00 7.086107041686773300e-03 1.041412353515625000e-02 3.598093986511230469e+00 7.086107041686773300e-03 4.793772995471954346e-01 1.272632956504821777e+00
3.180000000000000000e+03 1.189422607421875000e-02 3.598197221755981445e+00 6.872846279293298721e-03 1.189422607421875000e-02 3.598197221755981445e+00 6.872846279293298721e-03 4.792345762252807617e-01 1.271875023841857910e+00
3.190000000000000000e+03 1.065063476562500000e-02 3.597903251647949219e+00 6.474638357758522034e-03 1.065063476562500000e-02 3.597903251647949219e+00 6.474638357758522034e-03 4.782662391662597656e-01 1.266740560531616211e+00
3.200000000000000000e+03 1.026153564453125000e-02 3.597884416580200195e+00 6.166504230350255966e-03 1.026153564453125000e-02 3.597884416580200195e+00 6.166504230350255966e-03 4.785470962524414062e-01 1.268228888511657715e+00
3.210000000000000000e+03 1.016998291015625000e-02 3.597733020782470703e+00 6.052546203136444092e-03 1.016998291015625000e-02 3.597733020782470703e+00 6.052546203136444092e-03 4.780264198780059814e-01 1.265470266342163086e+00
3.220000000000000000e+03 1.242828369140625000e-02 3.597860336303710938e+00 6.302462425082921982e-03 1.242828369140625000e-02 3.597860336303710938e+00 6.302462425082921982e-03 4.775313138961791992e-01 1.262850522994995117e+00
3.230000000000000000e+03 1.319580078125000000e-01 3.610420465469360352e+00 2.385304123163223267e-02 1.319580078125000000e-01 3.610420465469360352e+00 2.385304123163223267e-02 4.756106138229370117e-01 1.252712130546569824e+00
3.240000000000000000e+03 3.108215332031250000e-02 3.600880622863769531e+00 1.139417756348848343e-02 3.108215332031250000e-02 3.600880622863769531e+00 1.139417756348848343e-02 4.760075211524963379e-01 1.254803895950317383e+00
3.250000000000000000e+03 1.948547363281250000e-02 3.599313020706176758e+00 8.533629588782787323e-03 1.948547363281250000e-02 3.599313020706176758e+00 8.533629588782787323e-03 4.782789647579193115e-01 1.266808032989501953e+00
3.260000000000000000e+03 1.271057128906250000e-02 3.598670482635498047e+00 7.696180138736963272e-03 1.271057128906250000e-02 3.598670482635498047e+00 7.696180138736963272e-03 4.781994521617889404e-01 1.266386866569519043e+00
3.270000000000000000e+03 1.137542724609375000e-02 3.597826719284057617e+00 6.590744946151971817e-03 1.137542724609375000e-02 3.597826719284057617e+00 6.590744946151971817e-03 4.783664941787719727e-01 1.267271518707275391e+00
3.280000000000000000e+03 9.933471679687500000e-03 3.597757577896118164e+00 6.012121681123971939e-03 9.933471679687500000e-03 3.597757577896118164e+00 6.012121681123971939e-03 4.786484837532043457e-01 1.268765926361083984e+00
3.290000000000000000e+03 9.605407714843750000e-03 3.597549438476562500e+00 5.839444696903228760e-03 9.605407714843750000e-03 3.597549438476562500e+00 5.839444696903228760e-03 4.784259498119354248e-01 1.267586588859558105e+00
3.300000000000000000e+03 9.613037109375000000e-03 3.597455739974975586e+00 5.717858672142028809e-03 9.613037109375000000e-03 3.597455739974975586e+00 5.717858672142028809e-03 4.781292378902435303e-01 1.266014933586120605e+00
3.310000000000000000e+03 9.651184082031250000e-03 3.597390651702880859e+00 5.621048621833324432e-03 9.651184082031250000e-03 3.597390651702880859e+00 5.621048621833324432e-03 4.778414666652679443e-01 1.264491438865661621e+00
3.320000000000000000e+03 9.574890136718750000e-03 3.597342729568481445e+00 5.482408683747053146e-03 9.574890136718750000e-03 3.597342729568481445e+00 5.482408683747053146e-03 4.777179956436157227e-01 1.263837933540344238e+00
3.330000000000000000e+03 9.567260742187500000e-03 3.597291707992553711e+00 5.378772970288991928e-03 9.567260742187500000e-03 3.597291707992553711e+00 5.378772970288991928e-03 4.775527417659759521e-01 1.262963771820068359e+00
3.340000000000000000e+03 9.803771972656250000e-03 3.597289562225341797e+00 5.310230888426303864e-03 9.803771972656250000e-03 3.597289562225341797e+00 5.310230888426303864e-03 4.775812923908233643e-01 1.263114809989929199e+00
3.350000000000000000e+03 2.475585937500000000e-01 3.622784614562988281e+00 3.661362081766128540e-02 2.475585937500000000e-01 3.622784614562988281e+00 3.661362081766128540e-02 4.850369393825531006e-01 1.302860140800476074e+00
3.360000000000000000e+03 3.952026367187500000e-02 3.603416442871093750e+00 3.205356374382972717e-02 3.952026367187500000e-02 3.603416442871093750e+00 3.205356374382972717e-02 4.794006645679473877e-01 1.272757053375244141e+00
3.370000000000000000e+03 2.426147460937500000e-02 3.606884956359863281e+00 1.519437506794929504e-02 2.426147460937500000e-02 3.606884956359863281e+00 1.519437506794929504e-02 4.836272001266479492e-01 1.295297861099243164e+00
3.380000000000000000e+03 2.090454101562500000e-02 3.599811077117919922e+00 1.094546727836132050e-02 2.090454101562500000e-02 3.599811077117919922e+00 1.094546727836132050e-02 4.789481461048126221e-01 1.270355105400085449e+00
3.390000000000000000e+03 1.083374023437500000e-02 3.598129749298095703e+00 7.978517562150955200e-03 1.083374023437500000e-02 3.598129749298095703e+00 7.978517562150955200e-03 4.808464944362640381e-01 1.280445337295532227e+00
3.400000000000000000e+03 9.902954101562500000e-03 3.597782850265502930e+00 7.194442674517631531e-03 9.902954101562500000e-03 3.597782850265502930e+00 7.194442674517631531e-03 4.795219004154205322e-01 1.273400545120239258e+00
3.410000000000000000e+03 9.696960449218750000e-03 3.597846508026123047e+00 6.420787889510393143e-03 9.696960449218750000e-03 3.597846508026123047e+00 6.420787889510393143e-03 4.797789454460144043e-01 1.274766325950622559e+00
3.420000000000000000e+03 9.208679199218750000e-03 3.597444295883178711e+00 6.149626336991786957e-03 9.208679199218750000e-03 3.597444295883178711e+00 6.149626336991786957e-03 4.791269898414611816e-01 1.271304249763488770e+00
3.430000000000000000e+03 9.208679199218750000e-03 3.597349166870117188e+00 5.868150852620601654e-03 9.208679199218750000e-03 3.597349166870117188e+00 5.868150852620601654e-03 4.788007736206054688e-01 1.269573688507080078e+00
3.440000000000000000e+03 9.132385253906250000e-03 3.597262382507324219e+00 5.678755696862936020e-03 9.132385253906250000e-03 3.597262382507324219e+00 5.678755696862936020e-03 4.785557091236114502e-01 1.268274307250976562e+00
3.450000000000000000e+03 9.132385253906250000e-03 3.597208261489868164e+00 5.499679595232009888e-03 9.132385253906250000e-03 3.597208261489868164e+00 5.499679595232009888e-03 4.783722758293151855e-01 1.267302393913269043e+00
3.460000000000000000e+03 9.109497070312500000e-03 3.597137928009033203e+00 5.369649734348058701e-03 9.109497070312500000e-03 3.597137928009033203e+00 5.369649734348058701e-03 4.781050384044647217e-01 1.265886783599853516e+00
3.470000000000000000e+03 9.094238281250000000e-03 3.597069740295410156e+00 5.252722185105085373e-03 9.094238281250000000e-03 3.597069740295410156e+00 5.252722185105085373e-03 4.779396951198577881e-01 1.265011429786682129e+00
3.480000000000000000e+03 9.086608886718750000e-03 3.597008228302001953e+00 5.153645295649766922e-03 9.086608886718750000e-03 3.597008228302001953e+00 5.153645295649766922e-03 4.777652323246002197e-01 1.264088034629821777e+00
3.490000000000000000e+03 9.056091308593750000e-03 3.596956491470336914e+00 5.056189838796854019e-03 9.056091308593750000e-03 3.596956491470336914e+00 5.056189838796854019e-03 4.776112735271453857e-01 1.263273477554321289e+00
3.500000000000000000e+03 9.025573730468750000e-03 3.596910715103149414e+00 4.963189829140901566e-03 9.025573730468750000e-03 3.596910715103149414e+00 4.963189829140901566e-03 4.774562418460845947e-01 1.262453317642211914e+00
3.510000000000000000e+03 9.010314941406250000e-03 3.596862316131591797e+00 4.884935915470123291e-03 9.010314941406250000e-03 3.596862316131591797e+00 4.884935915470123291e-03 4.773674011230468750e-01 1.261983633041381836e+00
3.520000000000000000e+03 8.972167968750000000e-03 3.596809387207031250e+00 4.813800100237131119e-03 8.972167968750000000e-03 3.596809387207031250e+00 4.813800100237131119e-03 4.772029519081115723e-01 1.261114120483398438e+00
3.530000000000000000e+03 8.995056152343750000e-03 3.596765995025634766e+00 4.747455473989248276e-03 8.995056152343750000e-03 3.596765995025634766e+00 4.747455473989248276e-03 4.771610796451568604e-01 1.260892868041992188e+00
3.540000000000000000e+03 9.017944335937500000e-03 3.596737623214721680e+00 4.672340117394924164e-03 9.017944335937500000e-03 3.596737623214721680e+00 4.672340117394924164e-03 4.770719707012176514e-01 1.260422110557556152e+00
3.550000000000000000e+03 9.986877441406250000e-03 3.596831560134887695e+00 4.695962183177471161e-03 9.986877441406250000e-03 3.596831560134887695e+00 4.695962183177471161e-03 4.772182703018188477e-01 1.261195302009582520e+00
3.560000000000000000e+03 6.188964843750000000e-02 3.602419137954711914e+00 1.029355265200138092e-02 6.188964843750000000e-02 3.602419137954711914e+00 1.029355265200138092e-02 4.792132377624511719e-01 1.271761775016784668e+00
3.570000000000000000e+03 3.065490722656250000e-02 3.599037170410156250e+00 8.915091864764690399e-03 3.065490722656250000e-02 3.599037170410156250e+00 8.915091864764690399e-03 4.750866293907165527e-01 1.249953508377075195e+00
3.580000000000000000e+03 1.556396484375000000e-02 3.597754478454589844e+00 6.301386747509241104e-03 1.556396484375000000e-02 3.597754478454589844e+00 6.301386747509241104e-03 4.772233963012695312e-01 1.261222362518310547e+00
3.590000000000000000e+03 8.674621582031250000e-03 3.596710205078125000e+00 5.174771416932344437e-03 8.674621582031250000e-03 3.596710205078125000e+00 5.174771416932344437e-03 4.776225984096527100e-01 1.263333439826965332e+00
3.600000000000000000e+03 1.004791259765625000e-02 3.596885204315185547e+00 4.974481649696826935e-03 1.004791259765625000e-02 3.596885204315185547e+00 4.974481649696826935e-03 4.779520332813262939e-01 1.265076756477355957e+00
3.610000000000000000e+03 9.162902832031250000e-03 3.596617698669433594e+00 4.764867946505546570e-03 9.162902832031250000e-03 3.596617698669433594e+00 4.764867946505546570e-03 4.772014319896697998e-01 1.261106371879577637e+00
3.620000000000000000e+03 8.949279785156250000e-03 3.596634864807128906e+00 4.585789516568183899e-03 8.949279785156250000e-03 3.596634864807128906e+00 4.585789516568183899e-03 4.774973094463348389e-01 1.262670516967773438e+00
3.630000000000000000e+03 8.666992187500000000e-03 3.596524000167846680e+00 4.481614101678133011e-03 8.666992187500000000e-03 3.596524000167846680e+00 4.481614101678133011e-03 4.772103428840637207e-01 1.261153340339660645e+00
3.640000000000000000e+03 8.659362792968750000e-03 3.596486806869506836e+00 4.379539750516414642e-03 8.659362792968750000e-03 3.596486806869506836e+00 4.379539750516414642e-03 4.769525527954101562e-01 1.259791135787963867e+00
3.650000000000000000e+03 2.836608886718750000e-02 3.598803997039794922e+00 6.461295299232006073e-03 2.836608886718750000e-02 3.598803997039794922e+00 6.461295299232006073e-03 4.783137440681457520e-01 1.266992211341857910e+00
3.660000000000000000e+03 3.372192382812500000e-02 3.600343227386474609e+00 1.104814559221267700e-02 3.372192382812500000e-02 3.600343227386474609e+00 1.104814559221267700e-02 4.730203747749328613e-01 1.239104509353637695e+00
3.670000000000000000e+03 2.703857421875000000e-02 3.598799943923950195e+00 9.447004646062850952e-03 2.703857421875000000e-02 3.598799943923950195e+00 9.447004646062850952e-03 4.764343798160552979e-01 1.257055282592773438e+00
3.680000000000000000e+03 8.567810058593750000e-03 3.596989870071411133e+00 6.519125308841466904e-03 8.567810058593750000e-03 3.596989870071411133e+00 6.519125308841466904e-03 4.785329401493072510e-01 1.268153786659240723e+00
3.690000000000000000e+03 8.499145507812500000e-03 3.596730947494506836e+00 5.218985024839639664e-03 8.499145507812500000e-03 3.596730947494506836e+00 5.218985024839639664e-03 4.784151017665863037e-01 1.267529129981994629e+00
3.700000000000000000e+03 8.293151855468750000e-03 3.596637725830078125e+00 4.846940282732248306e-03 8.293151855468750000e-03 3.596637725830078125e+00 4.846940282732248306e-03 4.779622554779052734e-01 1.265130639076232910e+00
3.710000000000000000e+03 8.346557617187500000e-03 3.596473217010498047e+00 4.755103494971990585e-03 8.346557617187500000e-03 3.596473217010498047e+00 4.755103494971990585e-03 4.775497615337371826e-01 1.262947916984558105e+00
3.720000000000000000e+03 8.285522460937500000e-03 3.596396207809448242e+00 4.533339757472276688e-03 8.285522460937500000e-03 3.596396207809448242e+00 4.533339757472276688e-03 4.773398041725158691e-01 1.261837720870971680e+00
3.730000000000000000e+03 8.224487304687500000e-03 3.596364974975585938e+00 4.342066124081611633e-03 8.224487304687500000e-03 3.596364974975585938e+00 4.342066124081611633e-03 4.773319363594055176e-01 1.261796236038208008e+00
3.740000000000000000e+03 8.277893066406250000e-03 3.596292257308959961e+00 4.271839279681444168e-03 8.277893066406250000e-03 3.596292257308959961e+00 4.271839279681444168e-03 4.770114123821258545e-01 1.260102152824401855e+00
3.750000000000000000e+03 8.209228515625000000e-03 3.596259355545043945e+00 4.163727629929780960e-03 8.209228515625000000e-03 3.596259355545043945e+00 4.163727629929780960e-03 4.769326150417327881e-01 1.259685993194580078e+00
3.760000000000000000e+03 8.415222167968750000e-03 3.596259117126464844e+00 4.102010279893875122e-03 8.415222167968750000e-03 3.596259117126464844e+00 4.102010279893875122e-03 4.769091308116912842e-01 1.259561657905578613e+00
3.770000000000000000e+03 1.263427734375000000e-02 3.596788644790649414e+00 4.468929488211870193e-03 1.263427734375000000e-02 3.596788644790649414e+00 4.468929488211870193e-03 4.772678613662719727e-01 1.261457443237304688e+00
3.780000000000000000e+03 9.051513671875000000e-02 3.605998992919921875e+00 1.675811596214771271e-02 9.051513671875000000e-02 3.605998992919921875e+00 1.675811596214771271e-02 4.799757301807403564e-01 1.275812268257141113e+00
3.790000000000000000e+03 2.348327636718750000e-02 3.597882986068725586e+00 9.481475688517093658e-03 2.348327636718750000e-02 3.597882986068725586e+00 9.481475688517093658e-03 4.779587984085083008e-01 1.265112400054931641e+00
3.800000000000000000e+03 8.064270019531250000e-03 3.596582174301147461e+00 5.406063981354236603e-03 8.064270019531250000e-03 3.596582174301147461e+00 5.406063981354236603e-03 4.787584841251373291e-01 1.269349336624145508e+00
3.810000000000000000e+03 7.972717285156250000e-03 3.596386909484863281e+00 4.869414493441581726e-03 7.972717285156250000e-03 3.596386909484863281e+00 4.869414493441581726e-03 4.780519604682922363e-01 1.265605688095092773e+00
3.820000000000000000e+03 8.232116699218750000e-03 3.596237182617187500e+00 4.533492028713226318e-03 8.232116699218750000e-03 3.596237182617187500e+00 4.533492028713226318e-03 4.775230884552001953e-01 1.262806773185729980e+00
3.830000000000000000e+03 8.491516113281250000e-03 3.596215248107910156e+00 4.340285900980234146e-03 8.491516113281250000e-03 3.596215248107910156e+00 4.340285900980234146e-03 4.776458740234375000e-01 1.263456344604492188e+00
3.840000000000000000e+03 7.896423339843750000e-03 3.596112251281738281e+00 4.134623799473047256e-03 7.896423339843750000e-03 3.596112251281738281e+00 4.134623799473047256e-03 4.772779941558837891e-01 1.261511087417602539e+00
3.850000000000000000e+03 7.957458496093750000e-03 3.596121549606323242e+00 4.020578227937221527e-03 7.957458496093750000e-03 3.596121549606323242e+00 4.020578227937221527e-03 4.771960377693176270e-01 1.261077642440795898e+00
3.860000000000000000e+03 7.888793945312500000e-03 3.596029520034790039e+00 3.928824327886104584e-03 7.888793945312500000e-03 3.596029520034790039e+00 3.928824327886104584e-03 4.768150448799133301e-01 1.259064793586730957e+00
3.870000000000000000e+03 7.888793945312500000e-03 3.595984935760498047e+00 3.857899922877550125e-03 7.888793945312500000e-03 3.595984935760498047e+00 3.857899922877550125e-03 4.766421020030975342e-01 1.258151769638061523e+00
3.880000000000000000e+03 1.011657714843750000e-02 3.596167564392089844e+00 4.089972004294395447e-03 1.011657714843750000e-02 3.596167564392089844e+00 4.089972004294395447e-03 4.761430621147155762e-01 1.255518674850463867e+00
3.890000000000000000e+03 5.923461914062500000e-02 3.601753711700439453e+00 1.028175931423902512e-02 5.923461914062500000e-02 3.601753711700439453e+00 1.028175931423902512e-02 4.748078286647796631e-01 1.248486757278442383e+00
3.900000000000000000e+03 2.839660644531250000e-02 3.598639488220214844e+00 8.002529852092266083e-03 2.839660644531250000e-02 3.598639488220214844e+00 8.002529852092266083e-03 4.778529405593872070e-01 1.264552235603332520e+00
3.910000000000000000e+03 1.386260986328125000e-02 3.596535682678222656e+00 5.544614046812057495e-03 1.386260986328125000e-02 3.596535682678222656e+00 5.544614046812057495e-03 4.785012602806091309e-01 1.267985939979553223e+00
3.920000000000000000e+03 8.651733398437500000e-03 3.596174955368041992e+00 4.428784828633069992e-03 8.651733398437500000e-03 3.596174955368041992e+00 4.428784828633069992e-03 4.769944548606872559e-01 1.260012507438659668e+00
3.930000000000000000e+03 7.617950439453125000e-03 3.595950603485107422e+00 3.980503883212804794e-03 7.617950439453125000e-03 3.595950603485107422e+00 3.980503883212804794e-03 4.769131541252136230e-01 1.259583115577697754e+00
3.940000000000000000e+03 7.656097412109375000e-03 3.595921516418457031e+00 3.834671573713421822e-03 7.656097412109375000e-03 3.595921516418457031e+00 3.834671573713421822e-03 4.769652485847473145e-01 1.259858250617980957e+00
3.950000000000000000e+03 7.633209228515625000e-03 3.595874786376953125e+00 3.737644059583544731e-03 7.633209228515625000e-03 3.595874786376953125e+00 3.737644059583544731e-03 4.769220352172851562e-01 1.259629845619201660e+00
3.960000000000000000e+03 8.262634277343750000e-03 3.595848321914672852e+00 3.759237006306648254e-03 8.262634277343750000e-03 3.595848321914672852e+00 3.759237006306648254e-03 4.763645231723785400e-01 1.256686687469482422e+00
3.970000000000000000e+03 2.096557617187500000e-02 3.597261190414428711e+00 5.287781357765197754e-03 2.096557617187500000e-02 3.597261190414428711e+00 5.287781357765197754e-03 4.754770398139953613e-01 1.252008795738220215e+00
3.980000000000000000e+03 1.012420654296875000e-02 3.596545219421386719e+00 5.007683765143156052e-03 1.012420654296875000e-02 3.596545219421386719e+00 5.007683765143156052e-03 4.746588170528411865e-01 1.247703313827514648e+00
3.990000000000000000e+03 1.416015625000000000e-02 3.596728086471557617e+00 5.553704220801591873e-03 1.416015625000000000e-02 3.596728086471557617e+00 5.553704220801591873e-03 4.762533903121948242e-01 1.256100296974182129e+00
4.000000000000000000e+03 1.207733154296875000e-02 3.596667051315307617e+00 4.883672576397657394e-03 1.207733154296875000e-02 3.596667051315307617e+00 4.883672576397657394e-03 4.769841432571411133e-01 1.259958148002624512e+00
