# step, loss_train, loss_test, metrics_test
0.000000000000000000e+00 2.932569026947021484e+00 2.561770439147949219e+00 2.730793476104736328e+00 2.561770439147949219e+00 1.047545075416564941e+00 2.564827442169189453e+00
1.000000000000000000e+01 2.685315907001495361e-01 1.479305028915405273e+00 2.910851240158081055e-01 1.479305028915405273e+00 7.962043881416320801e-01 1.481705427169799805e+00
2.000000000000000000e+01 1.628721952438354492e-01 1.068906784057617188e+00 3.644510209560394287e-01 1.068906784057617188e+00 6.767776012420654297e-01 1.070544362068176270e+00
3.000000000000000000e+01 8.416569232940673828e-02 7.750121951103210449e-01 3.954773545265197754e-01 7.750121951103210449e-01 5.763281583786010742e-01 7.763407230377197266e-01
4.000000000000000000e+01 6.614056229591369629e-02 5.278639197349548340e-01 7.379012703895568848e-01 5.278639197349548340e-01 4.756085872650146484e-01 5.287033915519714355e-01
5.000000000000000000e+01 3.973149880766868591e-02 3.462747931480407715e-01 9.837534427642822266e-01 3.462747931480407715e-01 3.851795792579650879e-01 3.467682600021362305e-01
6.000000000000000000e+01 3.511725366115570068e-02 1.789163202047348022e-01 1.494762063026428223e+00 1.789163202047348022e-01 2.766833901405334473e-01 1.789282262325286865e-01
7.000000000000000000e+01 2.771743945777416229e-02 8.131100982427597046e-02 2.147682905197143555e+00 8.131100982427597046e-02 1.858332604169845581e-01 8.071600645780563354e-02
8.000000000000000000e+01 2.627734467387199402e-02 5.866989493370056152e-02 2.517639636993408203e+00 5.866989493370056152e-02 1.572979241609573364e-01 5.783073604106903076e-02
9.000000000000000000e+01 1.373745873570442200e-02 4.734968394041061401e-02 2.365735769271850586e+00 4.734968394041061401e-02 1.414733082056045532e-01 4.678017646074295044e-02
1.000000000000000000e+02 9.918255731463432312e-03 3.592247515916824341e-02 2.290908336639404297e+00 3.592247515916824341e-02 1.234512850642204285e-01 3.562082722783088684e-02
1.100000000000000000e+02 8.383632637560367584e-03 2.832719124853610992e-02 2.405466079711914062e+00 2.832719124853610992e-02 1.096945032477378845e-01 2.812434919178485870e-02
1.200000000000000000e+02 7.862743921577930450e-03 2.399103716015815735e-02 2.535544633865356445e+00 2.399103716015815735e-02 1.011524349451065063e-01 2.391472831368446350e-02
1.300000000000000000e+02 7.054279558360576630e-03 2.134574577212333679e-02 2.529688835144042969e+00 2.134574577212333679e-02 9.571503102779388428e-02 2.141277864575386047e-02
1.400000000000000000e+02 6.055605597794055939e-03 1.937434449791908264e-02 2.515281915664672852e+00 1.937434449791908264e-02 9.135519713163375854e-02 1.950649358332157135e-02
1.500000000000000000e+02 5.418906453996896744e-03 1.749405451118946075e-02 2.500705003738403320e+00 1.749405451118946075e-02 8.697132766246795654e-02 1.767929457128047943e-02
1.600000000000000000e+02 4.997630137950181961e-03 1.581512391567230225e-02 2.495795011520385742e+00 1.581512391567230225e-02 8.287600427865982056e-02 1.605352200567722321e-02
1.700000000000000000e+02 4.636301193386316299e-03 1.437732018530368805e-02 2.491215944290161133e+00 1.437732018530368805e-02 7.921332865953445435e-02 1.466592028737068176e-02
1.800000000000000000e+02 4.264303483068943024e-03 1.321805175393819809e-02 2.491081714630126953e+00 1.321805175393819809e-02 7.611192017793655396e-02 1.353998202830553055e-02
1.900000000000000000e+02 3.920841962099075317e-03 1.225166954100131989e-02 2.482187271118164062e+00 1.225166954100131989e-02 7.340956479310989380e-02 1.259557623416185379e-02
2.000000000000000000e+02 3.620446892455220222e-03 1.142079662531614304e-02 2.468520641326904297e+00 1.142079662531614304e-02 7.098355144262313843e-02 1.177682261914014816e-02
2.100000000000000000e+02 3.357932902872562408e-03 1.070004887878894806e-02 2.453327178955078125e+00 1.070004887878894806e-02 6.879240274429321289e-02 1.106098387390375137e-02
2.200000000000000000e+02 3.126071533188223839e-03 1.006900239735841751e-02 2.436311483383178711e+00 1.006900239735841751e-02 6.680326163768768311e-02 1.043056976050138474e-02
2.300000000000000000e+02 2.917380537837743759e-03 9.515813551843166351e-03 2.417604684829711914e+00 9.515813551843166351e-03 6.499946117401123047e-02 9.874891489744186401e-03
2.400000000000000000e+02 2.732056193053722382e-03 9.021298028528690338e-03 2.397744417190551758e+00 9.021298028528690338e-03 6.333363801240921021e-02 9.375222958624362946e-03
2.500000000000000000e+02 2.567297080531716347e-03 8.577194064855575562e-03 2.377148151397705078e+00 8.577194064855575562e-03 6.179121136665344238e-02 8.924135938286781311e-03
2.600000000000000000e+02 2.420731587335467339e-03 8.173241280019283295e-03 2.355992317199707031e+00 8.173241280019283295e-03 6.034770235419273376e-02 8.512050844728946686e-03
2.700000000000000000e+02 2.286967355757951736e-03 7.805696688592433929e-03 2.334588527679443359e+00 7.805696688592433929e-03 5.899901315569877625e-02 8.135836571455001831e-03
2.800000000000000000e+02 2.166797872632741928e-03 7.470001000910997391e-03 2.313282966613769531e+00 7.470001000910997391e-03 5.773480236530303955e-02 7.790909614413976669e-03
2.900000000000000000e+02 2.056733472272753716e-03 7.162198424339294434e-03 2.292234182357788086e+00 7.162198424339294434e-03 5.654768645763397217e-02 7.473816629499197006e-03
3.000000000000000000e+02 1.955533865839242935e-03 6.878443527966737747e-03 2.271391630172729492e+00 6.878443527966737747e-03 5.542912334203720093e-02 7.181064691394567490e-03
3.100000000000000000e+02 1.862480770796537399e-03 6.616548635065555573e-03 2.250843763351440430e+00 6.616548635065555573e-03 5.437269061803817749e-02 6.909943185746669769e-03
3.200000000000000000e+02 1.776487915776669979e-03 6.374213378876447678e-03 2.230811119079589844e+00 6.374213378876447678e-03 5.337472632527351379e-02 6.658616941422224045e-03
3.300000000000000000e+02 1.697239466011524200e-03 6.149978376924991608e-03 2.211234092712402344e+00 6.149978376924991608e-03 5.243245512247085571e-02 6.425593048334121704e-03
3.400000000000000000e+02 1.622387208044528961e-03 5.940707400441169739e-03 2.192095041275024414e+00 5.940707400441169739e-03 5.153679475188255310e-02 6.207940634340047836e-03
3.500000000000000000e+02 1.552629517391324043e-03 5.745963659137487411e-03 2.173607110977172852e+00 5.745963659137487411e-03 5.068819969892501831e-02 6.005186587572097778e-03
3.600000000000000000e+02 1.487786648795008659e-03 5.564181599766016006e-03 2.155398130416870117e+00 5.564181599766016006e-03 4.988146573305130005e-02 5.815554875880479813e-03
3.700000000000000000e+02 1.426165574230253696e-03 5.394998006522655487e-03 2.137857437133789062e+00 5.394998006522655487e-03 4.911809414625167847e-02 5.638917442411184311e-03
3.800000000000000000e+02 1.368941855616867542e-03 5.236691795289516449e-03 2.120856285095214844e+00 5.236691795289516449e-03 4.839166626334190369e-02 5.473358090966939926e-03
3.900000000000000000e+02 1.314302557148039341e-03 5.088130012154579163e-03 2.104332208633422852e+00 5.088130012154579163e-03 4.769952222704887390e-02 5.317907314747571945e-03
4.000000000000000000e+02 1.263033598661422729e-03 4.948410205543041229e-03 2.088186264038085938e+00 4.948410205543041229e-03 4.703887552022933960e-02 5.171619821339845657e-03
4.100000000000000000e+02 1.214402960613369942e-03 4.818126093596220016e-03 2.072899341583251953e+00 4.818126093596220016e-03 4.641339182853698730e-02 5.034998524934053421e-03
4.200000000000000000e+02 1.168886316008865833e-03 4.694285336881875992e-03 2.057884931564331055e+00 4.694285336881875992e-03 4.581063613295555115e-02 4.905072506517171860e-03
4.300000000000000000e+02 1.124733011238276958e-03 4.579393193125724792e-03 2.043598175048828125e+00 4.579393193125724792e-03 4.524403437972068787e-02 4.784486722201108932e-03
4.400000000000000000e+02 1.083308481611311436e-03 4.469965118914842606e-03 2.029673576354980469e+00 4.469965118914842606e-03 4.469780623912811279e-02 4.669658839702606201e-03
4.500000000000000000e+02 1.043880823999643326e-03 4.367910791188478470e-03 2.016579866409301758e+00 4.367910791188478470e-03 4.418131336569786072e-02 4.562365356832742691e-03
4.600000000000000000e+02 1.006409409455955029e-03 4.270552191883325577e-03 2.003554105758666992e+00 4.270552191883325577e-03 4.368327558040618896e-02 4.460084717720746994e-03
4.700000000000000000e+02 9.706312557682394981e-04 4.179313313215970993e-03 1.991074085235595703e+00 4.179313313215970993e-03 4.321061074733734131e-02 4.364088177680969238e-03
4.800000000000000000e+02 9.364234283566474915e-04 4.092900548130273819e-03 1.979135870933532715e+00 4.092900548130273819e-03 4.275843128561973572e-02 4.273229744285345078e-03
4.900000000000000000e+02 9.039798169396817684e-04 4.011187236756086349e-03 1.967738628387451172e+00 4.011187236756086349e-03 4.232644289731979370e-02 4.187320824712514877e-03
5.000000000000000000e+02 8.729101391509175301e-04 3.933651372790336609e-03 1.956622362136840820e+00 3.933651372790336609e-03 4.191207140684127808e-02 4.105736501514911652e-03
5.100000000000000000e+02 8.434294722974300385e-04 3.860224038362503052e-03 1.945927500724792480e+00 3.860224038362503052e-03 4.151604324579238892e-02 4.028511699289083481e-03
5.200000000000000000e+02 8.150024805217981339e-04 3.791208378970623016e-03 1.935953021049499512e+00 3.791208378970623016e-03 4.113968834280967712e-02 3.955804277211427689e-03
5.300000000000000000e+02 7.879125769250094891e-04 3.724908689036965370e-03 1.926073074340820312e+00 3.724908689036965370e-03 4.077579826116561890e-02 3.886133432388305664e-03
5.400000000000000000e+02 7.621105178259313107e-04 3.662246977910399437e-03 1.916594624519348145e+00 3.662246977910399437e-03 4.042838141322135925e-02 3.820194164291024208e-03
5.500000000000000000e+02 7.372136460617184639e-04 3.603291930630803108e-03 1.907646536827087402e+00 3.603291930630803108e-03 4.009932279586791992e-02 3.758260747417807579e-03
5.600000000000000000e+02 7.137194625101983547e-04 3.546447958797216415e-03 1.898783683776855469e+00 3.546447958797216415e-03 3.977915644645690918e-02 3.698484972119331360e-03
5.700000000000000000e+02 6.909507792443037033e-04 3.492972580716013908e-03 1.890498399734497070e+00 3.492972580716013908e-03 3.947555273771286011e-02 3.642244962975382805e-03
5.800000000000000000e+02 6.692915339954197407e-04 3.442039247602224350e-03 1.882728338241577148e+00 3.442039247602224350e-03 3.918499127030372620e-02 3.588824532926082611e-03
5.900000000000000000e+02 6.485946360044181347e-04 3.393490100279450417e-03 1.874925851821899414e+00 3.393490100279450417e-03 3.890551626682281494e-02 3.537814365699887276e-03
6.000000000000000000e+02 6.289569428190588951e-04 3.347247140482068062e-03 1.867682456970214844e+00 3.347247140482068062e-03 3.863773867487907410e-02 3.489282215014100075e-03
6.100000000000000000e+02 6.099379388615489006e-04 3.302926663309335709e-03 1.860475897789001465e+00 3.302926663309335709e-03 3.837965428829193115e-02 3.442824352532625198e-03
6.200000000000000000e+02 5.917167873121798038e-04 3.261248813942074776e-03 1.853716611862182617e+00 3.261248813942074776e-03 3.813534602522850037e-02 3.399132983759045601e-03
6.300000000000000000e+02 5.742643261328339577e-04 3.221259685233235359e-03 1.847313165664672852e+00 3.221259685233235359e-03 3.789993748068809509e-02 3.357297042384743690e-03
6.400000000000000000e+02 5.578075652010738850e-04 3.182775340974330902e-03 1.841051816940307617e+00 3.182775340974330902e-03 3.767189756035804749e-02 3.317017341032624245e-03
6.500000000000000000e+02 5.419770022854208946e-04 3.146462608128786087e-03 1.835037946701049805e+00 3.146462608128786087e-03 3.745564073324203491e-02 3.279044060036540031e-03
6.600000000000000000e+02 5.267343949526548386e-04 3.111784579232335091e-03 1.829397439956665039e+00 3.111784579232335091e-03 3.724823147058486938e-02 3.242829116061329842e-03
6.700000000000000000e+02 5.122938309796154499e-04 3.078523557633161545e-03 1.823826789855957031e+00 3.078523557633161545e-03 3.704839572310447693e-02 3.208128036931157112e-03
6.800000000000000000e+02 4.984695115126669407e-04 3.046676050871610641e-03 1.818600893020629883e+00 3.046676050871610641e-03 3.685614466667175293e-02 3.174917306751012802e-03
6.900000000000000000e+02 4.850638506468385458e-04 3.016434842720627785e-03 1.813498377799987793e+00 3.016434842720627785e-03 3.667321056127548218e-02 3.143479349091649055e-03
7.000000000000000000e+02 4.724738828372210264e-04 2.987288171425461769e-03 1.808675885200500488e+00 2.987288171425461769e-03 3.649621829390525818e-02 3.113210666924715042e-03
7.100000000000000000e+02 4.603747802320867777e-04 2.959441160783171654e-03 1.803989291191101074e+00 2.959441160783171654e-03 3.632572293281555176e-02 3.084191353991627693e-03
7.200000000000000000e+02 4.488852573558688164e-04 2.932901261374354362e-03 1.799399256706237793e+00 2.932901261374354362e-03 3.616338968276977539e-02 3.056687302887439728e-03
7.300000000000000000e+02 4.378305748105049133e-04 2.907404676079750061e-03 1.795103311538696289e+00 2.907404676079750061e-03 3.600725159049034119e-02 3.030349034816026688e-03
7.400000000000000000e+02 4.272311343811452389e-04 2.882810309529304504e-03 1.790788412094116211e+00 2.882810309529304504e-03 3.585543483495712280e-02 3.004849189892411232e-03
7.500000000000000000e+02 4.171355394646525383e-04 2.859431784600019455e-03 1.787094593048095703e+00 2.859431784600019455e-03 3.571177273988723755e-02 2.980818739160895348e-03
7.600000000000000000e+02 4.073595337104052305e-04 2.836922416463494301e-03 1.783121705055236816e+00 2.836922416463494301e-03 3.557253628969192505e-02 2.957620657980442047e-03
7.700000000000000000e+02 3.983534988947212696e-04 2.815321320667862892e-03 1.779451370239257812e+00 2.815321320667862892e-03 3.543883562088012695e-02 2.935429336503148079e-03
7.800000000000000000e+02 3.896761336363852024e-04 2.794403349980711937e-03 1.775770187377929688e+00 2.794403349980711937e-03 3.530900180339813232e-02 2.913960488513112068e-03
7.900000000000000000e+02 3.811385249719023705e-04 2.774538239464163780e-03 1.772389054298400879e+00 2.774538239464163780e-03 3.518551215529441833e-02 2.893613884225487709e-03
8.000000000000000000e+02 3.732836921699345112e-04 2.755151828750967979e-03 1.769025921821594238e+00 2.755151828750967979e-03 3.506483882665634155e-02 2.873799530789256096e-03
8.100000000000000000e+02 3.656634944491088390e-04 2.736649243161082268e-03 1.765895485877990723e+00 2.736649243161082268e-03 3.494975715875625610e-02 2.854967489838600159e-03
8.200000000000000000e+02 3.583497018553316593e-04 2.718770643696188927e-03 1.762784600257873535e+00 2.718770643696188927e-03 3.483774140477180481e-02 2.836695639416575432e-03
8.300000000000000000e+02 3.513638512231409550e-04 2.701428253203630447e-03 1.759801149368286133e+00 2.701428253203630447e-03 3.472938016057014465e-02 2.819075947627425194e-03
8.400000000000000000e+02 3.446269256528466940e-04 2.684851875528693199e-03 1.756993293762207031e+00 2.684851875528693199e-03 3.462625667452812195e-02 2.802358940243721008e-03
8.500000000000000000e+02 3.384224837645888329e-04 2.668649889528751373e-03 1.754288196563720703e+00 2.668649889528751373e-03 3.452476859092712402e-02 2.785956719890236855e-03
8.600000000000000000e+02 3.323793644085526466e-04 2.652989933267235756e-03 1.751583814620971680e+00 2.652989933267235756e-03 3.442638367414474487e-02 2.770100254565477371e-03
8.700000000000000000e+02 3.265917475800961256e-04 2.637904835864901543e-03 1.749138474464416504e+00 2.637904835864901543e-03 3.433178365230560303e-02 2.754897344857454300e-03
8.800000000000000000e+02 3.210834402125328779e-04 2.623056527227163315e-03 1.746606111526489258e+00 2.623056527227163315e-03 3.423906117677688599e-02 2.740037394687533379e-03
8.900000000000000000e+02 3.158268518745899200e-04 2.608874812722206116e-03 1.744161486625671387e+00 2.608874812722206116e-03 3.415026143193244934e-02 2.725842874497175217e-03
9.000000000000000000e+02 3.108191594947129488e-04 2.594937104731798172e-03 1.742148876190185547e+00 2.594937104731798172e-03 3.406289964914321899e-02 2.711914014071226120e-03
9.100000000000000000e+02 3.060121089220046997e-04 2.581502543762326241e-03 1.739720225334167480e+00 2.581502543762326241e-03 3.397865593433380127e-02 2.698516938835382462e-03
9.200000000000000000e+02 3.014558460563421249e-04 2.568250987678766251e-03 1.737615823745727539e+00 2.568250987678766251e-03 3.389486670494079590e-02 2.685224637389183044e-03
9.300000000000000000e+02 2.969839842990040779e-04 2.555458806455135345e-03 1.735597729682922363e+00 2.555458806455135345e-03 3.381498157978057861e-02 2.672582399100065231e-03
9.400000000000000000e+02 2.927375608123838902e-04 2.542899223044514656e-03 1.733525395393371582e+00 2.542899223044514656e-03 3.373597934842109680e-02 2.660108730196952820e-03
9.500000000000000000e+02 2.887630253098905087e-04 2.530580153688788414e-03 1.731712341308593750e+00 2.530580153688788414e-03 3.365854918956756592e-02 2.647911896929144859e-03
9.600000000000000000e+02 2.848697185982018709e-04 2.518573775887489319e-03 1.729972481727600098e+00 2.518573775887489319e-03 3.358317166566848755e-02 2.636065240949392319e-03
9.700000000000000000e+02 2.811155281960964203e-04 2.506805816665291786e-03 1.728203654289245605e+00 2.506805816665291786e-03 3.350860998034477234e-02 2.624373184517025948e-03
9.800000000000000000e+02 2.776147739496082067e-04 2.495292341336607933e-03 1.726446866989135742e+00 2.495292341336607933e-03 3.343626111745834351e-02 2.613052492961287498e-03
9.900000000000000000e+02 2.742565993685275316e-04 2.483790973201394081e-03 1.724874377250671387e+00 2.483790973201394081e-03 3.336342051625251770e-02 2.601680113002657890e-03
1.000000000000000000e+03 2.710055850911885500e-04 2.472686348482966423e-03 1.723324060440063477e+00 2.472686348482966423e-03 3.329350426793098450e-02 2.590787597000598907e-03
1.010000000000000000e+03 2.677736629266291857e-04 2.461819676682353020e-03 1.721961975097656250e+00 2.461819676682353020e-03 3.322499245405197144e-02 2.580135362222790718e-03
1.020000000000000000e+03 2.648178196977823973e-04 2.450933912768959999e-03 1.720521807670593262e+00 2.450933912768959999e-03 3.315595164895057678e-02 2.569423755630850792e-03
1.030000000000000000e+03 2.619317965582013130e-04 2.440307289361953735e-03 1.719141721725463867e+00 2.440307289361953735e-03 3.308925032615661621e-02 2.559096319600939751e-03
1.040000000000000000e+03 2.591089869383722544e-04 2.429828746244311333e-03 1.717986106872558594e+00 2.429828746244311333e-03 3.302262723445892334e-02 2.548801479861140251e-03
1.050000000000000000e+03 2.564697351772338152e-04 2.419418888166546822e-03 1.716687440872192383e+00 2.419418888166546822e-03 3.295693174004554749e-02 2.538669854402542114e-03
1.060000000000000000e+03 2.539227716624736786e-04 2.409195993095636368e-03 1.715457558631896973e+00 2.409195993095636368e-03 3.289172425866127014e-02 2.528634620830416679e-03
1.070000000000000000e+03 2.515249943826347589e-04 2.399028977379202843e-03 1.714510083198547363e+00 2.399028977379202843e-03 3.282732889056205750e-02 2.518742578104138374e-03
1.080000000000000000e+03 2.490939223207533360e-04 2.389020053669810295e-03 1.713426589965820312e+00 2.389020053669810295e-03 3.276354819536209106e-02 2.508965088054537773e-03
1.090000000000000000e+03 2.468420716468244791e-04 2.379142446443438530e-03 1.712350130081176758e+00 2.379142446443438530e-03 3.270047903060913086e-02 2.499315422028303146e-03
1.100000000000000000e+03 2.447122242301702499e-04 2.369251567870378494e-03 1.711593866348266602e+00 2.369251567870378494e-03 3.263775631785392761e-02 2.489736303687095642e-03
1.110000000000000000e+03 2.426131832180544734e-04 2.359558595344424248e-03 1.710663676261901855e+00 2.359558595344424248e-03 3.257559612393379211e-02 2.480261726304888725e-03
1.120000000000000000e+03 2.406120474915951490e-04 2.349834190681576729e-03 1.709927082061767578e+00 2.349834190681576729e-03 3.251337260007858276e-02 2.470795297995209694e-03
1.130000000000000000e+03 2.386640699114650488e-04 2.340233884751796722e-03 1.709085345268249512e+00 2.340233884751796722e-03 3.245206549763679504e-02 2.461486496031284332e-03
1.140000000000000000e+03 2.368060668231919408e-04 2.330659190192818642e-03 1.708458304405212402e+00 2.330659190192818642e-03 3.239028155803680420e-02 2.452122280374169350e-03
1.150000000000000000e+03 2.350538998143747449e-04 2.321160631254315376e-03 1.707882881164550781e+00 2.321160631254315376e-03 3.232939541339874268e-02 2.442912431433796883e-03
1.160000000000000000e+03 2.332949516130611300e-04 2.311695134267210960e-03 1.707314252853393555e+00 2.311695134267210960e-03 3.226868063211441040e-02 2.433745423331856728e-03
1.170000000000000000e+03 2.316863683518022299e-04 2.302315784618258476e-03 1.706712961196899414e+00 2.302315784618258476e-03 3.220773488283157349e-02 2.424561185762286186e-03
1.180000000000000000e+03 2.301434287801384926e-04 2.292898716405034065e-03 1.706226587295532227e+00 2.292898716405034065e-03 3.214667737483978271e-02 2.415376715362071991e-03
1.190000000000000000e+03 2.285677619511261582e-04 2.283608075231313705e-03 1.705830216407775879e+00 2.283608075231313705e-03 3.208731859922409058e-02 2.406464889645576477e-03
1.200000000000000000e+03 2.271863049827516079e-04 2.274203114211559296e-03 1.705263376235961914e+00 2.274203114211559296e-03 3.202530741691589355e-02 2.397173317149281502e-03
1.210000000000000000e+03 2.258104213979095221e-04 2.264909213408827782e-03 1.705076694488525391e+00 2.264909213408827782e-03 3.196512162685394287e-02 2.388171618804335594e-03
1.220000000000000000e+03 2.244956558570265770e-04 2.255578059703111649e-03 1.704842567443847656e+00 2.255578059703111649e-03 3.190425038337707520e-02 2.379084471613168716e-03
1.230000000000000000e+03 2.232214610558003187e-04 2.246397314593195915e-03 1.704520821571350098e+00 2.246397314593195915e-03 3.184412792325019836e-02 2.370126079767942429e-03
1.240000000000000000e+03 2.219823363702744246e-04 2.237023552879691124e-03 1.704264998435974121e+00 2.237023552879691124e-03 3.178291395306587219e-02 2.361022634431719780e-03
1.250000000000000000e+03 2.208830846939235926e-04 2.227738965302705765e-03 1.704145312309265137e+00 2.227738965302705765e-03 3.172156587243080139e-02 2.351917326450347900e-03
1.260000000000000000e+03 2.197254216298460960e-04 2.218416426330804825e-03 1.704165816307067871e+00 2.218416426330804825e-03 3.166040405631065369e-02 2.342856489121913910e-03
1.270000000000000000e+03 2.187326754210516810e-04 2.209055935963988304e-03 1.703909516334533691e+00 2.209055935963988304e-03 3.159874305129051208e-02 2.333739772439002991e-03
1.280000000000000000e+03 2.177486021537333727e-04 2.199681475758552551e-03 1.703931212425231934e+00 2.199681475758552551e-03 3.153682872653007507e-02 2.324603032320737839e-03
1.290000000000000000e+03 2.167950442526489496e-04 2.190294209867715836e-03 1.704022049903869629e+00 2.190294209867715836e-03 3.147417306900024414e-02 2.315375022590160370e-03
1.300000000000000000e+03 2.158431307179853320e-04 2.180919749662280083e-03 1.703950405120849609e+00 2.180919749662280083e-03 3.141196444630622864e-02 2.306231763213872910e-03
1.310000000000000000e+03 2.150495274690911174e-04 2.171418396756052971e-03 1.704140424728393555e+00 2.171418396756052971e-03 3.134867548942565918e-02 2.296948106959462166e-03
1.320000000000000000e+03 2.142011362593621016e-04 2.161941723898053169e-03 1.704283475875854492e+00 2.161941723898053169e-03 3.128527477383613586e-02 2.287666546180844307e-03
1.330000000000000000e+03 2.135017275577411056e-04 2.152294851839542389e-03 1.704406619071960449e+00 2.152294851839542389e-03 3.122032061219215393e-02 2.278176834806799889e-03
1.340000000000000000e+03 2.128403575625270605e-04 2.142646117135882378e-03 1.704601645469665527e+00 2.142646117135882378e-03 3.115530684590339661e-02 2.268698764964938164e-03
1.350000000000000000e+03 2.120892750099301338e-04 2.132984576746821404e-03 1.704806804656982422e+00 2.132984576746821404e-03 3.109050355851650238e-02 2.259270986542105675e-03
1.360000000000000000e+03 2.114571689162403345e-04 2.123206388205289841e-03 1.705073833465576172e+00 2.123206388205289841e-03 3.102395310997962952e-02 2.249608747661113739e-03
1.370000000000000000e+03 2.108748303726315498e-04 2.113331807777285576e-03 1.705490231513977051e+00 2.113331807777285576e-03 3.095751442015171051e-02 2.239984227344393730e-03
1.380000000000000000e+03 2.103582955896854401e-04 2.103388542309403419e-03 1.705667853355407715e+00 2.103388542309403419e-03 3.088928386569023132e-02 2.230120822787284851e-03
1.390000000000000000e+03 2.098655822919681668e-04 2.093307208269834518e-03 1.706171512603759766e+00 2.093307208269834518e-03 3.082057647407054901e-02 2.220211084932088852e-03
1.400000000000000000e+03 2.094320370815694332e-04 2.083155093714594841e-03 1.706619262695312500e+00 2.083155093714594841e-03 3.075098246335983276e-02 2.210195874795317650e-03
1.410000000000000000e+03 2.089429326588287950e-04 2.072983421385288239e-03 1.707240581512451172e+00 2.072983421385288239e-03 3.068106248974800110e-02 2.200156450271606445e-03
1.420000000000000000e+03 2.085600572172552347e-04 2.062572399154305458e-03 1.707706093788146973e+00 2.062572399154305458e-03 3.060911968350410461e-02 2.189849968999624252e-03
1.430000000000000000e+03 2.082041610265150666e-04 2.052100840955972672e-03 1.708207368850708008e+00 2.052100840955972672e-03 3.053696453571319580e-02 2.179538132622838020e-03
1.440000000000000000e+03 2.080190606648102403e-04 2.041335916146636009e-03 1.708770871162414551e+00 2.041335916146636009e-03 3.046177700161933899e-02 2.168818842619657516e-03
1.450000000000000000e+03 2.077573735732585192e-04 2.030544914305210114e-03 1.709358215332031250e+00 2.030544914305210114e-03 3.038620948791503906e-02 2.158071147277951241e-03
1.460000000000000000e+03 2.074716176139190793e-04 2.019629348069429398e-03 1.710078239440917969e+00 2.019629348069429398e-03 3.031044080853462219e-02 2.147322520613670349e-03
1.470000000000000000e+03 2.072509523713961244e-04 2.008587820455431938e-03 1.710709810256958008e+00 2.008587820455431938e-03 3.023248352110385895e-02 2.136291237547993660e-03
1.480000000000000000e+03 2.071151684504002333e-04 1.997278770431876183e-03 1.711636543273925781e+00 1.997278770431876183e-03 3.015301190316677094e-02 2.125074388459324837e-03
1.490000000000000000e+03 2.071262133540585637e-04 1.985714770853519440e-03 1.712353587150573730e+00 1.985714770853519440e-03 3.007075190544128418e-02 2.113495720550417900e-03
1.500000000000000000e+03 2.070494083454832435e-04 1.974048325791954994e-03 1.713236451148986816e+00 1.974048325791954994e-03 2.998808957636356354e-02 2.101891906931996346e-03
1.510000000000000000e+03 2.069818438030779362e-04 1.962218433618545532e-03 1.713990807533264160e+00 1.962218433618545532e-03 2.990353479981422424e-02 2.090055495500564575e-03
1.520000000000000000e+03 2.070340560749173164e-04 1.950119854882359505e-03 1.714968681335449219e+00 1.950119854882359505e-03 2.981709502637386322e-02 2.077989513054490089e-03
1.530000000000000000e+03 2.070440968964248896e-04 1.937836990691721439e-03 1.715875864028930664e+00 1.937836990691721439e-03 2.972881123423576355e-02 2.065702341496944427e-03
1.540000000000000000e+03 2.071565395453944802e-04 1.925302552990615368e-03 1.716753721237182617e+00 1.925302552990615368e-03 2.963785082101821899e-02 2.053081523627042770e-03
1.550000000000000000e+03 2.072380302706733346e-04 1.912546227686107159e-03 1.717954397201538086e+00 1.912546227686107159e-03 2.954570576548576355e-02 2.040335442870855331e-03
1.560000000000000000e+03 2.074352960335090756e-04 1.899484312161803246e-03 1.718997597694396973e+00 1.899484312161803246e-03 2.945038117468357086e-02 2.027190523222088814e-03
1.570000000000000000e+03 2.076571108773350716e-04 1.886119833216071129e-03 1.720124125480651855e+00 1.886119833216071129e-03 2.935224398970603943e-02 2.013702644035220146e-03
1.580000000000000000e+03 2.078088582493364811e-04 1.872566877864301205e-03 1.721247434616088867e+00 1.872566877864301205e-03 2.925243228673934937e-02 2.000030828639864922e-03
1.590000000000000000e+03 2.080816193483769894e-04 1.858624978922307491e-03 1.722586393356323242e+00 1.858624978922307491e-03 2.914948761463165283e-02 1.985979033634066582e-03
1.600000000000000000e+03 2.084470615955069661e-04 1.844327431172132492e-03 1.723692178726196289e+00 1.844327431172132492e-03 2.904348820447921753e-02 1.971561461687088013e-03
1.610000000000000000e+03 2.088024630211293697e-04 1.829718472436070442e-03 1.725009799003601074e+00 1.829718472436070442e-03 2.893396839499473572e-02 1.956720370799303055e-03
1.620000000000000000e+03 2.092094509862363338e-04 1.814770745113492012e-03 1.726420521736145020e+00 1.814770745113492012e-03 2.882221713662147522e-02 1.941634458489716053e-03
1.630000000000000000e+03 2.096266834996640682e-04 1.799487276002764702e-03 1.727725386619567871e+00 1.799487276002764702e-03 2.870686538517475128e-02 1.926124095916748047e-03
1.640000000000000000e+03 2.100372803397476673e-04 1.783885294571518898e-03 1.729199409484863281e+00 1.783885294571518898e-03 2.858887799084186554e-02 1.910323509946465492e-03
1.650000000000000000e+03 2.105724706780165434e-04 1.767785171978175640e-03 1.730700492858886719e+00 1.767785171978175640e-03 2.846556715667247772e-02 1.893880194984376431e-03
1.660000000000000000e+03 2.111455542035400867e-04 1.751209027133882046e-03 1.732381582260131836e+00 1.751209027133882046e-03 2.833867445588111877e-02 1.877032918855547905e-03
1.670000000000000000e+03 2.117062977049499750e-04 1.734304707497358322e-03 1.734080076217651367e+00 1.734304707497358322e-03 2.820845320820808411e-02 1.859821612015366554e-03
1.680000000000000000e+03 2.122424630215391517e-04 1.716931699775159359e-03 1.735761880874633789e+00 1.716931699775159359e-03 2.807387150824069977e-02 1.842117635533213615e-03
1.690000000000000000e+03 2.129564963979646564e-04 1.698954380117356777e-03 1.737480163574218750e+00 1.698954380117356777e-03 2.793373353779315948e-02 1.823772443458437920e-03
1.700000000000000000e+03 2.135416580131277442e-04 1.680642482824623585e-03 1.739218592643737793e+00 1.680642482824623585e-03 2.778968214988708496e-02 1.805011299438774586e-03
1.710000000000000000e+03 2.142266748705878854e-04 1.661755610257387161e-03 1.741215705871582031e+00 1.661755610257387161e-03 2.764083817601203918e-02 1.785727450624108315e-03
1.720000000000000000e+03 2.149940555682405829e-04 1.642266986891627312e-03 1.743068337440490723e+00 1.642266986891627312e-03 2.748538739979267120e-02 1.765698427334427834e-03
1.730000000000000000e+03 2.157107664970681071e-04 1.622247975319623947e-03 1.745083332061767578e+00 1.622247975319623947e-03 2.732546627521514893e-02 1.745210960507392883e-03
1.740000000000000000e+03 2.165475889341905713e-04 1.601545372977852821e-03 1.747155785560607910e+00 1.601545372977852821e-03 2.715837396681308746e-02 1.723932567983865738e-03
1.750000000000000000e+03 2.172696113120764494e-04 1.580381067469716072e-03 1.749316215515136719e+00 1.580381067469716072e-03 2.698588557541370392e-02 1.702104229480028152e-03
1.760000000000000000e+03 2.180361334467306733e-04 1.558531308546662331e-03 1.751578688621520996e+00 1.558531308546662331e-03 2.680734731256961823e-02 1.679656328633427620e-03
1.770000000000000000e+03 2.187801001127809286e-04 1.536044641397893429e-03 1.754002928733825684e+00 1.536044641397893429e-03 2.662185952067375183e-02 1.656492589972913265e-03
1.780000000000000000e+03 2.195492997998371720e-04 1.512817922048270702e-03 1.756277441978454590e+00 1.512817922048270702e-03 2.642812393605709076e-02 1.632470753975212574e-03
1.790000000000000000e+03 2.202725736424326897e-04 1.488932874053716660e-03 1.758934855461120605e+00 1.488932874053716660e-03 2.622781880199909210e-02 1.607818645425140858e-03
1.800000000000000000e+03 2.209541853517293930e-04 1.464327913708984852e-03 1.761322617530822754e+00 1.464327913708984852e-03 2.601901628077030182e-02 1.582320895977318287e-03
1.810000000000000000e+03 2.216469438280910254e-04 1.438848092220723629e-03 1.764063835144042969e+00 1.438848092220723629e-03 2.580129541456699371e-02 1.555950148031115532e-03
1.820000000000000000e+03 2.221748291049152613e-04 1.412701443769037724e-03 1.766978979110717773e+00 1.412701443769037724e-03 2.557579986751079559e-02 1.528872060589492321e-03
1.830000000000000000e+03 2.225763309979811311e-04 1.385794021189212799e-03 1.769708871841430664e+00 1.385794021189212799e-03 2.534052357077598572e-02 1.500873127952218056e-03
1.840000000000000000e+03 2.229208766948431730e-04 1.358019188046455383e-03 1.772827148437500000e+00 1.358019188046455383e-03 2.509559318423271179e-02 1.471999450586736202e-03
1.850000000000000000e+03 2.229994279332458973e-04 1.329540740698575974e-03 1.776016473770141602e+00 1.329540740698575974e-03 2.484161779284477234e-02 1.442356151528656483e-03
1.860000000000000000e+03 2.230206737294793129e-04 1.300040283240377903e-03 1.779304146766662598e+00 1.300040283240377903e-03 2.457512170076370239e-02 1.411575591191649437e-03
1.870000000000000000e+03 2.226508077001199126e-04 1.269898726604878902e-03 1.782930254936218262e+00 1.269898726604878902e-03 2.429982647299766541e-02 1.380126923322677612e-03
1.880000000000000000e+03 2.221838949481025338e-04 1.238754601217806339e-03 1.786857962608337402e+00 1.238754601217806339e-03 2.401133067905902863e-02 1.347550889477133751e-03
1.890000000000000000e+03 2.212559775216504931e-04 1.207064487971365452e-03 1.790739536285400391e+00 1.207064487971365452e-03 2.371355891227722168e-02 1.314335386268794537e-03
1.900000000000000000e+03 2.200033923145383596e-04 1.174589968286454678e-03 1.794871687889099121e+00 1.174589968286454678e-03 2.340442687273025513e-02 1.280291355215013027e-03
1.910000000000000000e+03 2.186909987358376384e-04 1.141250599175691605e-03 1.799492239952087402e+00 1.141250599175691605e-03 2.308183163404464722e-02 1.245240564458072186e-03
1.920000000000000000e+03 2.169893123209476471e-04 1.107505639083683491e-03 1.803889036178588867e+00 1.107505639083683491e-03 2.274958416819572449e-02 1.209649839438498020e-03
1.930000000000000000e+03 2.152195374947041273e-04 1.073105726391077042e-03 1.808813095092773438e+00 1.073105726391077042e-03 2.240592800080776215e-02 1.173379947431385517e-03
1.940000000000000000e+03 2.134056121576577425e-04 1.038400223478674889e-03 1.813839673995971680e+00 1.038400223478674889e-03 2.205297909677028656e-02 1.136703649535775185e-03
1.950000000000000000e+03 2.116167452186346054e-04 1.003363402560353279e-03 1.819216847419738770e+00 1.003363402560353279e-03 2.169085666537284851e-02 1.099679502658545971e-03
1.960000000000000000e+03 2.100276760756969452e-04 9.681584197096526623e-04 1.824663162231445312e+00 9.681584197096526623e-04 2.131983265280723572e-02 1.062381197698414326e-03
1.970000000000000000e+03 2.084355073748156428e-04 9.332356275990605354e-04 1.830121874809265137e+00 9.332356275990605354e-04 2.094477973878383636e-02 1.025331555865705013e-03
1.980000000000000000e+03 2.071885974146425724e-04 8.982135332189500332e-04 1.836053848266601562e+00 8.982135332189500332e-04 2.056138962507247925e-02 9.881381411105394363e-04
1.990000000000000000e+03 2.058803511317819357e-04 8.637572755105793476e-04 1.842041969299316406e+00 8.637572755105793476e-04 2.017664164304733276e-02 9.515037527307868004e-04
2.000000000000000000e+03 2.046579902525991201e-04 8.297667955048382282e-04 1.848176360130310059e+00 8.297667955048382282e-04 1.978907734155654907e-02 9.153007413260638714e-04
2.010000000000000000e+03 2.035219804383814335e-04 7.963578100316226482e-04 1.854297399520874023e+00 7.963578100316226482e-04 1.940026693046092987e-02 8.796869660727679729e-04
2.020000000000000000e+03 2.024674613494426012e-04 7.635056972503662109e-04 1.860603094100952148e+00 7.635056972503662109e-04 1.901028305292129517e-02 8.446756401099264622e-04
2.030000000000000000e+03 2.013779012486338615e-04 7.315787370316684246e-04 1.866683959960937500e+00 7.315787370316684246e-04 1.862254738807678223e-02 8.105707238428294659e-04
2.040000000000000000e+03 2.002019318751990795e-04 7.005959050729870796e-04 1.872346639633178711e+00 7.005959050729870796e-04 1.823762804269790649e-02 7.774086552672088146e-04
2.050000000000000000e+03 1.990594319067895412e-04 6.705492269247770309e-04 1.878378272056579590e+00 6.705492269247770309e-04 1.785656809806823730e-02 7.452614954672753811e-04
2.060000000000000000e+03 1.978013460757210851e-04 6.416186806745827198e-04 1.883743286132812500e+00 6.416186806745827198e-04 1.748083345592021942e-02 7.142281392589211464e-04
2.070000000000000000e+03 1.965335104614496231e-04 6.137505406513810158e-04 1.888810396194458008e+00 6.137505406513810158e-04 1.711105555295944214e-02 6.843311712145805359e-04
2.080000000000000000e+03 1.952024758793413639e-04 5.869590095244348049e-04 1.893624305725097656e+00 5.869590095244348049e-04 1.674748398363590240e-02 6.555591244250535965e-04
2.090000000000000000e+03 1.937982015078887343e-04 5.613380926661193371e-04 1.898236632347106934e+00 5.613380926661193371e-04 1.639220118522644043e-02 6.280400557443499565e-04
2.100000000000000000e+03 1.921986695379018784e-04 5.370787694118916988e-04 1.902467727661132812e+00 5.370787694118916988e-04 1.604814454913139343e-02 6.019527208991348743e-04
2.110000000000000000e+03 1.906774705275893211e-04 5.137232947163283825e-04 1.906306266784667969e+00 5.137232947163283825e-04 1.570946536958217621e-02 5.768137634731829166e-04
2.120000000000000000e+03 1.889063278213143349e-04 4.917188780382275581e-04 1.909649848937988281e+00 4.917188780382275581e-04 1.538372132927179337e-02 5.531407077796757221e-04
2.130000000000000000e+03 1.870918058557435870e-04 4.708017222583293915e-04 1.912760376930236816e+00 4.708017222583293915e-04 1.506754290312528610e-02 5.306371604092419147e-04
2.140000000000000000e+03 1.851771376095712185e-04 4.509719728957861662e-04 1.915842771530151367e+00 4.509719728957861662e-04 1.476156339049339294e-02 5.093044601380825043e-04
2.150000000000000000e+03 1.830854453146457672e-04 4.323538742028176785e-04 1.918006420135498047e+00 4.323538742028176785e-04 1.446845754981040955e-02 4.892796860076487064e-04
2.160000000000000000e+03 1.810077519621700048e-04 4.145968705415725708e-04 1.920407295227050781e+00 4.145968705415725708e-04 1.418329309672117233e-02 4.701829457189887762e-04
2.170000000000000000e+03 1.787918881746008992e-04 3.979428729508072138e-04 1.922462224960327148e+00 3.979428729508072138e-04 1.391036715358495712e-02 4.522618546616286039e-04
2.180000000000000000e+03 1.765018241712823510e-04 3.821766003966331482e-04 1.923858046531677246e+00 3.821766003966331482e-04 1.364796608686447144e-02 4.353601543698459864e-04
2.190000000000000000e+03 1.741453015711158514e-04 3.673942119348794222e-04 1.925205111503601074e+00 3.673942119348794222e-04 1.339677162468433380e-02 4.194818320684134960e-04
2.200000000000000000e+03 1.717301347525790334e-04 3.533662820700556040e-04 1.926341056823730469e+00 3.533662820700556040e-04 1.315446384251117706e-02 4.044446104671806097e-04
2.210000000000000000e+03 1.692126388661563396e-04 3.402203437872231007e-04 1.926987171173095703e+00 3.402203437872231007e-04 1.292344648391008377e-02 3.903637407347559929e-04
2.220000000000000000e+03 1.667528267716988921e-04 3.277293872088193893e-04 1.927683830261230469e+00 3.277293872088193893e-04 1.270049810409545898e-02 3.770111361518502235e-04
2.230000000000000000e+03 1.642619317863136530e-04 3.159433836117386818e-04 1.928236007690429688e+00 3.159433836117386818e-04 1.248591206967830658e-02 3.643789386842399836e-04
2.240000000000000000e+03 1.616909576114267111e-04 3.048593353014439344e-04 1.928369998931884766e+00 3.048593353014439344e-04 1.228161714971065521e-02 3.525525680743157864e-04
2.250000000000000000e+03 1.591193140484392643e-04 2.944027946796268225e-04 1.928329348564147949e+00 2.944027946796268225e-04 1.208572927862405777e-02 3.413960221223533154e-04
2.260000000000000000e+03 1.565679413033649325e-04 2.845280978363007307e-04 1.928053021430969238e+00 2.845280978363007307e-04 1.189778931438922882e-02 3.308607847429811954e-04
2.270000000000000000e+03 1.540083612781018019e-04 2.751600404735654593e-04 1.927811264991760254e+00 2.751600404735654593e-04 1.171723939478397369e-02 3.208953130524605513e-04
2.280000000000000000e+03 1.514926843810826540e-04 2.663193736225366592e-04 1.927323102951049805e+00 2.663193736225366592e-04 1.154413539916276932e-02 3.114838909823447466e-04
2.290000000000000000e+03 1.489862625021487474e-04 2.579233841970562935e-04 1.926804065704345703e+00 2.579233841970562935e-04 1.137774717062711716e-02 3.025695914402604103e-04
2.300000000000000000e+03 1.464202796341851354e-04 2.500968694221228361e-04 1.925837993621826172e+00 2.500968694221228361e-04 1.122025027871131897e-02 2.942509308923035860e-04
2.310000000000000000e+03 1.439667394151911139e-04 2.425736020086333156e-04 1.924950480461120605e+00 2.425736020086333156e-04 1.106650102883577347e-02 2.862420515157282352e-04
2.320000000000000000e+03 1.415364240529015660e-04 2.354464668314903975e-04 1.924027919769287109e+00 2.354464668314903975e-04 1.091940421611070633e-02 2.786830882541835308e-04
2.330000000000000000e+03 1.390712568536400795e-04 2.287658862769603729e-04 1.922802805900573730e+00 2.287658862769603729e-04 1.078027393668889999e-02 2.716266317293047905e-04
2.340000000000000000e+03 1.367154181934893131e-04 2.223950141342356801e-04 1.921622753143310547e+00 2.223950141342356801e-04 1.064490061253309250e-02 2.648475638125091791e-04
2.350000000000000000e+03 1.343849871773272753e-04 2.163232129532843828e-04 1.920276403427124023e+00 2.163232129532843828e-04 1.051493640989065170e-02 2.584199537523090839e-04
2.360000000000000000e+03 1.320325973210856318e-04 2.106675819959491491e-04 1.918986916542053223e+00 2.106675819959491491e-04 1.039227563887834549e-02 2.524259907659143209e-04
2.370000000000000000e+03 1.298170682275667787e-04 2.051812334684655070e-04 1.917603135108947754e+00 2.051812334684655070e-04 1.027193851768970490e-02 2.466139558237046003e-04
2.380000000000000000e+03 1.275726390304043889e-04 2.000502572627738118e-04 1.915935158729553223e+00 2.000502572627738118e-04 1.015791390091180801e-02 2.411691675661131740e-04
2.390000000000000000e+03 1.253988157259300351e-04 1.951377198565751314e-04 1.914199829101562500e+00 1.951377198565751314e-04 1.004773378372192383e-02 2.359657228225842118e-04
2.400000000000000000e+03 1.232412032550200820e-04 1.905063836602494121e-04 1.912824034690856934e+00 1.905063836602494121e-04 9.942337870597839355e-03 2.310413547093048692e-04
2.410000000000000000e+03 1.211708658956922591e-04 1.860946213128045201e-04 1.910881638526916504e+00 1.860946213128045201e-04 9.841333143413066864e-03 2.263708884129300714e-04
2.420000000000000000e+03 1.190941184177063406e-04 1.819027966121211648e-04 1.909148454666137695e+00 1.819027966121211648e-04 9.744549170136451721e-03 2.219402958871796727e-04
2.430000000000000000e+03 1.170889227068983018e-04 1.779114681994542480e-04 1.907127499580383301e+00 1.779114681994542480e-04 9.651527740061283112e-03 2.177232963731512427e-04
2.440000000000000000e+03 1.151201940956525505e-04 1.741249143378809094e-04 1.905218124389648438e+00 1.741249143378809094e-04 9.561348706483840942e-03 2.136737166438251734e-04
2.450000000000000000e+03 1.132162724388763309e-04 1.705015747575089335e-04 1.903344035148620605e+00 1.705015747575089335e-04 9.474238380789756775e-03 2.097980177495628595e-04
2.460000000000000000e+03 1.113201869884505868e-04 1.670675410423427820e-04 1.901309609413146973e+00 1.670675410423427820e-04 9.392162784934043884e-03 2.061788109131157398e-04
2.470000000000000000e+03 1.095033294404856861e-04 1.637827808735892177e-04 1.899324774742126465e+00 1.637827808735892177e-04 9.312137961387634277e-03 2.026803267654031515e-04
2.480000000000000000e+03 1.077188135241158307e-04 1.606625010026618838e-04 1.897409558296203613e+00 1.606625010026618838e-04 9.234406985342502594e-03 1.993107725866138935e-04
2.490000000000000000e+03 1.059401911334134638e-04 1.577018847456201911e-04 1.895266771316528320e+00 1.577018847456201911e-04 9.160432033240795135e-03 1.961303205462172627e-04
2.500000000000000000e+03 1.042553849401883781e-04 1.548279833514243364e-04 1.892974615097045898e+00 1.548279833514243364e-04 9.089557453989982605e-03 1.931071310536935925e-04
