# step, loss_train, loss_test, metrics_test
0.000000000000000000e+00 9.125390052795410156e-01 2.019515752792358398e+00 9.594469666481018066e-01 2.019515752792358398e+00 9.193965792655944824e-01 2.019183158874511719e+00
1.000000000000000000e+01 2.336376756429672241e-01 1.047011971473693848e+00 7.013469338417053223e-01 1.047011971473693848e+00 6.620479822158813477e-01 1.047005414962768555e+00
2.000000000000000000e+01 8.487831801176071167e-02 3.676227629184722900e-01 2.374082565307617188e+00 3.676227629184722900e-01 3.920350372791290283e-01 3.671298325061798096e-01
3.000000000000000000e+01 8.147197216749191284e-02 9.881211072206497192e-02 5.369089126586914062e+00 9.881211072206497192e-02 2.036790400743484497e-01 9.909747540950775146e-02
4.000000000000000000e+01 2.027088589966297150e-02 5.536858737468719482e-02 2.589735031127929688e+00 5.536858737468719482e-02 1.525150984525680542e-01 5.556427687406539917e-02
5.000000000000000000e+01 9.925077669322490692e-03 3.403507173061370850e-02 3.006131172180175781e+00 3.403507173061370850e-02 1.198648586869239807e-01 3.432050719857215881e-02
6.000000000000000000e+01 9.029302746057510376e-03 2.376603521406650543e-02 2.634837865829467773e+00 2.376603521406650543e-02 1.007832214236259460e-01 2.426310814917087555e-02
7.000000000000000000e+01 6.258350796997547150e-03 2.028179727494716644e-02 2.695849895477294922e+00 2.028179727494716644e-02 9.306649863719940186e-02 2.068982273340225220e-02
8.000000000000000000e+01 5.236473400145769119e-03 1.731059327721595764e-02 2.488273143768310547e+00 1.731059327721595764e-02 8.633009344339370728e-02 1.780304871499538422e-02
9.000000000000000000e+01 5.044206045567989349e-03 1.463440805673599243e-02 2.396923780441284180e+00 1.463440805673599243e-02 7.943347841501235962e-02 1.507221627980470657e-02
1.000000000000000000e+02 4.339561797678470612e-03 1.307248324155807495e-02 2.276556730270385742e+00 1.307248324155807495e-02 7.520090043544769287e-02 1.350877620279788971e-02
1.100000000000000000e+02 3.782231360673904419e-03 1.174766756594181061e-02 2.213577508926391602e+00 1.174766756594181061e-02 7.133285701274871826e-02 1.215483900159597397e-02
1.200000000000000000e+02 3.403586102649569511e-03 1.053130347281694412e-02 2.131751060485839844e+00 1.053130347281694412e-02 6.762803345918655396e-02 1.092505268752574921e-02
1.300000000000000000e+02 3.075839020311832428e-03 9.477642364799976349e-03 2.055120468139648438e+00 9.477642364799976349e-03 6.423150002956390381e-02 9.855214506387710571e-03
1.400000000000000000e+02 2.808411139994859695e-03 8.541008457541465759e-03 1.981018781661987305e+00 8.541008457541465759e-03 6.102760881185531616e-02 8.896570652723312378e-03
1.500000000000000000e+02 2.570791402831673622e-03 7.720669265836477280e-03 1.908298373222351074e+00 7.720669265836477280e-03 5.808192119002342224e-02 8.058457635343074799e-03
1.600000000000000000e+02 2.359007718041539192e-03 7.002503611147403717e-03 1.842758297920227051e+00 7.002503611147403717e-03 5.535876005887985229e-02 7.320532575249671936e-03
1.700000000000000000e+02 2.166234888136386871e-03 6.373586133122444153e-03 1.779910683631896973e+00 6.373586133122444153e-03 5.285835638642311096e-02 6.674170028418302536e-03
1.800000000000000000e+02 2.003517234697937965e-03 5.812310148030519485e-03 1.722092747688293457e+00 5.812310148030519485e-03 5.051699280738830566e-02 6.095998920500278473e-03
1.900000000000000000e+02 1.859935582615435123e-03 5.315246060490608215e-03 1.668778657913208008e+00 5.315246060490608215e-03 4.834724590182304382e-02 5.583588499575853348e-03
2.000000000000000000e+02 1.732558943331241608e-03 4.876161459833383560e-03 1.620852112770080566e+00 4.876161459833383560e-03 4.634182900190353394e-02 5.129986908286809921e-03
2.100000000000000000e+02 1.619401737116277218e-03 4.487723577767610550e-03 1.577127218246459961e+00 4.487723577767610550e-03 4.449165984988212585e-02 4.728541243821382523e-03
2.200000000000000000e+02 1.517021330073475838e-03 4.146842285990715027e-03 1.538959264755249023e+00 4.146842285990715027e-03 4.280032962560653687e-02 4.375868011265993118e-03
2.300000000000000000e+02 1.422415487468242645e-03 3.846728475764393806e-03 1.505358219146728516e+00 3.846728475764393806e-03 4.125246033072471619e-02 4.065084736794233322e-03
2.400000000000000000e+02 1.335100387223064899e-03 3.582497360184788704e-03 1.476116538047790527e+00 3.582497360184788704e-03 3.983972221612930298e-02 3.791425609961152077e-03
2.500000000000000000e+02 1.253725960850715637e-03 3.350778250023722649e-03 1.450911641120910645e+00 3.350778250023722649e-03 3.855751454830169678e-02 3.551305038854479790e-03
2.600000000000000000e+02 1.177191734313964844e-03 3.145803930237889290e-03 1.430224657058715820e+00 3.145803930237889290e-03 3.738663345575332642e-02 3.338894108310341835e-03
2.700000000000000000e+02 1.106165931560099125e-03 2.963876118883490562e-03 1.411488890647888184e+00 2.963876118883490562e-03 3.631648421287536621e-02 3.150485455989837646e-03
2.800000000000000000e+02 1.039816415868699551e-03 2.801886759698390961e-03 1.396899104118347168e+00 2.801886759698390961e-03 3.533609956502914429e-02 2.982683479785919189e-03
2.900000000000000000e+02 9.780017426237463951e-04 2.657606964930891991e-03 1.384353756904602051e+00 2.657606964930891991e-03 3.443986922502517700e-02 2.833302598446607590e-03
3.000000000000000000e+02 9.215247118845582008e-04 2.526886062696576118e-03 1.374098896980285645e+00 2.526886062696576118e-03 3.360812366008758545e-02 2.698102733120322227e-03
3.100000000000000000e+02 8.691818802617490292e-04 2.409579232335090637e-03 1.366670370101928711e+00 2.409579232335090637e-03 3.284326195716857910e-02 2.576692029833793640e-03
3.200000000000000000e+02 8.217570139095187187e-04 2.302456181496381760e-03 1.359884142875671387e+00 2.302456181496381760e-03 3.213016688823699951e-02 2.466016449034214020e-03
3.300000000000000000e+02 7.784492336213588715e-04 2.204913413152098656e-03 1.354940295219421387e+00 2.204913413152098656e-03 3.146653249859809875e-02 2.365199383348226547e-03
3.400000000000000000e+02 7.388131343759596348e-04 2.116087591275572777e-03 1.351322770118713379e+00 2.116087591275572777e-03 3.085009381175041199e-02 2.273437101393938065e-03
3.500000000000000000e+02 7.032188586890697479e-04 2.034142846241593361e-03 1.348537921905517578e+00 2.034142846241593361e-03 3.026964701712131500e-02 2.188692335039377213e-03
3.600000000000000000e+02 6.707994616590440273e-04 1.958794659003615379e-03 1.346113324165344238e+00 1.958794659003615379e-03 2.972718328237533569e-02 2.110947621986269951e-03
3.700000000000000000e+02 6.413694354705512524e-04 1.889422186650335789e-03 1.344888210296630859e+00 1.889422186650335789e-03 2.921734191477298737e-02 2.039159880951046944e-03
3.800000000000000000e+02 6.146923406049609184e-04 1.825544401071965694e-03 1.343919157981872559e+00 1.825544401071965694e-03 2.874020859599113464e-02 1.973103266209363937e-03
3.900000000000000000e+02 5.904032150283455849e-04 1.766177709214389324e-03 1.343204617500305176e+00 1.766177709214389324e-03 2.828906103968620300e-02 1.911644125357270241e-03
4.000000000000000000e+02 5.683517665602266788e-04 1.710841082967817783e-03 1.342841267585754395e+00 1.710841082967817783e-03 2.786109596490859985e-02 1.854241709224879742e-03
4.100000000000000000e+02 5.481495172716677189e-04 1.659698202274739742e-03 1.342380166053771973e+00 1.659698202274739742e-03 2.746020257472991943e-02 1.801264239475131035e-03
4.200000000000000000e+02 5.295568844303488731e-04 1.611833926290273666e-03 1.341926455497741699e+00 1.611833926290273666e-03 2.707902528345584869e-02 1.751604257151484489e-03
4.300000000000000000e+02 5.124844610691070557e-04 1.567128696478903294e-03 1.341551542282104492e+00 1.567128696478903294e-03 2.671656385064125061e-02 1.705026254057884216e-03
4.400000000000000000e+02 4.965002299286425114e-04 1.525282626971602440e-03 1.341172695159912109e+00 1.525282626971602440e-03 2.637328021228313446e-02 1.661491813138127327e-03
4.500000000000000000e+02 4.818968882318586111e-04 1.485689426772296429e-03 1.340577483177185059e+00 1.485689426772296429e-03 2.604342438280582428e-02 1.620190567336976528e-03
4.600000000000000000e+02 4.680672427639365196e-04 1.448466326110064983e-03 1.340308427810668945e+00 1.448466326110064983e-03 2.572884783148765564e-02 1.581286895088851452e-03
4.700000000000000000e+02 4.553329199552536011e-04 1.413083635270595551e-03 1.339842081069946289e+00 1.413083635270595551e-03 2.542628534138202667e-02 1.544314669445157051e-03
4.800000000000000000e+02 4.432139103300869465e-04 1.379659515805542469e-03 1.338892340660095215e+00 1.379659515805542469e-03 2.513658814132213593e-02 1.509324181824922562e-03
4.900000000000000000e+02 4.317506100051105022e-04 1.347716897726058960e-03 1.338423728942871094e+00 1.347716897726058960e-03 2.485582418739795685e-02 1.475795637816190720e-03
5.000000000000000000e+02 4.210679035168141127e-04 1.317192101851105690e-03 1.337684154510498047e+00 1.317192101851105690e-03 2.458422072231769562e-02 1.443719491362571716e-03
5.100000000000000000e+02 4.109723086003214121e-04 1.287823077291250229e-03 1.337289333343505859e+00 1.287823077291250229e-03 2.431968227028846741e-02 1.412816578522324562e-03
5.200000000000000000e+02 4.015182785224169493e-04 1.259460928849875927e-03 1.336480259895324707e+00 1.259460928849875927e-03 2.406075410544872284e-02 1.382892485707998276e-03
5.300000000000000000e+02 3.924196644220501184e-04 1.232225680723786354e-03 1.335872888565063477e+00 1.232225680723786354e-03 2.380973100662231445e-02 1.354187610559165478e-03
5.400000000000000000e+02 3.837074909824877977e-04 1.205897191539406776e-03 1.335271477699279785e+00 1.205897191539406776e-03 2.356455475091934204e-02 1.326442346908152103e-03
5.500000000000000000e+02 3.755298675969243050e-04 1.180379418656229973e-03 1.334613800048828125e+00 1.180379418656229973e-03 2.332299202680587769e-02 1.299386844038963318e-03
5.600000000000000000e+02 3.676707274280488491e-04 1.155554899014532566e-03 1.334021687507629395e+00 1.155554899014532566e-03 2.308631315827369690e-02 1.273148576728999615e-03
5.700000000000000000e+02 3.602966608013957739e-04 1.131248543970286846e-03 1.333594083786010742e+00 1.131248543970286846e-03 2.285140939056873322e-02 1.247371779754757881e-03
5.800000000000000000e+02 3.532299015205353498e-04 1.107621588744223118e-03 1.333336949348449707e+00 1.107621588744223118e-03 2.262086048722267151e-02 1.222329330630600452e-03
5.900000000000000000e+02 3.464171022642403841e-04 1.084546092897653580e-03 1.332701563835144043e+00 1.084546092897653580e-03 2.239317446947097778e-02 1.197846839204430580e-03
6.000000000000000000e+02 3.399854758754372597e-04 1.061800983734428883e-03 1.332303881645202637e+00 1.061800983734428883e-03 2.216638624668121338e-02 1.173706958070397377e-03
6.100000000000000000e+02 3.339241957291960716e-04 1.039389404468238354e-03 1.332216024398803711e+00 1.039389404468238354e-03 2.193998545408248901e-02 1.149853691458702087e-03
6.200000000000000000e+02 3.280411183368414640e-04 1.017555012367665768e-03 1.331792354583740234e+00 1.017555012367665768e-03 2.171783149242401123e-02 1.126685761846601963e-03
6.300000000000000000e+02 3.222933155484497547e-04 9.961513569578528404e-04 1.331531524658203125e+00 9.961513569578528404e-04 2.149756625294685364e-02 1.103947754018008709e-03
6.400000000000000000e+02 3.170934796798974276e-04 9.747576550580561161e-04 1.331622362136840820e+00 9.747576550580561161e-04 2.127426303923130035e-02 1.081132562831044197e-03
6.500000000000000000e+02 3.118368040304630995e-04 9.539208840578794479e-04 1.331351757049560547e+00 9.539208840578794479e-04 2.105540223419666290e-02 1.059002592228353024e-03
6.600000000000000000e+02 3.069277445320039988e-04 9.331831824965775013e-04 1.331386923789978027e+00 9.331831824965775013e-04 2.083487622439861298e-02 1.036935602314770222e-03
6.700000000000000000e+02 3.024139441549777985e-04 9.125112555921077728e-04 1.331536889076232910e+00 9.125112555921077728e-04 2.061250619590282440e-02 1.014919253066182137e-03
6.800000000000000000e+02 2.977739204652607441e-04 8.924220455810427666e-04 1.331655859947204590e+00 8.924220455810427666e-04 2.039460465312004089e-02 9.935747366398572922e-04
6.900000000000000000e+02 2.934503718279302120e-04 8.723859791643917561e-04 1.331644535064697266e+00 8.723859791643917561e-04 2.017509751021862030e-02 9.723020484670996666e-04
7.000000000000000000e+02 2.892495249398052692e-04 8.525603334419429302e-04 1.332362413406372070e+00 8.525603334419429302e-04 1.995389722287654877e-02 9.510982781648635864e-04
7.100000000000000000e+02 2.852811303455382586e-04 8.328994736075401306e-04 1.332014441490173340e+00 8.328994736075401306e-04 1.973443292081356049e-02 9.302919497713446617e-04
7.200000000000000000e+02 2.813951869029551744e-04 8.134355302900075912e-04 1.332650184631347656e+00 8.134355302900075912e-04 1.951261982321739197e-02 9.094966226257383823e-04
7.300000000000000000e+02 2.776092733256518841e-04 7.942299125716090202e-04 1.332771062850952148e+00 7.942299125716090202e-04 1.929310895502567291e-02 8.891487377695739269e-04
7.400000000000000000e+02 2.742072392720729113e-04 7.749323849566280842e-04 1.333424568176269531e+00 7.749323849566280842e-04 1.906902156770229340e-02 8.686138899065554142e-04
7.500000000000000000e+02 2.707315143197774887e-04 7.559633813798427582e-04 1.333722472190856934e+00 7.559633813798427582e-04 1.884630508720874786e-02 8.484423742629587650e-04
7.600000000000000000e+02 2.674303832463920116e-04 7.371330284513533115e-04 1.334245324134826660e+00 7.371330284513533115e-04 1.862270757555961609e-02 8.284297073259949684e-04
7.700000000000000000e+02 2.641873143147677183e-04 7.185367867350578308e-04 1.334585785865783691e+00 7.185367867350578308e-04 1.839984580874443054e-02 8.087201858870685101e-04
7.800000000000000000e+02 2.610675874166190624e-04 7.000362966209650040e-04 1.335255026817321777e+00 7.000362966209650040e-04 1.817461103200912476e-02 7.890423294156789780e-04
7.900000000000000000e+02 2.580859290901571512e-04 6.817124085500836372e-04 1.335855245590209961e+00 6.817124085500836372e-04 1.794910058379173279e-02 7.695829262956976891e-04
8.000000000000000000e+02 2.550740900915116072e-04 6.637127371504902840e-04 1.336460709571838379e+00 6.637127371504902840e-04 1.772501319646835327e-02 7.504867971874773502e-04
8.100000000000000000e+02 2.522738068364560604e-04 6.457244744524359703e-04 1.336994409561157227e+00 6.457244744524359703e-04 1.749803684651851654e-02 7.313893875107169151e-04
8.200000000000000000e+02 2.495066146366298199e-04 6.279816734604537487e-04 1.337937951087951660e+00 6.279816734604537487e-04 1.727036386728286743e-02 7.124803960323333740e-04
8.300000000000000000e+02 2.467980084475129843e-04 6.105185020714998245e-04 1.338498234748840332e+00 6.105185020714998245e-04 1.704484969377517700e-02 6.939949817024171352e-04
8.400000000000000000e+02 2.441551187075674534e-04 5.932088242843747139e-04 1.339155197143554688e+00 5.932088242843747139e-04 1.681752689182758331e-02 6.756071234121918678e-04
8.500000000000000000e+02 2.415108756395056844e-04 5.761757493019104004e-04 1.339865803718566895e+00 5.761757493019104004e-04 1.659116894006729126e-02 6.575426086783409119e-04
8.600000000000000000e+02 2.389545115875080228e-04 5.593810346908867359e-04 1.340575933456420898e+00 5.593810346908867359e-04 1.636512950062751770e-02 6.397478864528238773e-04
8.700000000000000000e+02 2.364004903938621283e-04 5.428874865174293518e-04 1.341346621513366699e+00 5.428874865174293518e-04 1.613941788673400879e-02 6.222223746590316296e-04
8.800000000000000000e+02 2.339627244509756565e-04 5.265852087177336216e-04 1.342088818550109863e+00 5.265852087177336216e-04 1.591323129832744598e-02 6.049044313840568066e-04
8.900000000000000000e+02 2.315325837116688490e-04 5.106138414703309536e-04 1.342890381813049316e+00 5.106138414703309536e-04 1.568891666829586029e-02 5.879709497094154358e-04
9.000000000000000000e+02 2.289357944391667843e-04 4.951094742864370346e-04 1.343517184257507324e+00 4.951094742864370346e-04 1.546752266585826874e-02 5.714936414733529091e-04
9.100000000000000000e+02 2.265118819195777178e-04 4.797939327545464039e-04 1.344404339790344238e+00 4.797939327545464039e-04 1.524557825177907944e-02 5.552105722017586231e-04
9.200000000000000000e+02 2.240504400106146932e-04 4.648501635529100895e-04 1.345171213150024414e+00 4.648501635529100895e-04 1.502534002065658569e-02 5.392852472141385078e-04
9.300000000000000000e+02 2.216248249169439077e-04 4.501997318584471941e-04 1.345850110054016113e+00 4.501997318584471941e-04 1.480650343000888824e-02 5.236908327788114548e-04
9.400000000000000000e+02 2.190977393183857203e-04 4.360436869319528341e-04 1.346548914909362793e+00 4.360436869319528341e-04 1.459185499697923660e-02 5.086170858703553677e-04
9.500000000000000000e+02 2.166543417843058705e-04 4.221948329359292984e-04 1.347237944602966309e+00 4.221948329359292984e-04 1.437863428145647049e-02 4.938614438287913799e-04
9.600000000000000000e+02 2.141777949873358011e-04 4.087013658136129379e-04 1.347935080528259277e+00 4.087013658136129379e-04 1.416717562824487686e-02 4.794424457941204309e-04
9.700000000000000000e+02 2.116365794790908694e-04 3.956620930694043636e-04 1.348321795463562012e+00 3.956620930694043636e-04 1.396080013364553452e-02 4.655759257730096579e-04
9.800000000000000000e+02 2.091209753416478634e-04 3.830093191936612129e-04 1.348955869674682617e+00 3.830093191936612129e-04 1.375562604516744614e-02 4.519918875303119421e-04
9.900000000000000000e+02 2.065301814582198858e-04 3.707567229866981506e-04 1.349342823028564453e+00 3.707567229866981506e-04 1.355473697185516357e-02 4.388864035718142986e-04
1.000000000000000000e+03 2.040509571088477969e-04 3.588372783269733191e-04 1.349810838699340820e+00 3.588372783269733191e-04 1.335575245320796967e-02 4.260952991899102926e-04
1.010000000000000000e+03 2.013839839491993189e-04 3.474820987321436405e-04 1.349945783615112305e+00 3.474820987321436405e-04 1.316408812999725342e-02 4.139533848501741886e-04
1.020000000000000000e+03 1.988523144973441958e-04 3.363559953868389130e-04 1.350405931472778320e+00 3.363559953868389130e-04 1.297158002853393555e-02 4.019348707515746355e-04
1.030000000000000000e+03 1.961627713171765208e-04 3.258189826738089323e-04 1.350537776947021484e+00 3.258189826738089323e-04 1.278695743530988693e-02 3.905750636477023363e-04
1.040000000000000000e+03 1.934660831466317177e-04 3.156367165502160788e-04 1.350538611412048340e+00 3.156367165502160788e-04 1.260592509061098099e-02 3.795940137933939695e-04
1.050000000000000000e+03 1.908431731862947345e-04 3.057879512198269367e-04 1.350542783737182617e+00 3.057879512198269367e-04 1.242687646299600601e-02 3.688875003717839718e-04
1.060000000000000000e+03 1.881831121863797307e-04 2.963527513202279806e-04 1.350198626518249512e+00 2.963527513202279806e-04 1.225507073104381561e-02 3.587580577004700899e-04
1.070000000000000000e+03 1.854403672041371465e-04 2.873599587474018335e-04 1.350453734397888184e+00 2.873599587474018335e-04 1.208470389246940613e-02 3.488526272121816874e-04
1.080000000000000000e+03 1.828140666475519538e-04 2.786096592899411917e-04 1.349709510803222656e+00 2.786096592899411917e-04 1.191958785057067871e-02 3.393848310224711895e-04
1.090000000000000000e+03 1.800863828975707293e-04 2.703799109440296888e-04 1.349356532096862793e+00 2.703799109440296888e-04 1.176020875573158264e-02 3.303695411887019873e-04
1.100000000000000000e+03 1.773756666807457805e-04 2.624496410135179758e-04 1.349066972732543945e+00 2.624496410135179758e-04 1.160283479839563370e-02 3.215867618564516306e-04
1.110000000000000000e+03 1.746177003951743245e-04 2.549354976508766413e-04 1.348000288009643555e+00 2.549354976508766413e-04 1.145504135638475418e-02 3.134463622700423002e-04
1.120000000000000000e+03 1.719636056805029511e-04 2.476234512869268656e-04 1.347402215003967285e+00 2.476234512869268656e-04 1.130586490035057068e-02 3.053356776945292950e-04
1.130000000000000000e+03 1.692668010946363211e-04 2.407116699032485485e-04 1.346722722053527832e+00 2.407116699032485485e-04 1.116257347166538239e-02 2.976450196001678705e-04
1.140000000000000000e+03 1.665442687226459384e-04 2.341181680094450712e-04 1.345381855964660645e+00 2.341181680094450712e-04 1.102598477154970169e-02 2.904054417740553617e-04
1.150000000000000000e+03 1.639036345295608044e-04 2.277667808812111616e-04 1.344163656234741211e+00 2.277667808812111616e-04 1.089087780565023422e-02 2.833320759236812592e-04
1.160000000000000000e+03 1.613263593753799796e-04 2.217181463493034244e-04 1.342812657356262207e+00 2.217181463493034244e-04 1.076065469533205032e-02 2.765968965832144022e-04
1.170000000000000000e+03 1.586593134561553597e-04 2.159943251172080636e-04 1.341574788093566895e+00 2.159943251172080636e-04 1.063451077789068222e-02 2.701499906834214926e-04
1.180000000000000000e+03 1.560488599352538586e-04 2.105386083712801337e-04 1.340049505233764648e+00 2.105386083712801337e-04 1.051304023712873459e-02 2.640137972775846720e-04
1.190000000000000000e+03 1.535261108074337244e-04 2.052398776868358254e-04 1.338553905487060547e+00 2.052398776868358254e-04 1.039286516606807709e-02 2.580123837105929852e-04
1.200000000000000000e+03 1.509631692897528410e-04 2.002710389206185937e-04 1.336677908897399902e+00 2.002710389206185937e-04 1.027972064912319183e-02 2.524251467548310757e-04
1.210000000000000000e+03 1.484649692429229617e-04 1.954923354787752032e-04 1.334761500358581543e+00 1.954923354787752032e-04 1.016863714903593063e-02 2.469991159159690142e-04
1.220000000000000000e+03 1.460268540540710092e-04 1.909132988657802343e-04 1.332987308502197266e+00 1.909132988657802343e-04 1.006058976054191589e-02 2.417780342511832714e-04
1.230000000000000000e+03 1.435618178220465779e-04 1.865862723207101226e-04 1.330802321434020996e+00 1.865862723207101226e-04 9.956700727343559265e-03 2.368104615015909076e-04
1.240000000000000000e+03 1.412420533597469330e-04 1.823598722694441676e-04 1.329070568084716797e+00 1.823598722694441676e-04 9.853547438979148865e-03 2.319290506420657039e-04
1.250000000000000000e+03 1.388577802572399378e-04 1.784026680979877710e-04 1.326744437217712402e+00 1.784026680979877710e-04 9.756548330187797546e-03 2.273852878715842962e-04
1.260000000000000000e+03 1.365640637231990695e-04 1.746046618791297078e-04 1.324519038200378418e+00 1.746046618791297078e-04 9.661246091127395630e-03 2.229647798230871558e-04
1.270000000000000000e+03 1.343215553788468242e-04 1.709551870590075850e-04 1.321951508522033691e+00 1.709551870590075850e-04 9.569461457431316376e-03 2.187484060414135456e-04
1.280000000000000000e+03 1.320656010648235679e-04 1.674909726716578007e-04 1.319653749465942383e+00 1.674909726716578007e-04 9.480087086558341980e-03 2.146815095329657197e-04
1.290000000000000000e+03 1.299636787734925747e-04 1.641299168113619089e-04 1.316392898559570312e+00 1.641299168113619089e-04 9.396151639521121979e-03 2.108968037646263838e-04
1.300000000000000000e+03 1.278335694223642349e-04 1.609578612260520458e-04 1.313830494880676270e+00 1.609578612260520458e-04 9.313036687672138214e-03 2.071822818834334612e-04
1.310000000000000000e+03 1.258947304449975491e-04 1.583753619343042374e-04 1.309629678726196289e+00 1.583753619343042374e-04 9.249805472791194916e-03 2.043785207206383348e-04
1.320000000000000000e+03 1.360531750833615661e-04 1.789192901924252510e-04 1.293673396110534668e+00 1.789192901924252510e-04 9.748901240527629852e-03 2.270289696753025055e-04
1.330000000000000000e+03 1.950517034856602550e-04 2.988739870488643646e-04 1.268400669097900391e+00 2.988739870488643646e-04 1.212215237319469452e-02 3.510180395096540451e-04
1.340000000000000000e+03 1.412188430549576879e-04 1.974906917894259095e-04 1.282407045364379883e+00 1.974906917894259095e-04 1.014475058764219284e-02 2.458400849718600512e-04
1.350000000000000000e+03 1.174898425233550370e-04 1.507487613707780838e-04 1.303072810173034668e+00 1.507487613707780838e-04 9.004890918731689453e-03 1.936987828230485320e-04
1.360000000000000000e+03 1.200049300678074360e-04 1.566569553688168526e-04 1.305393338203430176e+00 1.566569553688168526e-04 9.107105433940887451e-03 1.981210662052035332e-04
1.370000000000000000e+03 1.134892081608995795e-04 1.437584869563579559e-04 1.294101119041442871e+00 1.437584869563579559e-04 8.832531049847602844e-03 1.863546931417658925e-04
1.380000000000000000e+03 1.122191024478524923e-04 1.422808854840695858e-04 1.286241531372070312e+00 1.422808854840695858e-04 8.809616789221763611e-03 1.853889989433810115e-04
1.390000000000000000e+03 1.101591478800401092e-04 1.385600335197523236e-04 1.287859559059143066e+00 1.385600335197523236e-04 8.689207024872303009e-03 1.803558698156848550e-04
1.400000000000000000e+03 1.085496114683337510e-04 1.362951588816940784e-04 1.285382747650146484e+00 1.362951588816940784e-04 8.622508496046066284e-03 1.775976415956392884e-04
1.410000000000000000e+03 1.069945428753271699e-04 1.340961898677051067e-04 1.281586647033691406e+00 1.340961898677051067e-04 8.562596514821052551e-03 1.751382224028930068e-04
1.420000000000000000e+03 1.054585009114816785e-04 1.319545553997159004e-04 1.279977560043334961e+00 1.319545553997159004e-04 8.494256995618343353e-03 1.723537279758602381e-04
1.430000000000000000e+03 1.039892813423648477e-04 1.298843853874132037e-04 1.277134180068969727e+00 1.298843853874132037e-04 8.432497270405292511e-03 1.698565465630963445e-04
1.440000000000000000e+03 1.025275560095906258e-04 1.279639109270647168e-04 1.273221492767333984e+00 1.279639109270647168e-04 8.378199301660060883e-03 1.676761748967692256e-04
1.450000000000000000e+03 1.013170985970646143e-04 1.266256294911727309e-04 1.269076585769653320e+00 1.266256294911727309e-04 8.341177366673946381e-03 1.661975402384996414e-04
1.460000000000000000e+03 1.040634379023686051e-04 1.339343725703656673e-04 1.259102106094360352e+00 1.339343725703656673e-04 8.543758653104305267e-03 1.743684406392276287e-04
1.470000000000000000e+03 2.270228869747370481e-04 3.938021254725754261e-04 1.216616034507751465e+00 3.938021254725754261e-04 1.358627900481224060e-02 4.409314133226871490e-04
1.480000000000000000e+03 1.486299734096974134e-04 2.436837385175749660e-04 1.295855998992919922e+00 2.436837385175749660e-04 1.074552629142999649e-02 2.758197078946977854e-04
1.490000000000000000e+03 9.782283450476825237e-05 1.279277930734679103e-04 1.249888777732849121e+00 1.279277930734679103e-04 8.364732377231121063e-03 1.671375212026759982e-04
1.500000000000000000e+03 9.651291475165635347e-05 1.267350744456052780e-04 1.245736598968505859e+00 1.267350744456052780e-04 8.330399170517921448e-03 1.657683169469237328e-04
1.510000000000000000e+03 9.444767783861607313e-05 1.219613768626004457e-04 1.257267355918884277e+00 1.219613768626004457e-04 8.132924325764179230e-03 1.580022944835945964e-04
1.520000000000000000e+03 9.128276724368333817e-05 1.160717074526473880e-04 1.245788455009460449e+00 1.160717074526473880e-04 8.010350167751312256e-03 1.532755704829469323e-04
1.530000000000000000e+03 8.999374404083937407e-05 1.139018277171999216e-04 1.246102809906005859e+00 1.139018277171999216e-04 7.929742336273193359e-03 1.502062805229797959e-04
1.540000000000000000e+03 8.885345596354454756e-05 1.124058544519357383e-04 1.242538213729858398e+00 1.124058544519357383e-04 7.884265854954719543e-03 1.484883832745254040e-04
1.550000000000000000e+03 8.781384531175717711e-05 1.109190488932654262e-04 1.241330862045288086e+00 1.109190488932654262e-04 7.827749475836753845e-03 1.463672087993472815e-04
1.560000000000000000e+03 8.676381548866629601e-05 1.095908082788810134e-04 1.236553788185119629e+00 1.095908082788810134e-04 7.791746873408555984e-03 1.450239069527015090e-04
1.570000000000000000e+03 8.566067117499187589e-05 1.081400114344432950e-04 1.234155297279357910e+00 1.081400114344432950e-04 7.741559762507677078e-03 1.431617274647578597e-04
1.580000000000000000e+03 8.469565364066511393e-05 1.069462668965570629e-04 1.230963706970214844e+00 1.069462668965570629e-04 7.702378090471029282e-03 1.417162420693784952e-04
1.590000000000000000e+03 8.610941586084663868e-05 1.114369079004973173e-04 1.222586274147033691e+00 1.114369079004973173e-04 7.839346304535865784e-03 1.468011905672028661e-04
1.600000000000000000e+03 2.157048438675701618e-04 4.087724955752491951e-04 1.177312254905700684e+00 4.087724955752491951e-04 1.373677235096693039e-02 4.507537232711911201e-04
1.610000000000000000e+03 1.527876447653397918e-04 2.904841676354408264e-04 1.263448953628540039e+00 2.904841676354408264e-04 1.153348293155431747e-02 3.177539329044520855e-04
1.620000000000000000e+03 7.970903970999643207e-05 1.039119379129260778e-04 1.216909766197204590e+00 1.039119379129260778e-04 7.594433613121509552e-03 1.377719454467296600e-04
1.630000000000000000e+03 8.672522380948066711e-05 1.239252451341599226e-04 1.201514363288879395e+00 1.239252451341599226e-04 8.172653615474700928e-03 1.595497597008943558e-04
1.640000000000000000e+03 7.806100620655342937e-05 1.019551782519556582e-04 1.208502531051635742e+00 1.019551782519556582e-04 7.533670868724584579e-03 1.355761341983452439e-04
1.650000000000000000e+03 7.798661681590601802e-05 1.022878059302456677e-04 1.213461518287658691e+00 1.022878059302456677e-04 7.500937208533287048e-03 1.344005431747063994e-04
1.660000000000000000e+03 7.609750900883227587e-05 9.834787488216534257e-05 1.206818461418151855e+00 9.834787488216534257e-05 7.400585338473320007e-03 1.308283972321078181e-04
1.670000000000000000e+03 7.535199983976781368e-05 9.744222188601270318e-05 1.203148484230041504e+00 9.744222188601270318e-05 7.370388600975275040e-03 1.297629351029172540e-04
1.680000000000000000e+03 7.459920743713155389e-05 9.617880277801305056e-05 1.203678488731384277e+00 9.617880277801305056e-05 7.313739508390426636e-03 1.277758856303989887e-04
1.690000000000000000e+03 7.374939013971015811e-05 9.497023711446672678e-05 1.199370622634887695e+00 9.497023711446672678e-05 7.278884761035442352e-03 1.265609171241521835e-04
1.700000000000000000e+03 7.296881085494533181e-05 9.385868179379031062e-05 1.198024272918701172e+00 9.385868179379031062e-05 7.232977077364921570e-03 1.249695196747779846e-04
1.710000000000000000e+03 7.218835526145994663e-05 9.280348604079335928e-05 1.195054769515991211e+00 9.280348604079335928e-05 7.197071798145771027e-03 1.237318647326901555e-04
1.720000000000000000e+03 7.140903471736237407e-05 9.181375935440883040e-05 1.192476630210876465e+00 9.181375935440883040e-05 7.159881293773651123e-03 1.224564184667542577e-04
1.730000000000000000e+03 7.067095430102199316e-05 9.080475865630432963e-05 1.190172791481018066e+00 9.080475865630432963e-05 7.120287045836448669e-03 1.211058115586638451e-04
1.740000000000000000e+03 6.991586997173726559e-05 8.984858141047880054e-05 1.187677264213562012e+00 8.984858141047880054e-05 7.083999924361705780e-03 1.198745667352341115e-04
1.750000000000000000e+03 6.918628787389025092e-05 8.893345511751249433e-05 1.185473442077636719e+00 8.893345511751249433e-05 7.047912571579217911e-03 1.186563385999761522e-04
1.760000000000000000e+03 6.916345591889694333e-05 8.959741535363718867e-05 1.186158061027526855e+00 8.959741535363718867e-05 7.045741192996501923e-03 1.185832516057416797e-04
1.770000000000000000e+03 1.837061136029660702e-04 3.997789171990007162e-04 1.228794455528259277e+00 3.997789171990007162e-04 1.328914146870374680e-02 4.218555986881256104e-04
1.780000000000000000e+03 2.098634286085143685e-04 5.021162214688956738e-04 1.123034715652465820e+00 5.021162214688956738e-04 1.502991002053022385e-02 5.396133055910468102e-04
1.790000000000000000e+03 1.092004749807529151e-04 2.249175449833273888e-04 1.139904499053955078e+00 2.249175449833273888e-04 1.040730252861976624e-02 2.587297058198601007e-04
1.800000000000000000e+03 7.953970634844154119e-05 1.397337618982419372e-04 1.146375417709350586e+00 1.397337618982419372e-04 8.487592451274394989e-03 1.720833824947476387e-04
1.810000000000000000e+03 6.794914952479302883e-05 1.025993915391154587e-04 1.151488780975341797e+00 1.025993915391154587e-04 7.472884375602006912e-03 1.333971158601343632e-04
1.820000000000000000e+03 6.427433982025831938e-05 8.990434434963390231e-05 1.153918266296386719e+00 8.990434434963390231e-05 7.079263217747211456e-03 1.197143210447393358e-04
1.830000000000000000e+03 6.285373819991946220e-05 8.565401367377489805e-05 1.154994010925292969e+00 8.565401367377489805e-05 6.931385956704616547e-03 1.147651637438684702e-04
1.840000000000000000e+03 6.208172271726652980e-05 8.380524377571418881e-05 1.154421329498291016e+00 8.380524377571418881e-05 6.859209388494491577e-03 1.123875190387479961e-04
1.850000000000000000e+03 6.145959923742339015e-05 8.248113590525463223e-05 1.153627038002014160e+00 8.248113590525463223e-05 6.805850192904472351e-03 1.106457348214462399e-04
1.860000000000000000e+03 6.087479050620459020e-05 8.130674541462212801e-05 1.152716875076293945e+00 8.130674541462212801e-05 6.758062168955802917e-03 1.090973601094447076e-04
1.870000000000000000e+03 6.034008038113825023e-05 8.036134386202320457e-05 1.151546835899353027e+00 8.036134386202320457e-05 6.717226933687925339e-03 1.077829365385696292e-04
1.880000000000000000e+03 5.982923175906762481e-05 7.953870954224839807e-05 1.150119543075561523e+00 7.953870954224839807e-05 6.681019905954599380e-03 1.066241384251043200e-04
1.890000000000000000e+03 5.930553015787154436e-05 7.871425623307004571e-05 1.147973775863647461e+00 7.871425623307004571e-05 6.648099981248378754e-03 1.055759494192898273e-04
1.900000000000000000e+03 5.876506475033238530e-05 7.793936674715951085e-05 1.145510315895080566e+00 7.793936674715951085e-05 6.617392413318157196e-03 1.046029065037146211e-04
1.910000000000000000e+03 5.823592437081970274e-05 7.717421976849436760e-05 1.143437147140502930e+00 7.717421976849436760e-05 6.585607305169105530e-03 1.036004541674628854e-04
1.920000000000000000e+03 5.771803989773616195e-05 7.643711433047428727e-05 1.141377210617065430e+00 7.643711433047428727e-05 6.553962361067533493e-03 1.026071913656778634e-04
1.930000000000000000e+03 5.719836190110072494e-05 7.572353206342086196e-05 1.138919115066528320e+00 7.572353206342086196e-05 6.524438504129648209e-03 1.016848691506311297e-04
1.940000000000000000e+03 5.668410085490904748e-05 7.502731023123487830e-05 1.136817932128906250e+00 7.502731023123487830e-05 6.495166569948196411e-03 1.007744649541564286e-04
1.950000000000000000e+03 5.616616545012220740e-05 7.433818245772272348e-05 1.134301066398620605e+00 7.433818245772272348e-05 6.466832943260669708e-03 9.989717364078387618e-05
1.960000000000000000e+03 5.566327308770269156e-05 7.365708734141662717e-05 1.132119894027709961e+00 7.365708734141662717e-05 6.436771247535943985e-03 9.897058043861761689e-05
1.970000000000000000e+03 5.516399687621742487e-05 7.299837307073175907e-05 1.129647254943847656e+00 7.299837307073175907e-05 6.409842055290937424e-03 9.814421355258673429e-05
1.980000000000000000e+03 5.466497896122746170e-05 7.235686643980443478e-05 1.127352356910705566e+00 7.235686643980443478e-05 6.381675135344266891e-03 9.728354052640497684e-05
1.990000000000000000e+03 5.419553417596034706e-05 7.174981146818026900e-05 1.125727057456970215e+00 7.174981146818026900e-05 6.352143362164497375e-03 9.638525079935789108e-05
2.000000000000000000e+03 5.384797987062484026e-05 7.148634904297068715e-05 1.124464631080627441e+00 7.148634904297068715e-05 6.332485005259513855e-03 9.578956814948469400e-05
2.010000000000000000e+03 5.857110591023229063e-05 8.621893357485532761e-05 1.130603432655334473e+00 8.621893357485532761e-05 6.762760225683450699e-03 1.092491147574037313e-04
2.020000000000000000e+03 2.802386879920959473e-04 8.188523352146148682e-04 1.188673615455627441e+00 8.188523352146148682e-04 1.868415810167789459e-02 8.339057676494121552e-04
2.030000000000000000e+03 8.222319593187421560e-05 1.739679864840582013e-04 1.088346719741821289e+00 1.739679864840582013e-04 9.184273891150951385e-03 2.014928613789379597e-04
2.040000000000000000e+03 7.116400956874713302e-05 1.442022621631622314e-04 1.087325453758239746e+00 1.442022621631622314e-04 8.468857966363430023e-03 1.713245728751644492e-04
2.050000000000000000e+03 5.234710624790750444e-05 7.787995127728208899e-05 1.097885012626647949e+00 7.787995127728208899e-05 6.571721285581588745e-03 1.031639985740184784e-04
2.060000000000000000e+03 5.013190457248128951e-05 7.003724749665707350e-05 1.104963183403015137e+00 7.003724749665707350e-05 6.267538759857416153e-03 9.383479482494294643e-05
2.070000000000000000e+03 5.052423875895328820e-05 7.181469118222594261e-05 1.105771064758300781e+00 7.181469118222594261e-05 6.311323959380388260e-03 9.515044803265482187e-05
2.080000000000000000e+03 4.919436833006329834e-05 6.781019328627735376e-05 1.100756883621215820e+00 6.781019328627735376e-05 6.183018442243337631e-03 9.132108243647962809e-05
2.090000000000000000e+03 4.891181015409529209e-05 6.746280996594578028e-05 1.096541285514831543e+00 6.746280996594578028e-05 6.173258647322654724e-03 9.103301999857649207e-05
2.100000000000000000e+03 4.843161514145322144e-05 6.635688623646274209e-05 1.096899032592773438e+00 6.635688623646274209e-05 6.120355799794197083e-03 8.947945752879604697e-05
2.110000000000000000e+03 4.809496022062376142e-05 6.573657447006553411e-05 1.095365047454833984e+00 6.573657447006553411e-05 6.091216579079627991e-03 8.862944378051906824e-05
2.120000000000000000e+03 4.771492967847734690e-05 6.515839049825444818e-05 1.092566490173339844e+00 6.515839049825444818e-05 6.067703012377023697e-03 8.794650784693658352e-05
2.130000000000000000e+03 4.735300171887502074e-05 6.454214599216356874e-05 1.091421008110046387e+00 6.454214599216356874e-05 6.036799866706132889e-03 8.705296204425394535e-05
2.140000000000000000e+03 4.699145574704743922e-05 6.397524703061208129e-05 1.088972687721252441e+00 6.397524703061208129e-05 6.012276280671358109e-03 8.634709956822916865e-05
2.150000000000000000e+03 4.661090861191041768e-05 6.343253335217013955e-05 1.086965680122375488e+00 6.343253335217013955e-05 5.986463744193315506e-03 8.560727292206138372e-05
2.160000000000000000e+03 4.626524605555459857e-05 6.292725447565317154e-05 1.085575461387634277e+00 6.292725447565317154e-05 5.960192997008562088e-03 8.485758007736876607e-05
2.170000000000000000e+03 4.588987940223887563e-05 6.237607158254832029e-05 1.083337783813476562e+00 6.237607158254832029e-05 5.934649147093296051e-03 8.413177420152351260e-05
2.180000000000000000e+03 4.553415055852383375e-05 6.187940743984654546e-05 1.081184625625610352e+00 6.187940743984654546e-05 5.911093670874834061e-03 8.346523827640339732e-05
2.190000000000000000e+03 4.542811075225472450e-05 6.214124732650816441e-05 1.080790877342224121e+00 6.214124732650816441e-05 5.907481536269187927e-03 8.336325845448300242e-05
2.200000000000000000e+03 5.350164428818970919e-05 8.960363629739731550e-05 1.089558362960815430e+00 8.960363629739731550e-05 6.767598446458578110e-03 1.094054750865325332e-04
2.210000000000000000e+03 2.375097974436357617e-04 7.702787406742572784e-04 1.139592528343200684e+00 7.702787406742572784e-04 1.811337657272815704e-02 7.837340235710144043e-04
2.220000000000000000e+03 5.854454502696171403e-05 1.188426685985177755e-04 1.051653385162353516e+00 1.188426685985177755e-04 7.716490887105464935e-03 1.422360364813357592e-04
2.230000000000000000e+03 5.800220606033690274e-05 1.208060566568747163e-04 1.046863436698913574e+00 1.208060566568747163e-04 7.775247562676668167e-03 1.444103691028431058e-04
2.240000000000000000e+03 4.249186167726293206e-05 6.079505328671075404e-05 1.061025738716125488e+00 6.079505328671075404e-05 5.871274508535861969e-03 8.234452252509072423e-05
2.250000000000000000e+03 4.396572694531641901e-05 6.693806062685325742e-05 1.066599845886230469e+00 6.693806062685325742e-05 6.048063281923532486e-03 8.737810276215896010e-05
2.260000000000000000e+03 4.205702498438768089e-05 5.990723730064928532e-05 1.061220288276672363e+00 5.990723730064928532e-05 5.811017006635665894e-03 8.066296868491917849e-05
2.270000000000000000e+03 4.183090641163289547e-05 5.956400127615779638e-05 1.055529832839965820e+00 5.956400127615779638e-05 5.806833971291780472e-03 8.054689533310011029e-05
2.280000000000000000e+03 4.134784830966964364e-05 5.810844231746159494e-05 1.056472897529602051e+00 5.810844231746159494e-05 5.736746825277805328e-03 7.861426274757832289e-05
2.290000000000000000e+03 4.110486406716518104e-05 5.762233195127919316e-05 1.055346608161926270e+00 5.762233195127919316e-05 5.709939170628786087e-03 7.788123912177979946e-05
2.300000000000000000e+03 4.081896622665226460e-05 5.710174445994198322e-05 1.052553534507751465e+00 5.710174445994198322e-05 5.689242854714393616e-03 7.731768710073083639e-05
2.310000000000000000e+03 4.053640805068425834e-05 5.657379733747802675e-05 1.051616549491882324e+00 5.657379733747802675e-05 5.660424474626779556e-03 7.653638022020459175e-05
2.320000000000000000e+03 4.024438749183900654e-05 5.609371874015778303e-05 1.049372196197509766e+00 5.609371874015778303e-05 5.637571215629577637e-03 7.591961912112310529e-05
2.330000000000000000e+03 3.995996667072176933e-05 5.563779632211662829e-05 1.047322630882263184e+00 5.563779632211662829e-05 5.615665111690759659e-03 7.533076131949201226e-05
2.340000000000000000e+03 3.967026714235544205e-05 5.518424222827889025e-05 1.045615077018737793e+00 5.518424222827889025e-05 5.591958295553922653e-03 7.469607953680679202e-05
2.350000000000000000e+03 3.939608723158016801e-05 5.476196383824571967e-05 1.043275475502014160e+00 5.476196383824571967e-05 5.571692250669002533e-03 7.415562868118286133e-05
2.360000000000000000e+03 3.910557643393985927e-05 5.433801561594009399e-05 1.041293740272521973e+00 5.433801561594009399e-05 5.549780558794736862e-03 7.357352296821773052e-05
2.370000000000000000e+03 3.886194826918654144e-05 5.410097946878522635e-05 1.038563251495361328e+00 5.410097946878522635e-05 5.538970697671175003e-03 7.328719220822677016e-05
2.380000000000000000e+03 4.065976463607512414e-05 6.130950350780040026e-05 1.031090855598449707e+00 6.130950350780040026e-05 5.819796118885278702e-03 8.090688061201944947e-05
2.390000000000000000e+03 2.045666915364563465e-04 6.409023189917206764e-04 9.798039793968200684e-01 6.409023189917206764e-04 1.669031381607055664e-02 6.654246826656162739e-04
2.400000000000000000e+03 1.205489097628742456e-04 4.319158906582742929e-04 1.077749133110046387e+00 4.319158906582742929e-04 1.365741249173879623e-02 4.455606394913047552e-04
2.410000000000000000e+03 5.834853800479322672e-05 1.504184619989246130e-04 1.049343109130859375e+00 1.504184619989246130e-04 8.359273895621299744e-03 1.669195044087246060e-04
2.420000000000000000e+03 4.053728480357676744e-05 7.217797974590212107e-05 1.032287359237670898e+00 7.217797974590212107e-05 6.152822170406579971e-03 9.043127647601068020e-05
2.430000000000000000e+03 3.640628347056917846e-05 5.453046105685643852e-05 1.022693753242492676e+00 5.453046105685643852e-05 5.540390498936176300e-03 7.332477252930402756e-05
2.440000000000000000e+03 3.594924055505543947e-05 5.305108788888901472e-05 1.018308281898498535e+00 5.305108788888901472e-05 5.493965931236743927e-03 7.210110925370827317e-05
2.450000000000000000e+03 3.597003524191677570e-05 5.348523336579091847e-05 1.016217827796936035e+00 5.348523336579091847e-05 5.504729226231575012e-03 7.238388207042589784e-05
2.460000000000000000e+03 3.563879727153107524e-05 5.230916212894953787e-05 1.015793204307556152e+00 5.230916212894953787e-05 5.449284799396991730e-03 7.093310705386102200e-05
2.470000000000000000e+03 3.531961192493326962e-05 5.115829480928368866e-05 1.016341805458068848e+00 5.115829480928368866e-05 5.391129292547702789e-03 6.942716572666540742e-05
2.480000000000000000e+03 3.513498450047336519e-05 5.071373379905708134e-05 1.015380263328552246e+00 5.071373379905708134e-05 5.365330725908279419e-03 6.876428960822522640e-05
2.490000000000000000e+03 3.491122333798557520e-05 5.023524499847553670e-05 1.013682365417480469e+00 5.023524499847553670e-05 5.340617150068283081e-03 6.813226355006918311e-05
2.500000000000000000e+03 3.470167575869709253e-05 4.982187965651974082e-05 1.011609435081481934e+00 4.982187965651974082e-05 5.319755990058183670e-03 6.760103133274242282e-05
