# step, loss_train, loss_test, metrics_test
0.000000000000000000e+00 8.085937500000000000e+00 6.695604801177978516e+00 7.857610321044921875e+01 8.085937500000000000e+00 6.695604801177978516e+00 7.857610321044921875e+01 0.000000000000000000e+00 3.242766189575195312e+01
1.000000000000000000e+01 7.687500000000000000e+00 6.770610332489013672e+00 6.739842987060546875e+01 7.687500000000000000e+00 6.770610332489013672e+00 6.739842987060546875e+01 0.000000000000000000e+00 2.771859931945800781e+01
2.000000000000000000e+01 7.222656250000000000e+00 7.022421836853027344e+00 6.027152633666992188e+01 7.222656250000000000e+00 7.022421836853027344e+00 6.027152633666992188e+01 0.000000000000000000e+00 2.478842163085937500e+01
3.000000000000000000e+01 6.894531250000000000e+00 7.259624958038330078e+00 5.314902114868164062e+01 6.894531250000000000e+00 7.259624958038330078e+00 5.314902114868164062e+01 0.000000000000000000e+00 2.201663208007812500e+01
4.000000000000000000e+01 6.351562500000000000e+00 7.734253883361816406e+00 4.569190979003906250e+01 6.351562500000000000e+00 7.734253883361816406e+00 4.569190979003906250e+01 0.000000000000000000e+00 1.914505386352539062e+01
5.000000000000000000e+01 5.023437500000000000e+00 8.028799057006835938e+00 3.907869338989257812e+01 5.023437500000000000e+00 8.028799057006835938e+00 3.907869338989257812e+01 0.000000000000000000e+00 1.651775169372558594e+01
6.000000000000000000e+01 3.806640625000000000e+00 8.282567977905273438e+00 3.316378402709960938e+01 3.806640625000000000e+00 8.282567977905273438e+00 3.316378402709960938e+01 0.000000000000000000e+00 1.406561946868896484e+01
7.000000000000000000e+01 2.580078125000000000e+00 8.396656990051269531e+00 2.839072418212890625e+01 2.580078125000000000e+00 8.396656990051269531e+00 2.839072418212890625e+01 0.000000000000000000e+00 1.201029109954833984e+01
8.000000000000000000e+01 1.740234375000000000e+00 8.233077049255371094e+00 2.473895835876464844e+01 1.740234375000000000e+00 8.233077049255371094e+00 2.473895835876464844e+01 0.000000000000000000e+00 1.038297843933105469e+01
9.000000000000000000e+01 1.267578125000000000e+00 8.037720680236816406e+00 2.192509841918945312e+01 1.267578125000000000e+00 8.037720680236816406e+00 2.192509841918945312e+01 0.000000000000000000e+00 9.120279312133789062e+00
1.000000000000000000e+02 9.619140625000000000e-01 7.865757942199707031e+00 1.968845748901367188e+01 9.619140625000000000e-01 7.865757942199707031e+00 1.968845748901367188e+01 0.000000000000000000e+00 8.178733825683593750e+00
1.100000000000000000e+02 7.934570312500000000e-01 7.768744468688964844e+00 1.780209541320800781e+01 7.934570312500000000e-01 7.768744468688964844e+00 1.780209541320800781e+01 0.000000000000000000e+00 7.415123939514160156e+00
1.200000000000000000e+02 6.582031250000000000e-01 7.652649402618408203e+00 1.624981117248535156e+01 6.582031250000000000e-01 7.652649402618408203e+00 1.624981117248535156e+01 0.000000000000000000e+00 6.814240932464599609e+00
1.300000000000000000e+02 5.581054687500000000e-01 7.546738147735595703e+00 1.491711044311523438e+01 5.581054687500000000e-01 7.546738147735595703e+00 1.491711044311523438e+01 0.000000000000000000e+00 6.319625377655029297e+00
1.400000000000000000e+02 4.934082031250000000e-01 7.440886497497558594e+00 1.374847221374511719e+01 4.934082031250000000e-01 7.440886497497558594e+00 1.374847221374511719e+01 0.000000000000000000e+00 5.892405033111572266e+00
1.500000000000000000e+02 4.350585937500000000e-01 7.353524684906005859e+00 1.271697139739990234e+01 4.350585937500000000e-01 7.353524684906005859e+00 1.271697139739990234e+01 0.000000000000000000e+00 5.514421463012695312e+00
1.600000000000000000e+02 3.955078125000000000e-01 7.275014877319335938e+00 1.179937839508056641e+01 3.955078125000000000e-01 7.275014877319335938e+00 1.179937839508056641e+01 0.000000000000000000e+00 5.182701110839843750e+00
1.700000000000000000e+02 3.566894531250000000e-01 7.222630500793457031e+00 1.097064399719238281e+01 3.566894531250000000e-01 7.222630500793457031e+00 1.097064399719238281e+01 0.000000000000000000e+00 4.879168033599853516e+00
1.800000000000000000e+02 3.344726562500000000e-01 7.169534683227539062e+00 1.022900867462158203e+01 3.344726562500000000e-01 7.169534683227539062e+00 1.022900867462158203e+01 0.000000000000000000e+00 4.610318660736083984e+00
1.900000000000000000e+02 2.976074218750000000e-01 7.130165100097656250e+00 9.555214881896972656e+00 2.976074218750000000e-01 7.130165100097656250e+00 9.555214881896972656e+00 0.000000000000000000e+00 4.364236831665039062e+00
2.000000000000000000e+02 2.766113281250000000e-01 7.089380741119384766e+00 8.948987007141113281e+00 2.766113281250000000e-01 7.089380741119384766e+00 8.948987007141113281e+00 0.000000000000000000e+00 4.145717144012451172e+00
2.100000000000000000e+02 2.578125000000000000e-01 7.051661968231201172e+00 8.399160385131835938e+00 2.578125000000000000e-01 7.051661968231201172e+00 8.399160385131835938e+00 0.000000000000000000e+00 3.948053836822509766e+00
2.200000000000000000e+02 2.427978515625000000e-01 7.017850875854492188e+00 7.896733283996582031e+00 2.427978515625000000e-01 7.017850875854492188e+00 7.896733283996582031e+00 0.000000000000000000e+00 3.766907691955566406e+00
2.300000000000000000e+02 2.307128906250000000e-01 6.989667892456054688e+00 7.435181140899658203e+00 2.307128906250000000e-01 6.989667892456054688e+00 7.435181140899658203e+00 0.000000000000000000e+00 3.598475933074951172e+00
2.400000000000000000e+02 2.274169921875000000e-01 6.960123062133789062e+00 7.017481803894042969e+00 2.274169921875000000e-01 6.960123062133789062e+00 7.017481803894042969e+00 0.000000000000000000e+00 3.451460599899291992e+00
2.500000000000000000e+02 2.222900390625000000e-01 6.944192886352539062e+00 6.625147342681884766e+00 2.222900390625000000e-01 6.944192886352539062e+00 6.625147342681884766e+00 0.000000000000000000e+00 3.302351713180541992e+00
2.600000000000000000e+02 2.064208984375000000e-01 6.930350780487060547e+00 6.257704257965087891e+00 2.064208984375000000e-01 6.930350780487060547e+00 6.257704257965087891e+00 0.000000000000000000e+00 3.162411928176879883e+00
2.700000000000000000e+02 1.975097656250000000e-01 6.913288593292236328e+00 5.916570663452148438e+00 1.975097656250000000e-01 6.913288593292236328e+00 5.916570663452148438e+00 0.000000000000000000e+00 3.035920619964599609e+00
2.800000000000000000e+02 1.882324218750000000e-01 6.897219657897949219e+00 5.596891403198242188e+00 1.882324218750000000e-01 6.897219657897949219e+00 5.596891403198242188e+00 0.000000000000000000e+00 2.916981697082519531e+00
2.900000000000000000e+02 1.944580078125000000e-01 6.883901119232177734e+00 5.297395229339599609e+00 1.944580078125000000e-01 6.883901119232177734e+00 5.297395229339599609e+00 0.000000000000000000e+00 2.803887844085693359e+00
3.000000000000000000e+02 2.016601562500000000e-01 6.867225170135498047e+00 5.023258686065673828e+00 2.016601562500000000e-01 6.867225170135498047e+00 5.023258686065673828e+00 0.000000000000000000e+00 2.707942485809326172e+00
3.100000000000000000e+02 1.790771484375000000e-01 6.858954906463623047e+00 4.756707668304443359e+00 1.790771484375000000e-01 6.858954906463623047e+00 4.756707668304443359e+00 0.000000000000000000e+00 2.603600978851318359e+00
3.200000000000000000e+02 1.822509765625000000e-01 6.849191188812255859e+00 4.507706642150878906e+00 1.822509765625000000e-01 6.849191188812255859e+00 4.507706642150878906e+00 0.000000000000000000e+00 2.508756160736083984e+00
3.300000000000000000e+02 1.794433593750000000e-01 6.837460041046142578e+00 4.275996685028076172e+00 1.794433593750000000e-01 6.837460041046142578e+00 4.275996685028076172e+00 0.000000000000000000e+00 2.422396183013916016e+00
3.400000000000000000e+02 1.948242187500000000e-01 6.827100276947021484e+00 4.058313369750976562e+00 1.948242187500000000e-01 6.827100276947021484e+00 4.058313369750976562e+00 0.000000000000000000e+00 2.339322566986083984e+00
3.500000000000000000e+02 2.193603515625000000e-01 6.817612171173095703e+00 3.869647502899169922e+00 2.193603515625000000e-01 6.817612171173095703e+00 3.869647502899169922e+00 0.000000000000000000e+00 2.275652647018432617e+00
3.600000000000000000e+02 1.652832031250000000e-01 6.810996055603027344e+00 3.669723987579345703e+00 1.652832031250000000e-01 6.810996055603027344e+00 3.669723987579345703e+00 0.000000000000000000e+00 2.194156169891357422e+00
3.700000000000000000e+02 1.729736328125000000e-01 6.804060459136962891e+00 3.488671064376831055e+00 1.729736328125000000e-01 6.804060459136962891e+00 3.488671064376831055e+00 0.000000000000000000e+00 2.124001741409301758e+00
3.800000000000000000e+02 1.634521484375000000e-01 6.796349525451660156e+00 3.319911479949951172e+00 1.634521484375000000e-01 6.796349525451660156e+00 3.319911479949951172e+00 0.000000000000000000e+00 2.060255289077758789e+00
3.900000000000000000e+02 1.562500000000000000e-01 6.788661479949951172e+00 3.161242723464965820e+00 1.562500000000000000e-01 6.788661479949951172e+00 3.161242723464965820e+00 0.000000000000000000e+00 2.001157283782958984e+00
4.000000000000000000e+02 3.334960937500000000e-01 6.785653591156005859e+00 3.044856548309326172e+00 3.334960937500000000e-01 6.785653591156005859e+00 3.044856548309326172e+00 0.000000000000000000e+00 1.968935132026672363e+00
4.100000000000000000e+02 1.478271484375000000e-01 6.777017116546630859e+00 2.878298044204711914e+00 1.478271484375000000e-01 6.777017116546630859e+00 2.878298044204711914e+00 0.000000000000000000e+00 1.890623092651367188e+00
4.200000000000000000e+02 1.756591796875000000e-01 6.774949073791503906e+00 2.746243000030517578e+00 1.756591796875000000e-01 6.774949073791503906e+00 2.746243000030517578e+00 0.000000000000000000e+00 1.840790271759033203e+00
4.300000000000000000e+02 1.470947265625000000e-01 6.765464782714843750e+00 2.622246503829956055e+00 1.470947265625000000e-01 6.765464782714843750e+00 2.622246503829956055e+00 0.000000000000000000e+00 1.790252208709716797e+00
4.400000000000000000e+02 1.485595703125000000e-01 6.758401870727539062e+00 2.506727695465087891e+00 1.485595703125000000e-01 6.758401870727539062e+00 2.506727695465087891e+00 0.000000000000000000e+00 1.747480511665344238e+00
4.500000000000000000e+02 1.960449218750000000e-01 6.750032901763916016e+00 2.404617547988891602e+00 1.960449218750000000e-01 6.750032901763916016e+00 2.404617547988891602e+00 0.000000000000000000e+00 1.715418815612792969e+00
4.600000000000000000e+02 1.711425781250000000e-01 6.747590065002441406e+00 2.301360845565795898e+00 1.711425781250000000e-01 6.747590065002441406e+00 2.301360845565795898e+00 0.000000000000000000e+00 1.668648719787597656e+00
4.700000000000000000e+02 1.363525390625000000e-01 6.741674423217773438e+00 2.197796344757080078e+00 1.363525390625000000e-01 6.741674423217773438e+00 2.197796344757080078e+00 0.000000000000000000e+00 1.629720568656921387e+00
4.800000000000000000e+02 1.437988281250000000e-01 6.735731601715087891e+00 2.104826927185058594e+00 1.437988281250000000e-01 6.735731601715087891e+00 2.104826927185058594e+00 0.000000000000000000e+00 1.592530012130737305e+00
4.900000000000000000e+02 1.315917968750000000e-01 6.730415344238281250e+00 2.015749454498291016e+00 1.315917968750000000e-01 6.730415344238281250e+00 2.015749454498291016e+00 0.000000000000000000e+00 1.558005571365356445e+00
5.000000000000000000e+02 1.314697265625000000e-01 6.725123882293701172e+00 1.931218743324279785e+00 1.314697265625000000e-01 6.725123882293701172e+00 1.931218743324279785e+00 0.000000000000000000e+00 1.523831605911254883e+00
5.100000000000000000e+02 1.655273437500000000e-01 6.712180137634277344e+00 1.876060485839843750e+00 1.655273437500000000e-01 6.712180137634277344e+00 1.876060485839843750e+00 0.000000000000000000e+00 1.527260422706604004e+00
5.200000000000000000e+02 2.041015625000000000e-01 6.719820499420166016e+00 1.813178539276123047e+00 2.041015625000000000e-01 6.719820499420166016e+00 1.813178539276123047e+00 0.000000000000000000e+00 1.485860705375671387e+00
5.300000000000000000e+02 1.456298828125000000e-01 6.722563266754150391e+00 1.730797648429870605e+00 1.456298828125000000e-01 6.722563266754150391e+00 1.730797648429870605e+00 0.000000000000000000e+00 1.445457696914672852e+00
5.400000000000000000e+02 1.367187500000000000e-01 6.718771934509277344e+00 1.656250953674316406e+00 1.367187500000000000e-01 6.718771934509277344e+00 1.656250953674316406e+00 0.000000000000000000e+00 1.413302302360534668e+00
5.500000000000000000e+02 1.239013671875000000e-01 6.712899208068847656e+00 1.591494917869567871e+00 1.239013671875000000e-01 6.712899208068847656e+00 1.591494917869567871e+00 0.000000000000000000e+00 1.390245199203491211e+00
5.600000000000000000e+02 1.213989257812500000e-01 6.708657741546630859e+00 1.528432130813598633e+00 1.213989257812500000e-01 6.708657741546630859e+00 1.528432130813598633e+00 0.000000000000000000e+00 1.360814452171325684e+00
5.700000000000000000e+02 1.206665039062500000e-01 6.703348636627197266e+00 1.470059037208557129e+00 1.206665039062500000e-01 6.703348636627197266e+00 1.470059037208557129e+00 0.000000000000000000e+00 1.337197661399841309e+00
5.800000000000000000e+02 1.203002929687500000e-01 6.698630809783935547e+00 1.414807438850402832e+00 1.203002929687500000e-01 6.698630809783935547e+00 1.414807438850402832e+00 0.000000000000000000e+00 1.315037131309509277e+00
5.900000000000000000e+02 1.199951171875000000e-01 6.694031715393066406e+00 1.362080812454223633e+00 1.199951171875000000e-01 6.694031715393066406e+00 1.362080812454223633e+00 0.000000000000000000e+00 1.294066905975341797e+00
6.000000000000000000e+02 1.196899414062500000e-01 6.689998149871826172e+00 1.311758756637573242e+00 1.196899414062500000e-01 6.689998149871826172e+00 1.311758756637573242e+00 0.000000000000000000e+00 1.273202657699584961e+00
6.100000000000000000e+02 1.192626953125000000e-01 6.685961723327636719e+00 1.263905167579650879e+00 1.192626953125000000e-01 6.685961723327636719e+00 1.263905167579650879e+00 0.000000000000000000e+00 1.253111362457275391e+00
6.200000000000000000e+02 1.193847656250000000e-01 6.682526111602783203e+00 1.217867016792297363e+00 1.193847656250000000e-01 6.682526111602783203e+00 1.217867016792297363e+00 0.000000000000000000e+00 1.233929872512817383e+00
6.300000000000000000e+02 1.437988281250000000e-01 6.681490421295166016e+00 1.175311207771301270e+00 1.437988281250000000e-01 6.681490421295166016e+00 1.175311207771301270e+00 0.000000000000000000e+00 1.218248724937438965e+00
6.400000000000000000e+02 2.866210937500000000e-01 6.681126594543457031e+00 1.175734639167785645e+00 2.866210937500000000e-01 6.681126594543457031e+00 1.175734639167785645e+00 0.000000000000000000e+00 1.220331907272338867e+00
6.500000000000000000e+02 1.160278320312500000e-01 6.678079605102539062e+00 1.099933385848999023e+00 1.160278320312500000e-01 6.678079605102539062e+00 1.099933385848999023e+00 0.000000000000000000e+00 1.181116104125976562e+00
6.600000000000000000e+02 1.174316406250000000e-01 6.676754474639892578e+00 1.061039447784423828e+00 1.174316406250000000e-01 6.676754474639892578e+00 1.061039447784423828e+00 0.000000000000000000e+00 1.162872791290283203e+00
6.700000000000000000e+02 1.184692382812500000e-01 6.672767639160156250e+00 1.025418996810913086e+00 1.184692382812500000e-01 6.672767639160156250e+00 1.025418996810913086e+00 0.000000000000000000e+00 1.145246624946594238e+00
6.800000000000000000e+02 1.108398437500000000e-01 6.668468475341796875e+00 9.885583519935607910e-01 1.108398437500000000e-01 6.668468475341796875e+00 9.885583519935607910e-01 0.000000000000000000e+00 1.131767392158508301e+00
6.900000000000000000e+02 1.135864257812500000e-01 6.665856361389160156e+00 9.547212719917297363e-01 1.135864257812500000e-01 6.665856361389160156e+00 9.547212719917297363e-01 0.000000000000000000e+00 1.117327928543090820e+00
7.000000000000000000e+02 4.245605468750000000e-01 6.667204856872558594e+00 9.494342803955078125e-01 4.245605468750000000e-01 6.667204856872558594e+00 9.494342803955078125e-01 0.000000000000000000e+00 1.119305610656738281e+00
7.100000000000000000e+02 2.187500000000000000e-01 6.663403987884521484e+00 9.122775197029113770e-01 2.187500000000000000e-01 6.663403987884521484e+00 9.122775197029113770e-01 0.000000000000000000e+00 1.102971673011779785e+00
7.200000000000000000e+02 1.044921875000000000e-01 6.662548065185546875e+00 8.706687688827514648e-01 1.044921875000000000e-01 6.662548065185546875e+00 8.706687688827514648e-01 0.000000000000000000e+00 1.081491470336914062e+00
7.300000000000000000e+02 1.174316406250000000e-01 6.660162925720214844e+00 8.418332934379577637e-01 1.174316406250000000e-01 6.660162925720214844e+00 8.418332934379577637e-01 0.000000000000000000e+00 1.066940426826477051e+00
7.400000000000000000e+02 1.077880859375000000e-01 6.657167911529541016e+00 8.139925599098205566e-01 1.077880859375000000e-01 6.657167911529541016e+00 8.139925599098205566e-01 0.000000000000000000e+00 1.055280447006225586e+00
7.500000000000000000e+02 1.052856445312500000e-01 6.654829025268554688e+00 7.866342663764953613e-01 1.052856445312500000e-01 6.654829025268554688e+00 7.866342663764953613e-01 0.000000000000000000e+00 1.041413903236389160e+00
7.600000000000000000e+02 1.032714843750000000e-01 6.652280807495117188e+00 7.613093852996826172e-01 1.032714843750000000e-01 6.652280807495117188e+00 7.613093852996826172e-01 0.000000000000000000e+00 1.030493617057800293e+00
7.700000000000000000e+02 1.035156250000000000e-01 6.649902820587158203e+00 7.367814779281616211e-01 1.035156250000000000e-01 6.649902820587158203e+00 7.367814779281616211e-01 0.000000000000000000e+00 1.019875645637512207e+00
7.800000000000000000e+02 1.546630859375000000e-01 6.647855281829833984e+00 7.204266786575317383e-01 1.546630859375000000e-01 6.647855281829833984e+00 7.204266786575317383e-01 0.000000000000000000e+00 1.013538599014282227e+00
7.900000000000000000e+02 2.497558593750000000e-01 6.647798538208007812e+00 7.235984206199645996e-01 2.497558593750000000e-01 6.647798538208007812e+00 7.235984206199645996e-01 0.000000000000000000e+00 1.019930124282836914e+00
8.000000000000000000e+02 1.187744140625000000e-01 6.650941848754882812e+00 6.832427382469177246e-01 1.187744140625000000e-01 6.650941848754882812e+00 6.832427382469177246e-01 0.000000000000000000e+00 9.939996600151062012e-01
8.100000000000000000e+02 9.521484375000000000e-02 6.648584842681884766e+00 6.564376354217529297e-01 9.521484375000000000e-02 6.648584842681884766e+00 6.564376354217529297e-01 0.000000000000000000e+00 9.790742993354797363e-01
8.200000000000000000e+02 9.954833984375000000e-02 6.646290779113769531e+00 6.378365159034729004e-01 9.954833984375000000e-02 6.646290779113769531e+00 6.378365159034729004e-01 0.000000000000000000e+00 9.699766635894775391e-01
8.300000000000000000e+02 9.600830078125000000e-02 6.643801689147949219e+00 6.162233948707580566e-01 9.600830078125000000e-02 6.643801689147949219e+00 6.162233948707580566e-01 0.000000000000000000e+00 9.590440988540649414e-01
8.400000000000000000e+02 9.478759765625000000e-02 6.641244888305664062e+00 5.973729491233825684e-01 9.478759765625000000e-02 6.641244888305664062e+00 5.973729491233825684e-01 0.000000000000000000e+00 9.524670243263244629e-01
8.500000000000000000e+02 9.796142578125000000e-02 6.639838218688964844e+00 5.789024233818054199e-01 9.796142578125000000e-02 6.639838218688964844e+00 5.789024233818054199e-01 0.000000000000000000e+00 9.435178041458129883e-01
8.600000000000000000e+02 3.691406250000000000e-01 6.647283554077148438e+00 5.811796784400939941e-01 3.691406250000000000e-01 6.647283554077148438e+00 5.811796784400939941e-01 0.000000000000000000e+00 9.520846605300903320e-01
8.700000000000000000e+02 1.119384765625000000e-01 6.638988018035888672e+00 5.531956553459167480e-01 1.119384765625000000e-01 6.638988018035888672e+00 5.531956553459167480e-01 0.000000000000000000e+00 9.360390305519104004e-01
8.800000000000000000e+02 1.318359375000000000e-01 6.640928745269775391e+00 5.378891229629516602e-01 1.318359375000000000e-01 6.640928745269775391e+00 5.378891229629516602e-01 0.000000000000000000e+00 9.247929453849792480e-01
8.900000000000000000e+02 9.252929687500000000e-02 6.638164997100830078e+00 5.198136568069458008e-01 9.252929687500000000e-02 6.638164997100830078e+00 5.198136568069458008e-01 0.000000000000000000e+00 9.143112301826477051e-01
9.000000000000000000e+02 8.758544921875000000e-02 6.635776042938232422e+00 5.045135617256164551e-01 8.758544921875000000e-02 6.635776042938232422e+00 5.045135617256164551e-01 0.000000000000000000e+00 9.066819548606872559e-01
9.100000000000000000e+02 8.709716796875000000e-02 6.634154319763183594e+00 4.892488121986389160e-01 8.709716796875000000e-02 6.634154319763183594e+00 4.892488121986389160e-01 0.000000000000000000e+00 8.992700576782226562e-01
9.200000000000000000e+02 8.715820312500000000e-02 6.632699012756347656e+00 4.750317335128784180e-01 8.715820312500000000e-02 6.632699012756347656e+00 4.750317335128784180e-01 0.000000000000000000e+00 8.936361074447631836e-01
9.300000000000000000e+02 9.179687500000000000e-02 6.631547927856445312e+00 4.623804092407226562e-01 9.179687500000000000e-02 6.631547927856445312e+00 4.623804092407226562e-01 0.000000000000000000e+00 8.881904482841491699e-01
9.400000000000000000e+02 3.515625000000000000e-01 6.631951332092285156e+00 4.931544363498687744e-01 3.515625000000000000e-01 6.631951332092285156e+00 4.931544363498687744e-01 0.000000000000000000e+00 9.092583060264587402e-01
9.500000000000000000e+02 1.367187500000000000e-01 6.632325172424316406e+00 4.527364671230316162e-01 1.367187500000000000e-01 6.632325172424316406e+00 4.527364671230316162e-01 0.000000000000000000e+00 8.843058943748474121e-01
9.600000000000000000e+02 9.899902343750000000e-02 6.633035659790039062e+00 4.338797628879547119e-01 9.899902343750000000e-02 6.633035659790039062e+00 4.338797628879547119e-01 0.000000000000000000e+00 8.711965084075927734e-01
9.700000000000000000e+02 8.239746093750000000e-02 6.630940914154052734e+00 4.170967042446136475e-01 8.239746093750000000e-02 6.630940914154052734e+00 4.170967042446136475e-01 0.000000000000000000e+00 8.620852231979370117e-01
9.800000000000000000e+02 8.099365234375000000e-02 6.628858566284179688e+00 4.049851596355438232e-01 8.099365234375000000e-02 6.628858566284179688e+00 4.049851596355438232e-01 0.000000000000000000e+00 8.560672998428344727e-01
9.900000000000000000e+02 8.166503906250000000e-02 6.627372741699218750e+00 3.936688303947448730e-01 8.166503906250000000e-02 6.627372741699218750e+00 3.936688303947448730e-01 0.000000000000000000e+00 8.512808680534362793e-01
1.000000000000000000e+03 7.965087890625000000e-02 6.625852584838867188e+00 3.827393054962158203e-01 7.965087890625000000e-02 6.625852584838867188e+00 3.827393054962158203e-01 0.000000000000000000e+00 8.462300896644592285e-01
1.010000000000000000e+03 1.047363281250000000e-01 6.625464916229248047e+00 3.748975992202758789e-01 1.047363281250000000e-01 6.625464916229248047e+00 3.748975992202758789e-01 0.000000000000000000e+00 8.413265347480773926e-01
1.020000000000000000e+03 4.890136718750000000e-01 6.631010532379150391e+00 4.121780097484588623e-01 4.890136718750000000e-01 6.631010532379150391e+00 4.121780097484588623e-01 0.000000000000000000e+00 8.783118724822998047e-01
1.030000000000000000e+03 1.572265625000000000e-01 6.631769657135009766e+00 3.851003944873809814e-01 1.572265625000000000e-01 6.631769657135009766e+00 3.851003944873809814e-01 0.000000000000000000e+00 8.410834074020385742e-01
1.040000000000000000e+03 7.183837890625000000e-02 6.630444049835205078e+00 3.556863963603973389e-01 7.183837890625000000e-02 6.630444049835205078e+00 3.556863963603973389e-01 0.000000000000000000e+00 8.310192823410034180e-01
1.050000000000000000e+03 8.117675781250000000e-02 6.627899169921875000e+00 3.470481038093566895e-01 8.117675781250000000e-02 6.627899169921875000e+00 3.470481038093566895e-01 0.000000000000000000e+00 8.259638547897338867e-01
1.060000000000000000e+03 7.525634765625000000e-02 6.626416683197021484e+00 3.348772227764129639e-01 7.525634765625000000e-02 6.626416683197021484e+00 3.348772227764129639e-01 0.000000000000000000e+00 8.181802630424499512e-01
1.070000000000000000e+03 7.171630859375000000e-02 6.624139308929443359e+00 3.253105580806732178e-01 7.171630859375000000e-02 6.624139308929443359e+00 3.253105580806732178e-01 0.000000000000000000e+00 8.158581256866455078e-01
1.080000000000000000e+03 7.312011718750000000e-02 6.622681617736816406e+00 3.164213299751281738e-01 7.312011718750000000e-02 6.622681617736816406e+00 3.164213299751281738e-01 0.000000000000000000e+00 8.114214539527893066e-01
1.090000000000000000e+03 7.196044921875000000e-02 6.621668338775634766e+00 3.077153861522674561e-01 7.196044921875000000e-02 6.621668338775634766e+00 3.077153861522674561e-01 0.000000000000000000e+00 8.068418502807617188e-01
1.100000000000000000e+03 7.165527343750000000e-02 6.620778083801269531e+00 2.996706962585449219e-01 7.165527343750000000e-02 6.620778083801269531e+00 2.996706962585449219e-01 0.000000000000000000e+00 8.027053475379943848e-01
1.110000000000000000e+03 7.104492187500000000e-02 6.620002746582031250e+00 2.918695211410522461e-01 7.104492187500000000e-02 6.620002746582031250e+00 2.918695211410522461e-01 0.000000000000000000e+00 7.980287075042724609e-01
1.120000000000000000e+03 7.092285156250000000e-02 6.619356155395507812e+00 2.842805385589599609e-01 7.092285156250000000e-02 6.619356155395507812e+00 2.842805385589599609e-01 0.000000000000000000e+00 7.941203117370605469e-01
1.130000000000000000e+03 7.031250000000000000e-02 6.618690013885498047e+00 2.771920859813690186e-01 7.031250000000000000e-02 6.618690013885498047e+00 2.771920859813690186e-01 0.000000000000000000e+00 7.902792692184448242e-01
1.140000000000000000e+03 6.964111328125000000e-02 6.617996215820312500e+00 2.703113257884979248e-01 6.964111328125000000e-02 6.617996215820312500e+00 2.703113257884979248e-01 0.000000000000000000e+00 7.862743139266967773e-01
1.150000000000000000e+03 6.921386718750000000e-02 6.617449760437011719e+00 2.636432945728302002e-01 6.921386718750000000e-02 6.617449760437011719e+00 2.636432945728302002e-01 0.000000000000000000e+00 7.824810147285461426e-01
1.160000000000000000e+03 3.366699218750000000e-01 6.624768733978271484e+00 3.137069046497344971e-01 3.366699218750000000e-01 6.624768733978271484e+00 3.137069046497344971e-01 0.000000000000000000e+00 8.020715713500976562e-01
1.170000000000000000e+03 1.857910156250000000e-01 6.634783267974853516e+00 2.922183573246002197e-01 1.857910156250000000e-01 6.634783267974853516e+00 2.922183573246002197e-01 0.000000000000000000e+00 7.908421158790588379e-01
1.180000000000000000e+03 1.022338867187500000e-01 6.623376846313476562e+00 2.604667842388153076e-01 1.022338867187500000e-01 6.623376846313476562e+00 2.604667842388153076e-01 0.000000000000000000e+00 7.757707834243774414e-01
1.190000000000000000e+03 7.769775390625000000e-02 6.620808601379394531e+00 2.485788464546203613e-01 7.769775390625000000e-02 6.620808601379394531e+00 2.485788464546203613e-01 0.000000000000000000e+00 7.655912637710571289e-01
1.200000000000000000e+03 6.854248046875000000e-02 6.618578433990478516e+00 2.390581965446472168e-01 6.854248046875000000e-02 6.618578433990478516e+00 2.390581965446472168e-01 0.000000000000000000e+00 7.667840123176574707e-01
1.210000000000000000e+03 6.481933593750000000e-02 6.616647720336914062e+00 2.323862761259078979e-01 6.481933593750000000e-02 6.616647720336914062e+00 2.323862761259078979e-01 0.000000000000000000e+00 7.613192200660705566e-01
1.220000000000000000e+03 6.427001953125000000e-02 6.615484237670898438e+00 2.258836925029754639e-01 6.427001953125000000e-02 6.615484237670898438e+00 2.258836925029754639e-01 0.000000000000000000e+00 7.596874237060546875e-01
1.230000000000000000e+03 6.488037109375000000e-02 6.614787578582763672e+00 2.204301059246063232e-01 6.488037109375000000e-02 6.614787578582763672e+00 2.204301059246063232e-01 0.000000000000000000e+00 7.574846744537353516e-01
1.240000000000000000e+03 4.091796875000000000e-01 6.627347946166992188e+00 2.454126626253128052e-01 4.091796875000000000e-01 6.627347946166992188e+00 2.454126626253128052e-01 0.000000000000000000e+00 7.752665877342224121e-01
1.250000000000000000e+03 1.025390625000000000e-01 6.617305278778076172e+00 2.197891324758529663e-01 1.025390625000000000e-01 6.617305278778076172e+00 2.197891324758529663e-01 0.000000000000000000e+00 7.579017281532287598e-01
1.260000000000000000e+03 9.948730468750000000e-02 6.617913246154785156e+00 2.148704975843429565e-01 9.948730468750000000e-02 6.617913246154785156e+00 2.148704975843429565e-01 0.000000000000000000e+00 7.516272664070129395e-01
1.270000000000000000e+03 6.185913085937500000e-02 6.616555213928222656e+00 2.056891173124313354e-01 6.185913085937500000e-02 6.616555213928222656e+00 2.056891173124313354e-01 0.000000000000000000e+00 7.484230399131774902e-01
1.280000000000000000e+03 6.536865234375000000e-02 6.615128517150878906e+00 2.011234462261199951e-01 6.536865234375000000e-02 6.615128517150878906e+00 2.011234462261199951e-01 0.000000000000000000e+00 7.443886995315551758e-01
1.290000000000000000e+03 6.115722656250000000e-02 6.613973617553710938e+00 1.956474334001541138e-01 6.115722656250000000e-02 6.613973617553710938e+00 1.956474334001541138e-01 0.000000000000000000e+00 7.417711615562438965e-01
1.300000000000000000e+03 6.015014648437500000e-02 6.613103866577148438e+00 1.907569169998168945e-01 6.015014648437500000e-02 6.613103866577148438e+00 1.907569169998168945e-01 0.000000000000000000e+00 7.404387593269348145e-01
1.310000000000000000e+03 5.877685546875000000e-02 6.612460613250732422e+00 1.861234754323959351e-01 5.877685546875000000e-02 6.612460613250732422e+00 1.861234754323959351e-01 0.000000000000000000e+00 7.376677393913269043e-01
1.320000000000000000e+03 5.847167968750000000e-02 6.611949920654296875e+00 1.818898767232894897e-01 5.847167968750000000e-02 6.611949920654296875e+00 1.818898767232894897e-01 0.000000000000000000e+00 7.352041602134704590e-01
1.330000000000000000e+03 5.804443359375000000e-02 6.611541748046875000e+00 1.777682900428771973e-01 5.804443359375000000e-02 6.611541748046875000e+00 1.777682900428771973e-01 0.000000000000000000e+00 7.325129508972167969e-01
1.340000000000000000e+03 5.767822265625000000e-02 6.611155033111572266e+00 1.738331913948059082e-01 5.767822265625000000e-02 6.611155033111572266e+00 1.738331913948059082e-01 0.000000000000000000e+00 7.301630377769470215e-01
1.350000000000000000e+03 5.813598632812500000e-02 6.610751628875732422e+00 1.701373159885406494e-01 5.813598632812500000e-02 6.610751628875732422e+00 1.701373159885406494e-01 0.000000000000000000e+00 7.278588414192199707e-01
1.360000000000000000e+03 2.707519531250000000e-01 6.613554477691650391e+00 1.895622014999389648e-01 2.707519531250000000e-01 6.613554477691650391e+00 1.895622014999389648e-01 0.000000000000000000e+00 7.369074821472167969e-01
1.370000000000000000e+03 7.287597656250000000e-02 6.614706993103027344e+00 1.738684922456741333e-01 7.287597656250000000e-02 6.614706993103027344e+00 1.738684922456741333e-01 0.000000000000000000e+00 7.326099276542663574e-01
1.380000000000000000e+03 7.189941406250000000e-02 6.614902019500732422e+00 1.680227965116500854e-01 7.189941406250000000e-02 6.614902019500732422e+00 1.680227965116500854e-01 0.000000000000000000e+00 7.233136296272277832e-01
1.390000000000000000e+03 6.494140625000000000e-02 6.615017414093017578e+00 1.652894169092178345e-01 6.494140625000000000e-02 6.615017414093017578e+00 1.652894169092178345e-01 0.000000000000000000e+00 7.251753211021423340e-01
1.400000000000000000e+03 5.627441406250000000e-02 6.612065792083740234e+00 1.592016071081161499e-01 5.627441406250000000e-02 6.612065792083740234e+00 1.592016071081161499e-01 0.000000000000000000e+00 7.161952853202819824e-01
1.410000000000000000e+03 5.325317382812500000e-02 6.610753536224365234e+00 1.539224088191986084e-01 5.325317382812500000e-02 6.610753536224365234e+00 1.539224088191986084e-01 0.000000000000000000e+00 7.153750061988830566e-01
1.420000000000000000e+03 5.343627929687500000e-02 6.610030174255371094e+00 1.503798216581344604e-01 5.343627929687500000e-02 6.610030174255371094e+00 1.503798216581344604e-01 0.000000000000000000e+00 7.165815234184265137e-01
1.430000000000000000e+03 5.328369140625000000e-02 6.609486103057861328e+00 1.469071060419082642e-01 5.328369140625000000e-02 6.609486103057861328e+00 1.469071060419082642e-01 0.000000000000000000e+00 7.140951752662658691e-01
1.440000000000000000e+03 5.279541015625000000e-02 6.608953475952148438e+00 1.437044590711593628e-01 5.279541015625000000e-02 6.608953475952148438e+00 1.437044590711593628e-01 0.000000000000000000e+00 7.119308710098266602e-01
1.450000000000000000e+03 5.249023437500000000e-02 6.608582019805908203e+00 1.406888812780380249e-01 5.249023437500000000e-02 6.608582019805908203e+00 1.406888812780380249e-01 0.000000000000000000e+00 7.097218036651611328e-01
1.460000000000000000e+03 5.224609375000000000e-02 6.608289718627929688e+00 1.377594023942947388e-01 5.224609375000000000e-02 6.608289718627929688e+00 1.377594023942947388e-01 0.000000000000000000e+00 7.074917554855346680e-01
1.470000000000000000e+03 5.187988281250000000e-02 6.608051776885986328e+00 1.349235922098159790e-01 5.187988281250000000e-02 6.608051776885986328e+00 1.349235922098159790e-01 0.000000000000000000e+00 7.059009671211242676e-01
1.480000000000000000e+03 5.618286132812500000e-02 6.607878208160400391e+00 1.326444298028945923e-01 5.618286132812500000e-02 6.607878208160400391e+00 1.326444298028945923e-01 0.000000000000000000e+00 7.039973139762878418e-01
1.490000000000000000e+03 5.664062500000000000e-01 6.618715286254882812e+00 1.872732192277908325e-01 5.664062500000000000e-01 6.618715286254882812e+00 1.872732192277908325e-01 0.000000000000000000e+00 7.465560436248779297e-01
1.500000000000000000e+03 1.303710937500000000e-01 6.615364074707031250e+00 1.564618647098541260e-01 1.303710937500000000e-01 6.615364074707031250e+00 1.564618647098541260e-01 0.000000000000000000e+00 7.238441705703735352e-01
1.510000000000000000e+03 8.105468750000000000e-02 6.614094734191894531e+00 1.411890536546707153e-01 8.105468750000000000e-02 6.614094734191894531e+00 1.411890536546707153e-01 0.000000000000000000e+00 6.970815658569335938e-01
1.520000000000000000e+03 6.286621093750000000e-02 6.610487937927246094e+00 1.321014016866683960e-01 6.286621093750000000e-02 6.610487937927246094e+00 1.321014016866683960e-01 0.000000000000000000e+00 6.998937726020812988e-01
1.530000000000000000e+03 4.959106445312500000e-02 6.609356403350830078e+00 1.263708621263504028e-01 4.959106445312500000e-02 6.609356403350830078e+00 1.263708621263504028e-01 0.000000000000000000e+00 6.954279541969299316e-01
1.540000000000000000e+03 4.788208007812500000e-02 6.608263015747070312e+00 1.224537268280982971e-01 4.788208007812500000e-02 6.608263015747070312e+00 1.224537268280982971e-01 0.000000000000000000e+00 6.967009305953979492e-01
1.550000000000000000e+03 4.867553710937500000e-02 6.607752323150634766e+00 1.197652518749237061e-01 4.867553710937500000e-02 6.607752323150634766e+00 1.197652518749237061e-01 0.000000000000000000e+00 6.964370012283325195e-01
1.560000000000000000e+03 4.769897460937500000e-02 6.607068538665771484e+00 1.169650331139564514e-01 4.769897460937500000e-02 6.607068538665771484e+00 1.169650331139564514e-01 0.000000000000000000e+00 6.938026547431945801e-01
1.570000000000000000e+03 4.745483398437500000e-02 6.606653690338134766e+00 1.145753189921379089e-01 4.745483398437500000e-02 6.606653690338134766e+00 1.145753189921379089e-01 0.000000000000000000e+00 6.919364333152770996e-01
1.580000000000000000e+03 4.733276367187500000e-02 6.606371879577636719e+00 1.122735515236854553e-01 4.733276367187500000e-02 6.606371879577636719e+00 1.122735515236854553e-01 0.000000000000000000e+00 6.900300383567810059e-01
1.590000000000000000e+03 4.702758789062500000e-02 6.606137752532958984e+00 1.100433096289634705e-01 4.702758789062500000e-02 6.606137752532958984e+00 1.100433096289634705e-01 0.000000000000000000e+00 6.886419653892517090e-01
1.600000000000000000e+03 4.672241210937500000e-02 6.605909347534179688e+00 1.079144403338432312e-01 4.672241210937500000e-02 6.605909347534179688e+00 1.079144403338432312e-01 0.000000000000000000e+00 6.869557499885559082e-01
1.610000000000000000e+03 5.081176757812500000e-02 6.605811595916748047e+00 1.061716675758361816e-01 5.081176757812500000e-02 6.605811595916748047e+00 1.061716675758361816e-01 0.000000000000000000e+00 6.861293315887451172e-01
1.620000000000000000e+03 4.815673828125000000e-02 6.605630397796630859e+00 1.042712554335594177e-01 4.815673828125000000e-02 6.605630397796630859e+00 1.042712554335594177e-01 0.000000000000000000e+00 6.846654415130615234e-01
1.630000000000000000e+03 5.789184570312500000e-02 6.605861186981201172e+00 1.034635901451110840e-01 5.789184570312500000e-02 6.605861186981201172e+00 1.034635901451110840e-01 0.000000000000000000e+00 6.840747594833374023e-01
1.640000000000000000e+03 3.107910156250000000e-01 6.615703105926513672e+00 1.272449642419815063e-01 3.107910156250000000e-01 6.615703105926513672e+00 1.272449642419815063e-01 0.000000000000000000e+00 7.074847221374511719e-01
1.650000000000000000e+03 7.977294921875000000e-02 6.606837749481201172e+00 1.053421199321746826e-01 7.977294921875000000e-02 6.606837749481201172e+00 1.053421199321746826e-01 0.000000000000000000e+00 6.814994812011718750e-01
1.660000000000000000e+03 5.163574218750000000e-02 6.606886386871337891e+00 1.016766354441642761e-01 5.163574218750000000e-02 6.606886386871337891e+00 1.016766354441642761e-01 0.000000000000000000e+00 6.780040860176086426e-01
1.670000000000000000e+03 4.550170898437500000e-02 6.606254100799560547e+00 9.874251484870910645e-02 4.550170898437500000e-02 6.606254100799560547e+00 9.874251484870910645e-02 0.000000000000000000e+00 6.770838499069213867e-01
1.680000000000000000e+03 4.687500000000000000e-02 6.605549335479736328e+00 9.619264304637908936e-02 4.687500000000000000e-02 6.605549335479736328e+00 9.619264304637908936e-02 0.000000000000000000e+00 6.765875220298767090e-01
1.690000000000000000e+03 4.339599609375000000e-02 6.604837894439697266e+00 9.392711520195007324e-02 4.339599609375000000e-02 6.604837894439697266e+00 9.392711520195007324e-02 0.000000000000000000e+00 6.764943599700927734e-01
1.700000000000000000e+03 4.312133789062500000e-02 6.604595184326171875e+00 9.190051257610321045e-02 4.312133789062500000e-02 6.604595184326171875e+00 9.190051257610321045e-02 0.000000000000000000e+00 6.761044859886169434e-01
1.710000000000000000e+03 4.489135742187500000e-02 6.604411602020263672e+00 9.045043587684631348e-02 4.489135742187500000e-02 6.604411602020263672e+00 9.045043587684631348e-02 0.000000000000000000e+00 6.747331023216247559e-01
1.720000000000000000e+03 8.819580078125000000e-02 6.604710578918457031e+00 9.334794431924819946e-02 8.819580078125000000e-02 6.604710578918457031e+00 9.334794431924819946e-02 0.000000000000000000e+00 6.752662062644958496e-01
1.730000000000000000e+03 4.458618164062500000e-02 6.604347229003906250e+00 8.890656381845474243e-02 4.458618164062500000e-02 6.604347229003906250e+00 8.890656381845474243e-02 0.000000000000000000e+00 6.769754290580749512e-01
1.740000000000000000e+03 5.026245117187500000e-02 6.604741096496582031e+00 8.862621337175369263e-02 5.026245117187500000e-02 6.604741096496582031e+00 8.862621337175369263e-02 0.000000000000000000e+00 6.709725260734558105e-01
1.750000000000000000e+03 4.791259765625000000e-02 6.604623317718505859e+00 8.641915023326873779e-02 4.791259765625000000e-02 6.604623317718505859e+00 8.641915023326873779e-02 0.000000000000000000e+00 6.704064607620239258e-01
1.760000000000000000e+03 4.333496093750000000e-02 6.604344367980957031e+00 8.420407027006149292e-02 4.333496093750000000e-02 6.604344367980957031e+00 8.420407027006149292e-02 0.000000000000000000e+00 6.705803871154785156e-01
1.770000000000000000e+03 4.299926757812500000e-02 6.603793144226074219e+00 8.267578482627868652e-02 4.299926757812500000e-02 6.603793144226074219e+00 8.267578482627868652e-02 0.000000000000000000e+00 6.680357456207275391e-01
1.780000000000000000e+03 2.302246093750000000e-01 6.605577468872070312e+00 9.983976185321807861e-02 2.302246093750000000e-01 6.605577468872070312e+00 9.983976185321807861e-02 0.000000000000000000e+00 6.805407404899597168e-01
1.790000000000000000e+03 9.106445312500000000e-02 6.606218338012695312e+00 8.915237337350845337e-02 9.106445312500000000e-02 6.606218338012695312e+00 8.915237337350845337e-02 0.000000000000000000e+00 6.729570627212524414e-01
1.800000000000000000e+03 4.248046875000000000e-02 6.605320453643798828e+00 8.245597779750823975e-02 4.248046875000000000e-02 6.605320453643798828e+00 8.245597779750823975e-02 0.000000000000000000e+00 6.629796028137207031e-01
1.810000000000000000e+03 3.845214843750000000e-02 6.604413986206054688e+00 7.971142977476119995e-02 3.845214843750000000e-02 6.604413986206054688e+00 7.971142977476119995e-02 0.000000000000000000e+00 6.637858748435974121e-01
1.820000000000000000e+03 3.918457031250000000e-02 6.603856563568115234e+00 7.799731940031051636e-02 3.918457031250000000e-02 6.603856563568115234e+00 7.799731940031051636e-02 0.000000000000000000e+00 6.643249392509460449e-01
1.830000000000000000e+03 3.991699218750000000e-02 6.603506088256835938e+00 7.672452926635742188e-02 3.991699218750000000e-02 6.603506088256835938e+00 7.672452926635742188e-02 0.000000000000000000e+00 6.628859639167785645e-01
1.840000000000000000e+03 3.848266601562500000e-02 6.603130340576171875e+00 7.470089942216873169e-02 3.848266601562500000e-02 6.603130340576171875e+00 7.470089942216873169e-02 0.000000000000000000e+00 6.633521318435668945e-01
1.850000000000000000e+03 3.857421875000000000e-02 6.602826595306396484e+00 7.333278656005859375e-02 3.857421875000000000e-02 6.602826595306396484e+00 7.333278656005859375e-02 0.000000000000000000e+00 6.614221334457397461e-01
1.860000000000000000e+03 6.005859375000000000e-02 6.604228496551513672e+00 7.444658130407333374e-02 6.005859375000000000e-02 6.604228496551513672e+00 7.444658130407333374e-02 0.000000000000000000e+00 6.612971425056457520e-01
1.870000000000000000e+03 1.206054687500000000e-01 6.605898857116699219e+00 7.834795117378234863e-02 1.206054687500000000e-01 6.605898857116699219e+00 7.834795117378234863e-02 0.000000000000000000e+00 6.674755215644836426e-01
1.880000000000000000e+03 8.471679687500000000e-02 6.605896472930908203e+00 7.643020153045654297e-02 8.471679687500000000e-02 6.605896472930908203e+00 7.643020153045654297e-02 0.000000000000000000e+00 6.613397598266601562e-01
1.890000000000000000e+03 3.634643554687500000e-02 6.603315830230712891e+00 7.061576843261718750e-02 3.634643554687500000e-02 6.603315830230712891e+00 7.061576843261718750e-02 0.000000000000000000e+00 6.582793593406677246e-01
1.900000000000000000e+03 4.418945312500000000e-02 6.603398323059082031e+00 6.962649524211883545e-02 4.418945312500000000e-02 6.603398323059082031e+00 6.962649524211883545e-02 0.000000000000000000e+00 6.588869690895080566e-01
1.910000000000000000e+03 3.683471679687500000e-02 6.602676868438720703e+00 6.793426722288131714e-02 3.683471679687500000e-02 6.602676868438720703e+00 6.793426722288131714e-02 0.000000000000000000e+00 6.581771969795227051e-01
1.920000000000000000e+03 3.701782226562500000e-02 6.602384567260742188e+00 6.687370687723159790e-02 3.701782226562500000e-02 6.602384567260742188e+00 6.687370687723159790e-02 0.000000000000000000e+00 6.558166146278381348e-01
1.930000000000000000e+03 3.765869140625000000e-02 6.602194786071777344e+00 6.564230471849441528e-02 3.765869140625000000e-02 6.602194786071777344e+00 6.564230471849441528e-02 0.000000000000000000e+00 6.572276353836059570e-01
1.940000000000000000e+03 6.835937500000000000e-02 6.602155208587646484e+00 6.818404048681259155e-02 6.835937500000000000e-02 6.602155208587646484e+00 6.818404048681259155e-02 0.000000000000000000e+00 6.590211391448974609e-01
1.950000000000000000e+03 4.614257812500000000e-02 6.602246761322021484e+00 6.564109772443771362e-02 4.614257812500000000e-02 6.602246761322021484e+00 6.564109772443771362e-02 0.000000000000000000e+00 6.584057211875915527e-01
1.960000000000000000e+03 5.584716796875000000e-02 6.603871345520019531e+00 6.851147115230560303e-02 5.584716796875000000e-02 6.603871345520019531e+00 6.851147115230560303e-02 0.000000000000000000e+00 6.587823629379272461e-01
1.970000000000000000e+03 4.290771484375000000e-02 6.603798866271972656e+00 6.539142131805419922e-02 4.290771484375000000e-02 6.603798866271972656e+00 6.539142131805419922e-02 0.000000000000000000e+00 6.571847200393676758e-01
1.980000000000000000e+03 3.472900390625000000e-02 6.602192401885986328e+00 6.180991232395172119e-02 3.472900390625000000e-02 6.602192401885986328e+00 6.180991232395172119e-02 0.000000000000000000e+00 6.524512171745300293e-01
1.990000000000000000e+03 3.881835937500000000e-02 6.601822376251220703e+00 6.092061847448348999e-02 3.881835937500000000e-02 6.601822376251220703e+00 6.092061847448348999e-02 0.000000000000000000e+00 6.502863168716430664e-01
2.000000000000000000e+03 1.392822265625000000e-01 6.606801033020019531e+00 6.868472695350646973e-02 1.392822265625000000e-01 6.606801033020019531e+00 6.868472695350646973e-02 0.000000000000000000e+00 6.614404320716857910e-01
2.010000000000000000e+03 5.072021484375000000e-02 6.602156639099121094e+00 6.092498824000358582e-02 5.072021484375000000e-02 6.602156639099121094e+00 6.092498824000358582e-02 0.000000000000000000e+00 6.509451270103454590e-01
2.020000000000000000e+03 4.135131835937500000e-02 6.602704524993896484e+00 5.913661792874336243e-02 4.135131835937500000e-02 6.602704524993896484e+00 5.913661792874336243e-02 0.000000000000000000e+00 6.503739356994628906e-01
2.030000000000000000e+03 3.637695312500000000e-02 6.601793766021728516e+00 5.806363373994827271e-02 3.637695312500000000e-02 6.601793766021728516e+00 5.806363373994827271e-02 0.000000000000000000e+00 6.482695937156677246e-01
2.040000000000000000e+03 3.494262695312500000e-02 6.601455688476562500e+00 5.665658414363861084e-02 3.494262695312500000e-02 6.601455688476562500e+00 5.665658414363861084e-02 0.000000000000000000e+00 6.483238339424133301e-01
2.050000000000000000e+03 7.879638671875000000e-02 6.602445602416992188e+00 5.959760025143623352e-02 7.879638671875000000e-02 6.602445602416992188e+00 5.959760025143623352e-02 0.000000000000000000e+00 6.511246562004089355e-01
2.060000000000000000e+03 5.355834960937500000e-02 6.601926326751708984e+00 5.753330886363983154e-02 5.355834960937500000e-02 6.601926326751708984e+00 5.753330886363983154e-02 0.000000000000000000e+00 6.510742306709289551e-01
2.070000000000000000e+03 3.439331054687500000e-02 6.601933002471923828e+00 5.566610768437385559e-02 3.439331054687500000e-02 6.601933002471923828e+00 5.566610768437385559e-02 0.000000000000000000e+00 6.457992196083068848e-01
2.080000000000000000e+03 3.359985351562500000e-02 6.601689815521240234e+00 5.422051995992660522e-02 3.359985351562500000e-02 6.601689815521240234e+00 5.422051995992660522e-02 0.000000000000000000e+00 6.480332016944885254e-01
2.090000000000000000e+03 3.994750976562500000e-02 6.601397514343261719e+00 5.393728986382484436e-02 3.994750976562500000e-02 6.601397514343261719e+00 5.393728986382484436e-02 0.000000000000000000e+00 6.451075077056884766e-01
2.100000000000000000e+03 9.405517578125000000e-02 6.601591110229492188e+00 5.824171006679534912e-02 9.405517578125000000e-02 6.601591110229492188e+00 5.824171006679534912e-02 0.000000000000000000e+00 6.496319770812988281e-01
2.110000000000000000e+03 3.805541992187500000e-02 6.602782249450683594e+00 5.388814210891723633e-02 3.805541992187500000e-02 6.602782249450683594e+00 5.388814210891723633e-02 0.000000000000000000e+00 6.432743668556213379e-01
2.120000000000000000e+03 3.628540039062500000e-02 6.602293968200683594e+00 5.203977599740028381e-02 3.628540039062500000e-02 6.602293968200683594e+00 5.203977599740028381e-02 0.000000000000000000e+00 6.465386748313903809e-01
2.130000000000000000e+03 3.353881835937500000e-02 6.601035594940185547e+00 5.082468315958976746e-02 3.353881835937500000e-02 6.601035594940185547e+00 5.082468315958976746e-02 0.000000000000000000e+00 6.423951387405395508e-01
2.140000000000000000e+03 3.356933593750000000e-02 6.600657939910888672e+00 4.973727837204933167e-02 3.356933593750000000e-02 6.600657939910888672e+00 4.973727837204933167e-02 0.000000000000000000e+00 6.419198513031005859e-01
2.150000000000000000e+03 8.050537109375000000e-02 6.601109981536865234e+00 5.391015484929084778e-02 8.050537109375000000e-02 6.601109981536865234e+00 5.391015484929084778e-02 0.000000000000000000e+00 6.435927152633666992e-01
2.160000000000000000e+03 8.312988281250000000e-02 6.606640338897705078e+00 6.613479554653167725e-02 8.312988281250000000e-02 6.606640338897705078e+00 6.613479554653167725e-02 0.000000000000000000e+00 6.699991226196289062e-01
2.170000000000000000e+03 7.263183593750000000e-02 6.604706764221191406e+00 6.229710206389427185e-02 7.263183593750000000e-02 6.604706764221191406e+00 6.229710206389427185e-02 0.000000000000000000e+00 6.529619693756103516e-01
2.180000000000000000e+03 4.248046875000000000e-02 6.601926326751708984e+00 5.195960402488708496e-02 4.248046875000000000e-02 6.601926326751708984e+00 5.195960402488708496e-02 0.000000000000000000e+00 6.429764628410339355e-01
2.190000000000000000e+03 2.941894531250000000e-02 6.601288795471191406e+00 4.869390279054641724e-02 2.941894531250000000e-02 6.601288795471191406e+00 4.869390279054641724e-02 0.000000000000000000e+00 6.390086412429809570e-01
2.200000000000000000e+03 2.951049804687500000e-02 6.600874900817871094e+00 4.722684249281883240e-02 2.951049804687500000e-02 6.600874900817871094e+00 4.722684249281883240e-02 0.000000000000000000e+00 6.392215490341186523e-01
2.210000000000000000e+03 2.931213378906250000e-02 6.600469589233398438e+00 4.624718427658081055e-02 2.931213378906250000e-02 6.600469589233398438e+00 4.624718427658081055e-02 0.000000000000000000e+00 6.394953727722167969e-01
2.220000000000000000e+03 2.947998046875000000e-02 6.600311756134033203e+00 4.533628374338150024e-02 2.947998046875000000e-02 6.600311756134033203e+00 4.533628374338150024e-02 0.000000000000000000e+00 6.395228505134582520e-01
2.230000000000000000e+03 2.972412109375000000e-02 6.600274085998535156e+00 4.450925067067146301e-02 2.972412109375000000e-02 6.600274085998535156e+00 4.450925067067146301e-02 0.000000000000000000e+00 6.390880942344665527e-01
2.240000000000000000e+03 3.582763671875000000e-02 6.600846290588378906e+00 4.443612694740295410e-02 3.582763671875000000e-02 6.600846290588378906e+00 4.443612694740295410e-02 0.000000000000000000e+00 6.402069926261901855e-01
2.250000000000000000e+03 1.265869140625000000e-01 6.608422279357910156e+00 5.328420922160148621e-02 1.265869140625000000e-01 6.608422279357910156e+00 5.328420922160148621e-02 0.000000000000000000e+00 6.514120697975158691e-01
2.260000000000000000e+03 4.495239257812500000e-02 6.601571083068847656e+00 4.523791745305061340e-02 4.495239257812500000e-02 6.601571083068847656e+00 4.523791745305061340e-02 0.000000000000000000e+00 6.362010836601257324e-01
2.270000000000000000e+03 4.919433593750000000e-02 6.602302074432373047e+00 4.456789419054985046e-02 4.919433593750000000e-02 6.602302074432373047e+00 4.456789419054985046e-02 0.000000000000000000e+00 6.388601660728454590e-01
2.280000000000000000e+03 3.646850585937500000e-02 6.600512981414794922e+00 4.297607019543647766e-02 3.646850585937500000e-02 6.600512981414794922e+00 4.297607019543647766e-02 0.000000000000000000e+00 6.347875595092773438e-01
2.290000000000000000e+03 3.509521484375000000e-02 6.600279808044433594e+00 4.185698926448822021e-02 3.509521484375000000e-02 6.600279808044433594e+00 4.185698926448822021e-02 0.000000000000000000e+00 6.358062028884887695e-01
2.300000000000000000e+03 2.815246582031250000e-02 6.599814891815185547e+00 4.074048623442649841e-02 2.815246582031250000e-02 6.599814891815185547e+00 4.074048623442649841e-02 0.000000000000000000e+00 6.343737840652465820e-01
2.310000000000000000e+03 2.931213378906250000e-02 6.599699497222900391e+00 4.015355184674263000e-02 2.931213378906250000e-02 6.599699497222900391e+00 4.015355184674263000e-02 0.000000000000000000e+00 6.344120502471923828e-01
2.320000000000000000e+03 3.329467773437500000e-02 6.599747657775878906e+00 4.036158695816993713e-02 3.329467773437500000e-02 6.599747657775878906e+00 4.036158695816993713e-02 0.000000000000000000e+00 6.342580318450927734e-01
2.330000000000000000e+03 4.997558593750000000e-01 6.609520912170410156e+00 8.687575906515121460e-02 4.997558593750000000e-01 6.609520912170410156e+00 8.687575906515121460e-02 0.000000000000000000e+00 6.667422652244567871e-01
2.340000000000000000e+03 1.049804687500000000e-01 6.603660106658935547e+00 6.112734228372573853e-02 1.049804687500000000e-01 6.603660106658935547e+00 6.112734228372573853e-02 0.000000000000000000e+00 6.507591009140014648e-01
2.350000000000000000e+03 4.122924804687500000e-02 6.602554798126220703e+00 4.345384985208511353e-02 4.122924804687500000e-02 6.602554798126220703e+00 4.345384985208511353e-02 0.000000000000000000e+00 6.295619010925292969e-01
2.360000000000000000e+03 3.308105468750000000e-02 6.601223468780517578e+00 4.161684215068817139e-02 3.308105468750000000e-02 6.601223468780517578e+00 4.161684215068817139e-02 0.000000000000000000e+00 6.307991147041320801e-01
2.370000000000000000e+03 2.777099609375000000e-02 6.600472927093505859e+00 3.956032544374465942e-02 2.777099609375000000e-02 6.600472927093505859e+00 3.956032544374465942e-02 0.000000000000000000e+00 6.324225664138793945e-01
2.380000000000000000e+03 2.845764160156250000e-02 6.599934577941894531e+00 3.856943547725677490e-02 2.845764160156250000e-02 6.599934577941894531e+00 3.856943547725677490e-02 0.000000000000000000e+00 6.328291893005371094e-01
2.390000000000000000e+03 2.699279785156250000e-02 6.599880218505859375e+00 3.759014233946800232e-02 2.699279785156250000e-02 6.599880218505859375e+00 3.759014233946800232e-02 0.000000000000000000e+00 6.329194307327270508e-01
2.400000000000000000e+03 2.641296386718750000e-02 6.599505424499511719e+00 3.675908595323562622e-02 2.641296386718750000e-02 6.599505424499511719e+00 3.675908595323562622e-02 0.000000000000000000e+00 6.313318014144897461e-01
2.410000000000000000e+03 2.621459960937500000e-02 6.599363327026367188e+00 3.609580174088478088e-02 2.621459960937500000e-02 6.599363327026367188e+00 3.609580174088478088e-02 0.000000000000000000e+00 6.306626200675964355e-01
2.420000000000000000e+03 2.626037597656250000e-02 6.599325180053710938e+00 3.553414717316627502e-02 2.626037597656250000e-02 6.599325180053710938e+00 3.553414717316627502e-02 0.000000000000000000e+00 6.289850473403930664e-01
2.430000000000000000e+03 2.668762207031250000e-02 6.599224567413330078e+00 3.501212596893310547e-02 2.668762207031250000e-02 6.599224567413330078e+00 3.501212596893310547e-02 0.000000000000000000e+00 6.292248368263244629e-01
2.440000000000000000e+03 5.886840820312500000e-02 6.601703166961669922e+00 3.783469647169113159e-02 5.886840820312500000e-02 6.601703166961669922e+00 3.783469647169113159e-02 0.000000000000000000e+00 6.291542649269104004e-01
2.450000000000000000e+03 3.494262695312500000e-02 6.600641250610351562e+00 3.629065304994583130e-02 3.494262695312500000e-02 6.600641250610351562e+00 3.629065304994583130e-02 0.000000000000000000e+00 6.310236454010009766e-01
2.460000000000000000e+03 7.208251953125000000e-02 6.603810787200927734e+00 4.099828749895095825e-02 7.208251953125000000e-02 6.603810787200927734e+00 4.099828749895095825e-02 0.000000000000000000e+00 6.298976540565490723e-01
2.470000000000000000e+03 4.718017578125000000e-02 6.601591110229492188e+00 3.736295551061630249e-02 4.718017578125000000e-02 6.601591110229492188e+00 3.736295551061630249e-02 0.000000000000000000e+00 6.280174255371093750e-01
2.480000000000000000e+03 2.803039550781250000e-02 6.600104331970214844e+00 3.486125171184539795e-02 2.803039550781250000e-02 6.600104331970214844e+00 3.486125171184539795e-02 0.000000000000000000e+00 6.258391141891479492e-01
2.490000000000000000e+03 2.719116210937500000e-02 6.599395751953125000e+00 3.372682258486747742e-02 2.719116210937500000e-02 6.599395751953125000e+00 3.372682258486747742e-02 0.000000000000000000e+00 6.263709068298339844e-01
2.500000000000000000e+03 2.603149414062500000e-02 6.599163532257080078e+00 3.290339186787605286e-02 2.603149414062500000e-02 6.599163532257080078e+00 3.290339186787605286e-02 0.000000000000000000e+00 6.281379461288452148e-01
2.510000000000000000e+03 2.496337890625000000e-02 6.599106311798095703e+00 3.220906108617782593e-02 2.496337890625000000e-02 6.599106311798095703e+00 3.220906108617782593e-02 0.000000000000000000e+00 6.275288462638854980e-01
2.520000000000000000e+03 2.519226074218750000e-02 6.598940849304199219e+00 3.179508075118064880e-02 2.519226074218750000e-02 6.598940849304199219e+00 3.179508075118064880e-02 0.000000000000000000e+00 6.257871985435485840e-01
2.530000000000000000e+03 2.474975585937500000e-02 6.598867416381835938e+00 3.120478987693786621e-02 2.474975585937500000e-02 6.598867416381835938e+00 3.120478987693786621e-02 0.000000000000000000e+00 6.260158419609069824e-01
2.540000000000000000e+03 3.038024902343750000e-02 6.598864555358886719e+00 3.171289712190628052e-02 3.038024902343750000e-02 6.598864555358886719e+00 3.171289712190628052e-02 0.000000000000000000e+00 6.270304918289184570e-01
2.550000000000000000e+03 1.784667968750000000e-01 6.600120544433593750e+00 4.672293737530708313e-02 1.784667968750000000e-01 6.600120544433593750e+00 4.672293737530708313e-02 0.000000000000000000e+00 6.378010511398315430e-01
2.560000000000000000e+03 8.154296875000000000e-02 6.600387573242187500e+00 3.775050863623619080e-02 8.154296875000000000e-02 6.600387573242187500e+00 3.775050863623619080e-02 0.000000000000000000e+00 6.259508728981018066e-01
2.570000000000000000e+03 3.799438476562500000e-02 6.601842880249023438e+00 3.556534275412559509e-02 3.799438476562500000e-02 6.601842880249023438e+00 3.556534275412559509e-02 0.000000000000000000e+00 6.203381419181823730e-01
2.580000000000000000e+03 2.536010742187500000e-02 6.599700927734375000e+00 3.126284480094909668e-02 2.536010742187500000e-02 6.599700927734375000e+00 3.126284480094909668e-02 0.000000000000000000e+00 6.209968328475952148e-01
2.590000000000000000e+03 2.377319335937500000e-02 6.599198341369628906e+00 2.989168837666511536e-02 2.377319335937500000e-02 6.599198341369628906e+00 2.989168837666511536e-02 0.000000000000000000e+00 6.239349246025085449e-01
2.600000000000000000e+03 2.394104003906250000e-02 6.598853588104248047e+00 2.932729013264179230e-02 2.394104003906250000e-02 6.598853588104248047e+00 2.932729013264179230e-02 0.000000000000000000e+00 6.243135333061218262e-01
2.610000000000000000e+03 2.331542968750000000e-02 6.598728656768798828e+00 2.884781174361705780e-02 2.331542968750000000e-02 6.598728656768798828e+00 2.884781174361705780e-02 0.000000000000000000e+00 6.226451396942138672e-01
2.620000000000000000e+03 2.365112304687500000e-02 6.598595619201660156e+00 2.835940569639205933e-02 2.365112304687500000e-02 6.598595619201660156e+00 2.835940569639205933e-02 0.000000000000000000e+00 6.234231591224670410e-01
2.630000000000000000e+03 3.298950195312500000e-02 6.599077701568603516e+00 2.909630350768566132e-02 3.298950195312500000e-02 6.599077701568603516e+00 2.909630350768566132e-02 0.000000000000000000e+00 6.226778626441955566e-01
2.640000000000000000e+03 4.216308593750000000e-01 6.616529464721679688e+00 6.270670145750045776e-02 4.216308593750000000e-01 6.616529464721679688e+00 6.270670145750045776e-02 0.000000000000000000e+00 6.528815031051635742e-01
2.650000000000000000e+03 4.095458984375000000e-02 6.603245735168457031e+00 3.443051874637603760e-02 4.095458984375000000e-02 6.603245735168457031e+00 3.443051874637603760e-02 0.000000000000000000e+00 6.231878399848937988e-01
2.660000000000000000e+03 5.862426757812500000e-02 6.602696895599365234e+00 3.768813237547874451e-02 5.862426757812500000e-02 6.602696895599365234e+00 3.768813237547874451e-02 0.000000000000000000e+00 6.189175248146057129e-01
2.670000000000000000e+03 2.520751953125000000e-02 6.599842548370361328e+00 3.043647855520248413e-02 2.520751953125000000e-02 6.599842548370361328e+00 3.043647855520248413e-02 0.000000000000000000e+00 6.217526793479919434e-01
2.680000000000000000e+03 2.684020996093750000e-02 6.599318504333496094e+00 2.949191257357597351e-02 2.684020996093750000e-02 6.599318504333496094e+00 2.949191257357597351e-02 0.000000000000000000e+00 6.230496168136596680e-01
2.690000000000000000e+03 2.297973632812500000e-02 6.598995685577392578e+00 2.795068547129631042e-02 2.297973632812500000e-02 6.598995685577392578e+00 2.795068547129631042e-02 0.000000000000000000e+00 6.229126453399658203e-01
2.700000000000000000e+03 2.249145507812500000e-02 6.598832130432128906e+00 2.721359767019748688e-02 2.249145507812500000e-02 6.598832130432128906e+00 2.721359767019748688e-02 0.000000000000000000e+00 6.225212216377258301e-01
2.710000000000000000e+03 2.235412597656250000e-02 6.598608970642089844e+00 2.666161395609378815e-02 2.235412597656250000e-02 6.598608970642089844e+00 2.666161395609378815e-02 0.000000000000000000e+00 6.216967701911926270e-01
2.720000000000000000e+03 2.195739746093750000e-02 6.598470687866210938e+00 2.610211260616779327e-02 2.195739746093750000e-02 6.598470687866210938e+00 2.610211260616779327e-02 0.000000000000000000e+00 6.208505630493164062e-01
2.730000000000000000e+03 2.191162109375000000e-02 6.598447799682617188e+00 2.561608515679836273e-02 2.191162109375000000e-02 6.598447799682617188e+00 2.561608515679836273e-02 0.000000000000000000e+00 6.194010376930236816e-01
2.740000000000000000e+03 2.172851562500000000e-02 6.598359107971191406e+00 2.526470832526683807e-02 2.172851562500000000e-02 6.598359107971191406e+00 2.526470832526683807e-02 0.000000000000000000e+00 6.195269823074340820e-01
2.750000000000000000e+03 2.163696289062500000e-02 6.598312377929687500e+00 2.484982647001743317e-02 2.163696289062500000e-02 6.598312377929687500e+00 2.484982647001743317e-02 0.000000000000000000e+00 6.190575957298278809e-01
2.760000000000000000e+03 2.148437500000000000e-02 6.598273277282714844e+00 2.452061325311660767e-02 2.148437500000000000e-02 6.598273277282714844e+00 2.452061325311660767e-02 0.000000000000000000e+00 6.182738542556762695e-01
2.770000000000000000e+03 2.134704589843750000e-02 6.598217487335205078e+00 2.420533820986747742e-02 2.134704589843750000e-02 6.598217487335205078e+00 2.420533820986747742e-02 0.000000000000000000e+00 6.185613274574279785e-01
2.780000000000000000e+03 2.153015136718750000e-02 6.598196029663085938e+00 2.390589937567710876e-02 2.153015136718750000e-02 6.598196029663085938e+00 2.390589937567710876e-02 0.000000000000000000e+00 6.179733276367187500e-01
2.790000000000000000e+03 1.690673828125000000e-01 6.605125427246093750e+00 3.789399191737174988e-02 1.690673828125000000e-01 6.605125427246093750e+00 3.789399191737174988e-02 0.000000000000000000e+00 6.255261898040771484e-01
2.800000000000000000e+03 1.864013671875000000e-01 6.605896472930908203e+00 4.268230125308036804e-02 1.864013671875000000e-01 6.605896472930908203e+00 4.268230125308036804e-02 0.000000000000000000e+00 6.334623098373413086e-01
2.810000000000000000e+03 3.652954101562500000e-02 6.600154399871826172e+00 2.756210416555404663e-02 3.652954101562500000e-02 6.600154399871826172e+00 2.756210416555404663e-02 0.000000000000000000e+00 6.147923469543457031e-01
2.820000000000000000e+03 2.413940429687500000e-02 6.599347591400146484e+00 2.591437846422195435e-02 2.413940429687500000e-02 6.599347591400146484e+00 2.591437846422195435e-02 0.000000000000000000e+00 6.167947053909301758e-01
2.830000000000000000e+03 2.796936035156250000e-02 6.598864078521728516e+00 2.549754083156585693e-02 2.796936035156250000e-02 6.598864078521728516e+00 2.549754083156585693e-02 0.000000000000000000e+00 6.179130673408508301e-01
2.840000000000000000e+03 2.320861816406250000e-02 6.598537921905517578e+00 2.445972710847854614e-02 2.320861816406250000e-02 6.598537921905517578e+00 2.445972710847854614e-02 0.000000000000000000e+00 6.183314919471740723e-01
2.850000000000000000e+03 2.067565917968750000e-02 6.598409175872802734e+00 2.329860441386699677e-02 2.067565917968750000e-02 6.598409175872802734e+00 2.329860441386699677e-02 0.000000000000000000e+00 6.178225874900817871e-01
2.860000000000000000e+03 2.064514160156250000e-02 6.598278045654296875e+00 2.279274351894855499e-02 2.064514160156250000e-02 6.598278045654296875e+00 2.279274351894855499e-02 0.000000000000000000e+00 6.170738339424133301e-01
2.870000000000000000e+03 2.033996582031250000e-02 6.598176002502441406e+00 2.247565239667892456e-02 2.033996582031250000e-02 6.598176002502441406e+00 2.247565239667892456e-02 0.000000000000000000e+00 6.156566739082336426e-01
2.880000000000000000e+03 2.035522460937500000e-02 6.598129272460937500e+00 2.200524322688579559e-02 2.035522460937500000e-02 6.598129272460937500e+00 2.200524322688579559e-02 0.000000000000000000e+00 6.164172887802124023e-01
2.890000000000000000e+03 2.006530761718750000e-02 6.598060131072998047e+00 2.166662923991680145e-02 2.006530761718750000e-02 6.598060131072998047e+00 2.166662923991680145e-02 0.000000000000000000e+00 6.153597831726074219e-01
2.900000000000000000e+03 2.009582519531250000e-02 6.598009109497070312e+00 2.137758210301399231e-02 2.009582519531250000e-02 6.598009109497070312e+00 2.137758210301399231e-02 0.000000000000000000e+00 6.152285933494567871e-01
2.910000000000000000e+03 2.005004882812500000e-02 6.597962379455566406e+00 2.111541666090488434e-02 2.005004882812500000e-02 6.597962379455566406e+00 2.111541666090488434e-02 0.000000000000000000e+00 6.145448088645935059e-01
2.920000000000000000e+03 2.998352050781250000e-02 6.598285198211669922e+00 2.183513715863227844e-02 2.998352050781250000e-02 6.598285198211669922e+00 2.183513715863227844e-02 0.000000000000000000e+00 6.146761775016784668e-01
2.930000000000000000e+03 2.963867187500000000e-01 6.607078075408935547e+00 4.627843573689460754e-02 2.963867187500000000e-01 6.607078075408935547e+00 4.627843573689460754e-02 0.000000000000000000e+00 6.340572834014892578e-01
2.940000000000000000e+03 6.762695312500000000e-02 6.602589607238769531e+00 3.326380252838134766e-02 6.762695312500000000e-02 6.602589607238769531e+00 3.326380252838134766e-02 0.000000000000000000e+00 6.294457316398620605e-01
2.950000000000000000e+03 3.958129882812500000e-02 6.599049091339111328e+00 2.523052692413330078e-02 3.958129882812500000e-02 6.599049091339111328e+00 2.523052692413330078e-02 0.000000000000000000e+00 6.172994971275329590e-01
2.960000000000000000e+03 2.728271484375000000e-02 6.598453044891357422e+00 2.260128222405910492e-02 2.728271484375000000e-02 6.598453044891357422e+00 2.260128222405910492e-02 0.000000000000000000e+00 6.149004697799682617e-01
2.970000000000000000e+03 2.183532714843750000e-02 6.598526477813720703e+00 2.149653621017932892e-02 2.183532714843750000e-02 6.598526477813720703e+00 2.149653621017932892e-02 0.000000000000000000e+00 6.162850856781005859e-01
2.980000000000000000e+03 1.901245117187500000e-02 6.598025321960449219e+00 2.057006768882274628e-02 1.901245117187500000e-02 6.598025321960449219e+00 2.057006768882274628e-02 0.000000000000000000e+00 6.145311594009399414e-01
2.990000000000000000e+03 1.911926269531250000e-02 6.598005294799804688e+00 2.014650776982307434e-02 1.911926269531250000e-02 6.598005294799804688e+00 2.014650776982307434e-02 0.000000000000000000e+00 6.127009987831115723e-01
3.000000000000000000e+03 1.890563964843750000e-02 6.597889900207519531e+00 1.966144703328609467e-02 1.890563964843750000e-02 6.597889900207519531e+00 1.966144703328609467e-02 0.000000000000000000e+00 6.137323975563049316e-01
3.010000000000000000e+03 1.885986328125000000e-02 6.597887516021728516e+00 1.934158056974411011e-02 1.885986328125000000e-02 6.597887516021728516e+00 1.934158056974411011e-02 0.000000000000000000e+00 6.134113073348999023e-01
3.020000000000000000e+03 2.281188964843750000e-02 6.598165035247802734e+00 1.943271979689598083e-02 2.281188964843750000e-02 6.598165035247802734e+00 1.943271979689598083e-02 0.000000000000000000e+00 6.139570474624633789e-01
3.030000000000000000e+03 2.563476562500000000e-01 6.629905223846435547e+00 5.104893818497657776e-02 2.563476562500000000e-01 6.629905223846435547e+00 5.104893818497657776e-02 0.000000000000000000e+00 6.593941450119018555e-01
3.040000000000000000e+03 8.294677734375000000e-02 6.603540420532226562e+00 2.634528279304504395e-02 8.294677734375000000e-02 6.603540420532226562e+00 2.634528279304504395e-02 0.000000000000000000e+00 6.114614605903625488e-01
3.050000000000000000e+03 3.839111328125000000e-02 6.602746963500976562e+00 2.379718981683254242e-02 3.839111328125000000e-02 6.602746963500976562e+00 2.379718981683254242e-02 0.000000000000000000e+00 6.086332201957702637e-01
3.060000000000000000e+03 2.563476562500000000e-02 6.600820064544677734e+00 2.174604684114456177e-02 2.563476562500000000e-02 6.600820064544677734e+00 2.174604684114456177e-02 0.000000000000000000e+00 6.092200875282287598e-01
3.070000000000000000e+03 2.124023437500000000e-02 6.598878860473632812e+00 1.985536888241767883e-02 2.124023437500000000e-02 6.598878860473632812e+00 1.985536888241767883e-02 0.000000000000000000e+00 6.095792651176452637e-01
3.080000000000000000e+03 1.893615722656250000e-02 6.598101139068603516e+00 1.881932467222213745e-02 1.893615722656250000e-02 6.598101139068603516e+00 1.881932467222213745e-02 0.000000000000000000e+00 6.104772090911865234e-01
3.090000000000000000e+03 1.843261718750000000e-02 6.597800731658935547e+00 1.826184429228305817e-02 1.843261718750000000e-02 6.597800731658935547e+00 1.826184429228305817e-02 0.000000000000000000e+00 6.123064160346984863e-01
3.100000000000000000e+03 1.863098144531250000e-02 6.597895145416259766e+00 1.808038167655467987e-02 1.863098144531250000e-02 6.597895145416259766e+00 1.808038167655467987e-02 0.000000000000000000e+00 6.128906607627868652e-01
3.110000000000000000e+03 1.786804199218750000e-02 6.597685813903808594e+00 1.763418130576610565e-02 1.786804199218750000e-02 6.597685813903808594e+00 1.763418130576610565e-02 0.000000000000000000e+00 6.109595298767089844e-01
3.120000000000000000e+03 1.788330078125000000e-02 6.597687244415283203e+00 1.744104176759719849e-02 1.788330078125000000e-02 6.597687244415283203e+00 1.744104176759719849e-02 0.000000000000000000e+00 6.098980903625488281e-01
3.130000000000000000e+03 4.171752929687500000e-02 6.597850799560546875e+00 1.973129808902740479e-02 4.171752929687500000e-02 6.597850799560546875e+00 1.973129808902740479e-02 0.000000000000000000e+00 6.095265150070190430e-01
3.140000000000000000e+03 4.827880859375000000e-02 6.604928016662597656e+00 2.970153838396072388e-02 4.827880859375000000e-02 6.604928016662597656e+00 2.970153838396072388e-02 0.000000000000000000e+00 6.411405801773071289e-01
3.150000000000000000e+03 6.185913085937500000e-02 6.609127044677734375e+00 3.706153854727745056e-02 6.185913085937500000e-02 6.609127044677734375e+00 3.706153854727745056e-02 0.000000000000000000e+00 6.328749060630798340e-01
3.160000000000000000e+03 3.823852539062500000e-02 6.600161552429199219e+00 2.452232874929904938e-02 3.823852539062500000e-02 6.600161552429199219e+00 2.452232874929904938e-02 0.000000000000000000e+00 6.056399941444396973e-01
3.170000000000000000e+03 2.163696289062500000e-02 6.599678993225097656e+00 2.030820772051811218e-02 2.163696289062500000e-02 6.599678993225097656e+00 2.030820772051811218e-02 0.000000000000000000e+00 6.142713427543640137e-01
3.180000000000000000e+03 1.757812500000000000e-02 6.598373413085937500e+00 1.797714270651340485e-02 1.757812500000000000e-02 6.598373413085937500e+00 1.797714270651340485e-02 0.000000000000000000e+00 6.097549200057983398e-01
3.190000000000000000e+03 1.774597167968750000e-02 6.597916126251220703e+00 1.766794733703136444e-02 1.774597167968750000e-02 6.597916126251220703e+00 1.766794733703136444e-02 0.000000000000000000e+00 6.089568734169006348e-01
3.200000000000000000e+03 1.725769042968750000e-02 6.597868442535400391e+00 1.713335327804088593e-02 1.725769042968750000e-02 6.597868442535400391e+00 1.713335327804088593e-02 0.000000000000000000e+00 6.086457371711730957e-01
3.210000000000000000e+03 1.693725585937500000e-02 6.597663879394531250e+00 1.662907190620899200e-02 1.693725585937500000e-02 6.597663879394531250e+00 1.662907190620899200e-02 0.000000000000000000e+00 6.092991232872009277e-01
3.220000000000000000e+03 1.695251464843750000e-02 6.597626686096191406e+00 1.634514145553112030e-02 1.695251464843750000e-02 6.597626686096191406e+00 1.634514145553112030e-02 0.000000000000000000e+00 6.091043949127197266e-01
3.230000000000000000e+03 1.689147949218750000e-02 6.597604274749755859e+00 1.607200875878334045e-02 1.689147949218750000e-02 6.597604274749755859e+00 1.607200875878334045e-02 0.000000000000000000e+00 6.088173985481262207e-01
3.240000000000000000e+03 1.979064941406250000e-02 6.597754478454589844e+00 1.609731093049049377e-02 1.979064941406250000e-02 6.597754478454589844e+00 1.609731093049049377e-02 0.000000000000000000e+00 6.093430519104003906e-01
3.250000000000000000e+03 7.946777343750000000e-02 6.602382659912109375e+00 2.269073575735092163e-02 7.946777343750000000e-02 6.602382659912109375e+00 2.269073575735092163e-02 0.000000000000000000e+00 6.183503866195678711e-01
3.260000000000000000e+03 1.643371582031250000e-02 6.597695350646972656e+00 1.584085449576377869e-02 1.643371582031250000e-02 6.597695350646972656e+00 1.584085449576377869e-02 0.000000000000000000e+00 6.069260239601135254e-01
3.270000000000000000e+03 1.855468750000000000e-02 6.597877502441406250e+00 1.605862379074096680e-02 1.855468750000000000e-02 6.597877502441406250e+00 1.605862379074096680e-02 0.000000000000000000e+00 6.068641543388366699e-01
3.280000000000000000e+03 1.965332031250000000e-02 6.597857952117919922e+00 1.582826115190982819e-02 1.965332031250000000e-02 6.597857952117919922e+00 1.582826115190982819e-02 0.000000000000000000e+00 6.082960963249206543e-01
3.290000000000000000e+03 2.093505859375000000e-02 6.597883224487304688e+00 1.586687937378883362e-02 2.093505859375000000e-02 6.597883224487304688e+00 1.586687937378883362e-02 0.000000000000000000e+00 6.068254113197326660e-01
3.300000000000000000e+03 1.792907714843750000e-02 6.597594261169433594e+00 1.531488727778196335e-02 1.792907714843750000e-02 6.597594261169433594e+00 1.531488727778196335e-02 0.000000000000000000e+00 6.071606874465942383e-01
3.310000000000000000e+03 3.436279296875000000e-02 6.598740100860595703e+00 1.699261553585529327e-02 3.436279296875000000e-02 6.598740100860595703e+00 1.699261553585529327e-02 0.000000000000000000e+00 6.071681380271911621e-01
3.320000000000000000e+03 2.120361328125000000e-01 6.609752655029296875e+00 3.462970256805419922e-02 2.120361328125000000e-01 6.609752655029296875e+00 3.462970256805419922e-02 0.000000000000000000e+00 6.205570697784423828e-01
3.330000000000000000e+03 2.894592285156250000e-02 6.600248813629150391e+00 1.745234243571758270e-02 2.894592285156250000e-02 6.600248813629150391e+00 1.745234243571758270e-02 0.000000000000000000e+00 6.125148534774780273e-01
3.340000000000000000e+03 2.639770507812500000e-02 6.599960327148437500e+00 1.708077080547809601e-02 2.639770507812500000e-02 6.599960327148437500e+00 1.708077080547809601e-02 0.000000000000000000e+00 6.107873320579528809e-01
3.350000000000000000e+03 1.943969726562500000e-02 6.597733497619628906e+00 1.571626588702201843e-02 1.943969726562500000e-02 6.597733497619628906e+00 1.571626588702201843e-02 0.000000000000000000e+00 6.071231961250305176e-01
3.360000000000000000e+03 1.577758789062500000e-02 6.597573280334472656e+00 1.469597406685352325e-02 1.577758789062500000e-02 6.597573280334472656e+00 1.469597406685352325e-02 0.000000000000000000e+00 6.063132882118225098e-01
3.370000000000000000e+03 1.580810546875000000e-02 6.597466468811035156e+00 1.444101426750421524e-02 1.580810546875000000e-02 6.597466468811035156e+00 1.444101426750421524e-02 0.000000000000000000e+00 6.062716841697692871e-01
3.380000000000000000e+03 1.582336425781250000e-02 6.597424983978271484e+00 1.415615808218717575e-02 1.582336425781250000e-02 6.597424983978271484e+00 1.415615808218717575e-02 0.000000000000000000e+00 6.058428287506103516e-01
3.390000000000000000e+03 1.629638671875000000e-02 6.597392559051513672e+00 1.400396786630153656e-02 1.629638671875000000e-02 6.597392559051513672e+00 1.400396786630153656e-02 0.000000000000000000e+00 6.062705516815185547e-01
3.400000000000000000e+03 2.738952636718750000e-02 6.597676277160644531e+00 1.480947434902191162e-02 2.738952636718750000e-02 6.597676277160644531e+00 1.480947434902191162e-02 0.000000000000000000e+00 6.060724258422851562e-01
3.410000000000000000e+03 2.337646484375000000e-01 6.606088161468505859e+00 3.549352660775184631e-02 2.337646484375000000e-01 6.606088161468505859e+00 3.549352660775184631e-02 0.000000000000000000e+00 6.218757629394531250e-01
3.420000000000000000e+03 2.763366699218750000e-02 6.600885391235351562e+00 1.840985007584095001e-02 2.763366699218750000e-02 6.600885391235351562e+00 1.840985007584095001e-02 0.000000000000000000e+00 6.145326495170593262e-01
3.430000000000000000e+03 2.732849121093750000e-02 6.601124763488769531e+00 1.729961298406124115e-02 2.732849121093750000e-02 6.601124763488769531e+00 1.729961298406124115e-02 0.000000000000000000e+00 6.132664680480957031e-01
3.440000000000000000e+03 1.556396484375000000e-02 6.597715377807617188e+00 1.422196067869663239e-02 1.556396484375000000e-02 6.597715377807617188e+00 1.422196067869663239e-02 0.000000000000000000e+00 6.045097708702087402e-01
3.450000000000000000e+03 1.571655273437500000e-02 6.597809314727783203e+00 1.409890688955783844e-02 1.571655273437500000e-02 6.597809314727783203e+00 1.409890688955783844e-02 0.000000000000000000e+00 6.034543514251708984e-01
3.460000000000000000e+03 1.548767089843750000e-02 6.597459793090820312e+00 1.362263690680265427e-02 1.548767089843750000e-02 6.597459793090820312e+00 1.362263690680265427e-02 0.000000000000000000e+00 6.050460338592529297e-01
3.470000000000000000e+03 1.511383056640625000e-02 6.597388744354248047e+00 1.325473282486200333e-02 1.511383056640625000e-02 6.597388744354248047e+00 1.325473282486200333e-02 0.000000000000000000e+00 6.056162118911743164e-01
3.480000000000000000e+03 1.505279541015625000e-02 6.597303867340087891e+00 1.307322364300489426e-02 1.505279541015625000e-02 6.597303867340087891e+00 1.307322364300489426e-02 0.000000000000000000e+00 6.052001714706420898e-01
3.490000000000000000e+03 1.486968994140625000e-02 6.597287654876708984e+00 1.283989101648330688e-02 1.486968994140625000e-02 6.597287654876708984e+00 1.283989101648330688e-02 0.000000000000000000e+00 6.043921709060668945e-01
3.500000000000000000e+03 1.484680175781250000e-02 6.597273349761962891e+00 1.268498227000236511e-02 1.484680175781250000e-02 6.597273349761962891e+00 1.268498227000236511e-02 0.000000000000000000e+00 6.048139929771423340e-01
3.510000000000000000e+03 1.475524902343750000e-02 6.597250938415527344e+00 1.249091327190399170e-02 1.475524902343750000e-02 6.597250938415527344e+00 1.249091327190399170e-02 0.000000000000000000e+00 6.038344502449035645e-01
3.520000000000000000e+03 1.559448242187500000e-02 6.597270965576171875e+00 1.243704650551080704e-02 1.559448242187500000e-02 6.597270965576171875e+00 1.243704650551080704e-02 0.000000000000000000e+00 6.036441326141357422e-01
3.530000000000000000e+03 4.438476562500000000e-01 6.606131553649902344e+00 5.371530354022979736e-02 4.438476562500000000e-01 6.606131553649902344e+00 5.371530354022979736e-02 0.000000000000000000e+00 6.284394860267639160e-01
3.540000000000000000e+03 2.751464843750000000e-01 6.612457275390625000e+00 6.909078359603881836e-02 2.751464843750000000e-01 6.612457275390625000e+00 6.909078359603881836e-02 0.000000000000000000e+00 6.568573713302612305e-01
3.550000000000000000e+03 3.982543945312500000e-02 6.604129314422607422e+00 3.297761827707290649e-02 3.982543945312500000e-02 6.604129314422607422e+00 3.297761827707290649e-02 0.000000000000000000e+00 5.989457964897155762e-01
3.560000000000000000e+03 2.929687500000000000e-02 6.602650642395019531e+00 2.336516417562961578e-02 2.929687500000000000e-02 6.602650642395019531e+00 2.336516417562961578e-02 0.000000000000000000e+00 5.983737111091613770e-01
3.570000000000000000e+03 2.471923828125000000e-02 6.599164485931396484e+00 1.823959313333034515e-02 2.471923828125000000e-02 6.599164485931396484e+00 1.823959313333034515e-02 0.000000000000000000e+00 6.063945293426513672e-01
3.580000000000000000e+03 1.676940917968750000e-02 6.598339080810546875e+00 1.496066804975271225e-02 1.676940917968750000e-02 6.598339080810546875e+00 1.496066804975271225e-02 0.000000000000000000e+00 6.044926643371582031e-01
3.590000000000000000e+03 1.546478271484375000e-02 6.598090171813964844e+00 1.393080782145261765e-02 1.546478271484375000e-02 6.598090171813964844e+00 1.393080782145261765e-02 0.000000000000000000e+00 6.049600243568420410e-01
3.600000000000000000e+03 1.483917236328125000e-02 6.597623348236083984e+00 1.338825561106204987e-02 1.483917236328125000e-02 6.597623348236083984e+00 1.338825561106204987e-02 0.000000000000000000e+00 6.036813855171203613e-01
3.610000000000000000e+03 1.458740234375000000e-02 6.597496986389160156e+00 1.293689943850040436e-02 1.458740234375000000e-02 6.597496986389160156e+00 1.293689943850040436e-02 0.000000000000000000e+00 6.039835810661315918e-01
3.620000000000000000e+03 1.428985595703125000e-02 6.597421169281005859e+00 1.256071683019399643e-02 1.428985595703125000e-02 6.597421169281005859e+00 1.256071683019399643e-02 0.000000000000000000e+00 6.031098961830139160e-01
3.630000000000000000e+03 1.425170898437500000e-02 6.597366809844970703e+00 1.230021659284830093e-02 1.425170898437500000e-02 6.597366809844970703e+00 1.230021659284830093e-02 0.000000000000000000e+00 6.025028824806213379e-01
3.640000000000000000e+03 1.413726806640625000e-02 6.597316265106201172e+00 1.207559462636709213e-02 1.413726806640625000e-02 6.597316265106201172e+00 1.207559462636709213e-02 0.000000000000000000e+00 6.023721098899841309e-01
3.650000000000000000e+03 1.406860351562500000e-02 6.597275257110595703e+00 1.190058793872594833e-02 1.406860351562500000e-02 6.597275257110595703e+00 1.190058793872594833e-02 0.000000000000000000e+00 6.021493673324584961e-01
3.660000000000000000e+03 1.409149169921875000e-02 6.597255229949951172e+00 1.168610807508230209e-02 1.409149169921875000e-02 6.597255229949951172e+00 1.168610807508230209e-02 0.000000000000000000e+00 6.015931367874145508e-01
3.670000000000000000e+03 1.398468017578125000e-02 6.597225189208984375e+00 1.156074460595846176e-02 1.398468017578125000e-02 6.597225189208984375e+00 1.156074460595846176e-02 0.000000000000000000e+00 6.020064949989318848e-01
3.680000000000000000e+03 1.387023925781250000e-02 6.597194671630859375e+00 1.138641219586133957e-02 1.387023925781250000e-02 6.597194671630859375e+00 1.138641219586133957e-02 0.000000000000000000e+00 6.017403006553649902e-01
3.690000000000000000e+03 1.378631591796875000e-02 6.597183227539062500e+00 1.123808603733778000e-02 1.378631591796875000e-02 6.597183227539062500e+00 1.123808603733778000e-02 0.000000000000000000e+00 6.014161705970764160e-01
3.700000000000000000e+03 1.374816894531250000e-02 6.597158432006835938e+00 1.110748015344142914e-02 1.374816894531250000e-02 6.597158432006835938e+00 1.110748015344142914e-02 0.000000000000000000e+00 6.008934974670410156e-01
3.710000000000000000e+03 1.372528076171875000e-02 6.597142696380615234e+00 1.096354611217975616e-02 1.372528076171875000e-02 6.597142696380615234e+00 1.096354611217975616e-02 0.000000000000000000e+00 6.009560823440551758e-01
3.720000000000000000e+03 1.412963867187500000e-02 6.597263813018798828e+00 1.095545105636119843e-02 1.412963867187500000e-02 6.597263813018798828e+00 1.095545105636119843e-02 0.000000000000000000e+00 6.019125580787658691e-01
3.730000000000000000e+03 1.795959472656250000e-02 6.597715377807617188e+00 1.124533824622631073e-02 1.795959472656250000e-02 6.597715377807617188e+00 1.124533824622631073e-02 0.000000000000000000e+00 6.032497286796569824e-01
3.740000000000000000e+03 1.943359375000000000e-01 6.623000144958496094e+00 3.703257068991661072e-02 1.943359375000000000e-01 6.623000144958496094e+00 3.703257068991661072e-02 0.000000000000000000e+00 6.403642296791076660e-01
3.750000000000000000e+03 1.006469726562500000e-01 6.609711647033691406e+00 2.465143799781799316e-02 1.006469726562500000e-01 6.609711647033691406e+00 2.465143799781799316e-02 0.000000000000000000e+00 6.033635139465332031e-01
3.760000000000000000e+03 3.451538085937500000e-02 6.600191593170166016e+00 1.425475720316171646e-02 3.451538085937500000e-02 6.600191593170166016e+00 1.425475720316171646e-02 0.000000000000000000e+00 5.976671576499938965e-01
3.770000000000000000e+03 1.406860351562500000e-02 6.597767829895019531e+00 1.160684321075677872e-02 1.406860351562500000e-02 6.597767829895019531e+00 1.160684321075677872e-02 0.000000000000000000e+00 5.990872383117675781e-01
3.780000000000000000e+03 1.412200927734375000e-02 6.597478389739990234e+00 1.111910957843065262e-02 1.412200927734375000e-02 6.597478389739990234e+00 1.111910957843065262e-02 0.000000000000000000e+00 6.007393598556518555e-01
3.790000000000000000e+03 1.500701904296875000e-02 6.597314834594726562e+00 1.078721974045038223e-02 1.500701904296875000e-02 6.597314834594726562e+00 1.078721974045038223e-02 0.000000000000000000e+00 6.015606522560119629e-01
3.800000000000000000e+03 1.325988769531250000e-02 6.597173213958740234e+00 1.052446104586124420e-02 1.325988769531250000e-02 6.597173213958740234e+00 1.052446104586124420e-02 0.000000000000000000e+00 5.998806953430175781e-01
3.810000000000000000e+03 1.310729980468750000e-02 6.597114086151123047e+00 1.034978963434696198e-02 1.310729980468750000e-02 6.597114086151123047e+00 1.034978963434696198e-02 0.000000000000000000e+00 6.005243659019470215e-01
3.820000000000000000e+03 1.315307617187500000e-02 6.597116947174072266e+00 1.018702890723943710e-02 1.315307617187500000e-02 6.597116947174072266e+00 1.018702890723943710e-02 0.000000000000000000e+00 6.005834937095642090e-01
3.830000000000000000e+03 1.296997070312500000e-02 6.597079277038574219e+00 1.002967264503240585e-02 1.296997070312500000e-02 6.597079277038574219e+00 1.002967264503240585e-02 0.000000000000000000e+00 5.999053120613098145e-01
3.840000000000000000e+03 1.367187500000000000e-02 6.597074508666992188e+00 9.954869747161865234e-03 1.367187500000000000e-02 6.597074508666992188e+00 9.954869747161865234e-03 0.000000000000000000e+00 5.996714234352111816e-01
3.850000000000000000e+03 1.435852050781250000e-02 6.597082138061523438e+00 9.878183715045452118e-03 1.435852050781250000e-02 6.597082138061523438e+00 9.878183715045452118e-03 0.000000000000000000e+00 5.992723703384399414e-01
3.860000000000000000e+03 4.196166992187500000e-02 6.597970008850097656e+00 1.224721968173980713e-02 4.196166992187500000e-02 6.597970008850097656e+00 1.224721968173980713e-02 0.000000000000000000e+00 6.004081368446350098e-01
3.870000000000000000e+03 7.836914062500000000e-02 6.602497577667236328e+00 1.744882576167583466e-02 7.836914062500000000e-02 6.602497577667236328e+00 1.744882576167583466e-02 0.000000000000000000e+00 6.058610081672668457e-01
3.880000000000000000e+03 2.207946777343750000e-02 6.599582195281982422e+00 1.301209628582000732e-02 2.207946777343750000e-02 6.599582195281982422e+00 1.301209628582000732e-02 0.000000000000000000e+00 6.062710285186767578e-01
3.890000000000000000e+03 1.687622070312500000e-02 6.598688602447509766e+00 1.135098561644554138e-02 1.687622070312500000e-02 6.598688602447509766e+00 1.135098561644554138e-02 0.000000000000000000e+00 6.036142110824584961e-01
3.900000000000000000e+03 1.470947265625000000e-02 6.598124027252197266e+00 1.079487055540084839e-02 1.470947265625000000e-02 6.598124027252197266e+00 1.079487055540084839e-02 0.000000000000000000e+00 5.961590409278869629e-01
3.910000000000000000e+03 1.292419433593750000e-02 6.597128868103027344e+00 9.765223599970340729e-03 1.292419433593750000e-02 6.597128868103027344e+00 9.765223599970340729e-03 0.000000000000000000e+00 5.984820723533630371e-01
3.920000000000000000e+03 1.849365234375000000e-02 6.597674846649169922e+00 1.010965742170810699e-02 1.849365234375000000e-02 6.597674846649169922e+00 1.010965742170810699e-02 0.000000000000000000e+00 6.017370223999023438e-01
3.930000000000000000e+03 4.537963867187500000e-02 6.597931385040283203e+00 1.220929622650146484e-02 4.537963867187500000e-02 6.597931385040283203e+00 1.220929622650146484e-02 0.000000000000000000e+00 6.022309660911560059e-01
3.940000000000000000e+03 1.406097412109375000e-02 6.597333431243896484e+00 9.679293259978294373e-03 1.406097412109375000e-02 6.597333431243896484e+00 9.679293259978294373e-03 0.000000000000000000e+00 5.999200344085693359e-01
3.950000000000000000e+03 2.540588378906250000e-02 6.597471237182617188e+00 1.029929704964160919e-02 2.540588378906250000e-02 6.597471237182617188e+00 1.029929704964160919e-02 0.000000000000000000e+00 5.983658432960510254e-01
3.960000000000000000e+03 3.244018554687500000e-02 6.598426342010498047e+00 1.172484271228313446e-02 3.244018554687500000e-02 6.598426342010498047e+00 1.172484271228313446e-02 0.000000000000000000e+00 5.986527204513549805e-01
3.970000000000000000e+03 1.933288574218750000e-02 6.597486019134521484e+00 1.030629314482212067e-02 1.933288574218750000e-02 6.597486019134521484e+00 1.030629314482212067e-02 0.000000000000000000e+00 5.985935926437377930e-01
3.980000000000000000e+03 1.710510253906250000e-02 6.597130775451660156e+00 9.653707034885883331e-03 1.710510253906250000e-02 6.597130775451660156e+00 9.653707034885883331e-03 0.000000000000000000e+00 5.990026593208312988e-01
3.990000000000000000e+03 5.068969726562500000e-02 6.599107742309570312e+00 1.263482961803674698e-02 5.068969726562500000e-02 6.599107742309570312e+00 1.263482961803674698e-02 0.000000000000000000e+00 5.990424752235412598e-01
4.000000000000000000e+03 3.921508789062500000e-02 6.598943233489990234e+00 1.188275963068008423e-02 3.921508789062500000e-02 6.598943233489990234e+00 1.188275963068008423e-02 0.000000000000000000e+00 6.000555753707885742e-01
