# step, loss_train, loss_test, metrics_test
0.000000000000000000e+00 6.777331698685884476e-03 2.991837263107299805e-01 5.230409502983093262e-01 4.139584898948669434e-01 6.777331698685884476e-03 2.991837263107299805e-01 5.230409502983093262e-01 4.139584898948669434e-01 1.094636678695678711e+00 4.212529659271240234e-01
1.000000000000000000e+01 3.699325770139694214e-02 4.591697454452514648e-02 1.141515523195266724e-01 1.067399308085441589e-01 3.699325770139694214e-02 4.591697454452514648e-02 1.141515523195266724e-01 1.067399308085441589e-01 6.143732666969299316e-01 1.326989531517028809e-01
2.000000000000000000e+01 8.681770996190607548e-04 1.438670791685581207e-02 6.761252135038375854e-02 4.243835434317588806e-02 8.681770996190607548e-04 1.438670791685581207e-02 6.761252135038375854e-02 4.243835434317588806e-02 4.138274192810058594e-01 6.020622327923774719e-02
3.000000000000000000e+01 2.442324534058570862e-03 6.256367545574903488e-03 4.174049943685531616e-02 2.298563160002231598e-02 2.442324534058570862e-03 6.256367545574903488e-03 4.174049943685531616e-02 2.298563160002231598e-02 3.104572892189025879e-01 3.388492763042449951e-02
4.000000000000000000e+01 1.560422126203775406e-03 3.891018452122807503e-03 2.743003144860267639e-02 1.436495129019021988e-02 1.560422126203775406e-03 3.891018452122807503e-03 2.743003144860267639e-02 1.436495129019021988e-02 2.625679969787597656e-01 2.423742972314357758e-02
5.000000000000000000e+01 1.829796354286372662e-03 2.373887924477458000e-03 1.643101125955581665e-02 8.294143714010715485e-03 1.829796354286372662e-03 2.373887924477458000e-03 1.643101125955581665e-02 8.294143714010715485e-03 2.117393612861633301e-01 1.576180942356586456e-02
6.000000000000000000e+01 2.288883086293935776e-03 1.984872622415423393e-03 9.297194890677928925e-03 5.246750079095363617e-03 2.288883086293935776e-03 1.984872622415423393e-03 9.297194890677928925e-03 5.246750079095363617e-03 1.694992035627365112e-01 1.010039355605840683e-02
7.000000000000000000e+01 2.090746071189641953e-03 1.497525605373084545e-03 5.789124406874179840e-03 3.449391806498169899e-03 2.090746071189641953e-03 1.497525605373084545e-03 5.789124406874179840e-03 3.449391806498169899e-03 1.404517292976379395e-01 6.935168523341417313e-03
8.000000000000000000e+01 1.744682551361620426e-03 1.123087364248931408e-03 3.913619089871644974e-03 2.592709846794605255e-03 1.744682551361620426e-03 1.123087364248931408e-03 3.913619089871644974e-03 2.592709846794605255e-03 1.223269104957580566e-01 5.260740406811237335e-03
9.000000000000000000e+01 1.517789671197533607e-03 8.591286023147404194e-04 2.781623741611838341e-03 1.985010690987110138e-03 1.517789671197533607e-03 8.591286023147404194e-04 2.781623741611838341e-03 1.985010690987110138e-03 1.087921559810638428e-01 4.161003045737743378e-03
1.000000000000000000e+02 1.288178726099431515e-03 6.793311913497745991e-04 2.071806928142905235e-03 1.624142169021070004e-03 1.288178726099431515e-03 6.793311913497745991e-04 2.071806928142905235e-03 1.624142169021070004e-03 1.000545620918273926e-01 3.519464749842882156e-03
1.100000000000000000e+02 1.119525753892958164e-03 5.412576138041913509e-04 1.588548417203128338e-03 1.361047150567173958e-03 1.119525753892958164e-03 5.412576138041913509e-04 1.588548417203128338e-03 1.361047150567173958e-03 9.355018287897109985e-02 3.076750086620450020e-03
1.200000000000000000e+02 1.024108380079269409e-03 4.321216547396034002e-04 1.252588001079857349e-03 1.134463469497859478e-03 1.024108380079269409e-03 4.321216547396034002e-04 1.252588001079857349e-03 1.134463469497859478e-03 8.744733780622482300e-02 2.688413253054022789e-03
1.300000000000000000e+02 9.510575910098850727e-04 3.540740290191024542e-04 1.016836264170706272e-03 9.603477665223181248e-04 9.510575910098850727e-04 3.540740290191024542e-04 1.016836264170706272e-03 9.603477665223181248e-04 8.230764418840408325e-02 2.381679136306047440e-03
1.400000000000000000e+02 8.802499505691230297e-04 2.997078408952802420e-04 8.496349910274147987e-04 8.280076435767114162e-04 8.802499505691230297e-04 2.997078408952802420e-04 8.496349910274147987e-04 8.280076435767114162e-04 7.817326486110687256e-02 2.148420782759785652e-03
1.500000000000000000e+02 8.146984037011861801e-04 2.598440332803875208e-04 7.245910237543284893e-04 7.251464994624257088e-04 8.146984037011861801e-04 2.598440332803875208e-04 7.245910237543284893e-04 7.251464994624257088e-04 7.469857484102249146e-02 1.961677102372050285e-03
1.600000000000000000e+02 7.538343197666108608e-04 2.297370228916406631e-04 6.267401622608304024e-04 6.436618859879672527e-04 7.538343197666108608e-04 2.297370228916406631e-04 6.267401622608304024e-04 6.436618859879672527e-04 7.171025127172470093e-02 1.807862077839672565e-03
1.700000000000000000e+02 6.999093457125127316e-04 2.056751400232315063e-04 5.477152299135923386e-04 5.777143524028360844e-04 6.999093457125127316e-04 2.056751400232315063e-04 5.477152299135923386e-04 5.777143524028360844e-04 6.916964799165725708e-02 1.682031084783375263e-03
1.800000000000000000e+02 6.532630650326609612e-04 1.862717181211337447e-04 4.824461357202380896e-04 5.222233594395220280e-04 6.532630650326609612e-04 1.862717181211337447e-04 4.824461357202380896e-04 5.222233594395220280e-04 6.688800454139709473e-02 1.572893932461738586e-03
1.900000000000000000e+02 6.117896991781890392e-04 1.702917070360854268e-04 4.284453752916306257e-04 4.753511748276650906e-04 6.117896991781890392e-04 1.702917070360854268e-04 4.284453752916306257e-04 4.753511748276650906e-04 6.489700078964233398e-02 1.480648759752511978e-03
2.000000000000000000e+02 5.759432096965610981e-04 1.569494634168222547e-04 3.824309969786554575e-04 4.358692094683647156e-04 5.759432096965610981e-04 1.569494634168222547e-04 3.824309969786554575e-04 4.358692094683647156e-04 6.314326077699661255e-02 1.401706249453127384e-03
2.100000000000000000e+02 5.440886598080396652e-04 1.454262092011049390e-04 3.433728124946355820e-04 4.020514315925538540e-04 5.440886598080396652e-04 1.454262092011049390e-04 3.433728124946355820e-04 4.020514315925538540e-04 6.158471480011940002e-02 1.333364285528659821e-03
2.200000000000000000e+02 5.153601523488759995e-04 1.354168780380859971e-04 3.101115289609879255e-04 3.725005954038351774e-04 5.153601523488759995e-04 1.354168780380859971e-04 3.101115289609879255e-04 3.725005954038351774e-04 6.021913886070251465e-02 1.274887705221772194e-03
2.300000000000000000e+02 4.901947686448693275e-04 1.267568732146173716e-04 2.808381977956742048e-04 3.465165209490805864e-04 4.901947686448693275e-04 1.267568732146173716e-04 2.808381977956742048e-04 3.465165209490805864e-04 5.897961556911468506e-02 1.222944469191133976e-03
2.400000000000000000e+02 4.676883690990507603e-04 1.188598835142329335e-04 2.553798840381205082e-04 3.238604986108839512e-04 4.676883690990507603e-04 1.188598835142329335e-04 2.553798840381205082e-04 3.238604986108839512e-04 5.788233503699302673e-02 1.177863567136228085e-03
2.500000000000000000e+02 4.470610292628407478e-04 1.119954176829196513e-04 2.334785676794126630e-04 3.033653774764388800e-04 4.470610292628407478e-04 1.119954176829196513e-04 2.334785676794126630e-04 3.033653774764388800e-04 5.688840150833129883e-02 1.137759303674101830e-03
2.500000000000000000e+02 3.568635729607194662e-04 1.119954176829196513e-04 2.334785676794126630e-04 3.033653774764388800e-04 4.470610292628407478e-04 1.119954176829196513e-04 2.334785676794126630e-04 3.033653774764388800e-04 5.688840150833129883e-02 1.137759303674101830e-03
2.600000000000000000e+02 9.670924046076834202e-04 8.712999406270682812e-04 2.112696412950754166e-03 1.412463607266545296e-03 1.114621525630354881e-03 8.712999406270682812e-04 2.112696412950754166e-03 1.412463607266545296e-03 8.625368028879165649e-02 2.615520730614662170e-03
2.700000000000000000e+02 3.495571436360478401e-04 6.986620719544589520e-04 8.841802482493221760e-04 8.778906194493174553e-04 4.760669835377484560e-04 6.986620719544589520e-04 8.841802482493221760e-04 8.778906194493174553e-04 6.622136384248733521e-02 1.541697420179843903e-03
2.800000000000000000e+02 3.184594970662146807e-04 1.899354829220101237e-04 2.715777081903070211e-04 3.473150718491524458e-04 4.222851130180060863e-04 1.899354829220101237e-04 2.715777081903070211e-04 3.473150718491524458e-04 5.550396069884300232e-02 1.083055743947625160e-03
2.900000000000000000e+02 2.777793270070105791e-04 9.807071182876825333e-05 1.761677995091304183e-04 2.541589201427996159e-04 3.781406849157065153e-04 9.807071182876825333e-05 1.761677995091304183e-04 2.541589201427996159e-04 5.319058895111083984e-02 9.946551872417330742e-04
3.000000000000000000e+02 2.636615245137363672e-04 8.644647459732368588e-05 1.612551568541675806e-04 2.038409875240176916e-04 3.556224983185529709e-04 8.644647459732368588e-05 1.612551568541675806e-04 2.038409875240176916e-04 5.028722807765007019e-02 8.890338358469307423e-04
3.100000000000000000e+02 2.488748286850750446e-04 7.630991603946313262e-05 1.133641490014269948e-04 1.647944445721805096e-04 3.384194278623908758e-04 7.630991603946313262e-05 1.133641490014269948e-04 1.647944445721805096e-04 4.868965223431587219e-02 8.334437152370810509e-04
3.200000000000000000e+02 2.369279536651447415e-04 6.612284050788730383e-05 9.222238440997898579e-05 1.551949681015685201e-04 3.227694251108914614e-04 6.612284050788730383e-05 9.222238440997898579e-05 1.551949681015685201e-04 4.818823561072349548e-02 8.163661113940179348e-04
3.300000000000000000e+02 2.231812104582786560e-04 5.801306906505487859e-05 7.985119009390473366e-05 1.380456524202600121e-04 3.040437004528939724e-04 5.801306906505487859e-05 7.985119009390473366e-05 1.380456524202600121e-04 4.759518802165985107e-02 7.963958196341991425e-04
3.400000000000000000e+02 2.132053923560306430e-04 5.345553654478862882e-05 7.007870590314269066e-05 1.252600050065666437e-04 2.904300054069608450e-04 5.345553654478862882e-05 7.007870590314269066e-05 1.252600050065666437e-04 4.684389755129814148e-02 7.714520324952900410e-04
3.500000000000000000e+02 2.045393775915727019e-04 4.959765283274464309e-05 6.137284071883186698e-05 1.128010262618772686e-04 2.786077093333005905e-04 4.959765283274464309e-05 6.137284071883186698e-05 1.128010262618772686e-04 4.624290391802787781e-02 7.517840131185948849e-04
3.600000000000000000e+02 1.963732356671243906e-04 4.652284769690595567e-05 5.331960346666164696e-05 1.025995370582677424e-04 2.675085852388292551e-04 4.652284769690595567e-05 5.331960346666164696e-05 1.025995370582677424e-04 4.571392387151718140e-02 7.346828351728618145e-04
3.700000000000000000e+02 1.889461564132943749e-04 4.378244557301513851e-05 4.605987851391546428e-05 9.369865438202396035e-05 2.573875244706869125e-04 4.378244557301513851e-05 4.605987851391546428e-05 9.369865438202396035e-05 4.519576206803321838e-02 7.181222317740321159e-04
3.800000000000000000e+02 1.816181320464238524e-04 4.125242048758082092e-05 4.050475035910494626e-05 8.537134272046387196e-05 2.474215580150485039e-04 4.125242048758082092e-05 4.050475035910494626e-05 8.537134272046387196e-05 4.471508041024208069e-02 7.029281114228069782e-04
3.900000000000000000e+02 1.750175142660737038e-04 3.858849231619387865e-05 3.564942744560539722e-05 7.829860987840220332e-05 2.384285471634939313e-04 3.858849231619387865e-05 3.564942744560539722e-05 7.829860987840220332e-05 4.426617175340652466e-02 6.888851639814674854e-04
4.000000000000000000e+02 1.684379676589742303e-04 3.640071372501552105e-05 3.145872688037343323e-05 7.180489774327725172e-05 2.294484293088316917e-04 3.640071372501552105e-05 3.145872688037343323e-05 7.180489774327725172e-05 4.381641000509262085e-02 6.749576423317193985e-04
4.100000000000000000e+02 1.623925782041624188e-04 3.442357046878896654e-05 2.775573011604137719e-05 6.596087769139558077e-05 2.212304243585094810e-04 3.442357046878896654e-05 2.775573011604137719e-05 6.596087769139558077e-05 4.342886433005332947e-02 6.630708230659365654e-04
4.200000000000000000e+02 1.569858141010627151e-04 3.243864193791523576e-05 2.464413228153716773e-05 6.081464744056575000e-05 2.138584532076492906e-04 3.243864193791523576e-05 2.464413228153716773e-05 6.081464744056575000e-05 4.311012104153633118e-02 6.533731939271092415e-04
4.300000000000000000e+02 1.517985510872676969e-04 3.073536572628654540e-05 2.191084240621421486e-05 5.603764657280407846e-05 2.067349996650591493e-04 3.073536572628654540e-05 2.191084240621421486e-05 5.603764657280407846e-05 4.271128401160240173e-02 6.413397495634853840e-04
4.400000000000000000e+02 1.469263661419972777e-04 2.901227526308503002e-05 1.945288931892719120e-05 5.187977876630611718e-05 2.001597458729520440e-04 2.901227526308503002e-05 1.945288931892719120e-05 5.187977876630611718e-05 4.236289486289024353e-02 6.309198215603828430e-04
4.500000000000000000e+02 1.423713110852986574e-04 2.756427966232877225e-05 1.741539563226979226e-05 4.800473834620788693e-05 1.939519715961068869e-04 2.756427966232877225e-05 1.741539563226979226e-05 4.800473834620788693e-05 4.207786172628402710e-02 6.224582321010529995e-04
4.600000000000000000e+02 1.379881723551079631e-04 2.614526965771801770e-05 1.572433211549650878e-05 4.443573197931982577e-05 1.879828196251764894e-04 2.614526965771801770e-05 1.572433211549650878e-05 4.443573197931982577e-05 4.176132008433341980e-02 6.131281843408942223e-04
4.700000000000000000e+02 1.339181908406317234e-04 2.481026422174181789e-05 1.408824027748778462e-05 4.137670475756749511e-05 1.824041682993993163e-04 2.481026422174181789e-05 1.408824027748778462e-05 4.137670475756749511e-05 4.145976528525352478e-02 6.043055327609181404e-04
4.800000000000000000e+02 1.301773154409602284e-04 2.365249747526831925e-05 1.264904585696058348e-05 3.847333573503419757e-05 1.773307740222662687e-04 2.365249747526831925e-05 1.264904585696058348e-05 3.847333573503419757e-05 4.117571562528610229e-02 5.960534908808767796e-04
4.900000000000000000e+02 1.263892045244574547e-04 2.253582897537853569e-05 1.154790516011416912e-05 3.583864236134104431e-05 1.721627049846574664e-04 2.253582897537853569e-05 1.154790516011416912e-05 3.583864236134104431e-05 4.093135520815849304e-02 5.889997701160609722e-04
5.000000000000000000e+02 1.229123445227742195e-04 2.146026963600888848e-05 1.039417838910594583e-05 3.353158172103576362e-05 1.674338127486407757e-04 2.146026963600888848e-05 1.039417838910594583e-05 3.353158172103576362e-05 4.062941297888755798e-02 5.803419626317918301e-04
5.000000000000000000e+02 9.709739242680370808e-05 2.146026963600888848e-05 1.039417838910594583e-05 3.353158172103576362e-05 1.674338127486407757e-04 2.146026963600888848e-05 1.039417838910594583e-05 3.353158172103576362e-05 4.062941297888755798e-02 5.803419626317918301e-04
5.100000000000000000e+02 5.688539822585880756e-04 2.365219173952937126e-03 1.126318122260272503e-03 1.806081971153616905e-03 3.954291460104286671e-04 2.365219173952937126e-03 1.126318122260272503e-03 1.806081971153616905e-03 7.607833296060562134e-02 2.034814562648534775e-03
5.200000000000000000e+02 3.631264844443649054e-04 2.773320593405514956e-04 5.042693810537457466e-04 3.049677761737257242e-04 3.625950776040554047e-04 2.773320593405514956e-04 5.042693810537457466e-04 3.049677761737257242e-04 5.030935630202293396e-02 8.898163796402513981e-04
5.300000000000000000e+02 1.600634568603709340e-04 1.282421144424006343e-04 1.308766368310898542e-04 1.457926700823009014e-04 2.364036481594666839e-04 1.282421144424006343e-04 1.308766368310898542e-04 1.457926700823009014e-04 4.212112352252006531e-02 6.237389170564711094e-04
5.400000000000000000e+02 8.681361214257776737e-05 3.417259358684532344e-05 2.180611772928386927e-05 4.683609586209058762e-05 1.482281368225812912e-04 3.417259358684532344e-05 2.180611772928386927e-05 4.683609586209058762e-05 3.977888450026512146e-02 5.562987644225358963e-04
5.500000000000000000e+02 9.591900743544101715e-05 3.843953527393750846e-05 3.378792825969867408e-05 5.158211206435225904e-05 1.517415366834029555e-04 3.843953527393750846e-05 3.378792825969867408e-05 5.158211206435225904e-05 3.952259570360183716e-02 5.491536576300859451e-04
5.600000000000000000e+02 8.460476237814873457e-05 1.903157681226730347e-05 1.110518769564805552e-05 2.297655009897425771e-05 1.450221025152131915e-04 1.903157681226730347e-05 1.110518769564805552e-05 2.297655009897425771e-05 3.860326111316680908e-02 5.239029997028410435e-04
5.700000000000000000e+02 8.486206206725910306e-05 1.798533412511460483e-05 9.577684068062808365e-06 2.400470657448749989e-05 1.443414803361520171e-04 1.798533412511460483e-05 9.577684068062808365e-06 2.400470657448749989e-05 3.856699541211128235e-02 5.229191156104207039e-04
5.800000000000000000e+02 8.099609840428456664e-05 1.425574009772390127e-05 7.402620667562587187e-06 1.986575261980760843e-05 1.394464488839730620e-04 1.425574009772390127e-05 7.402620667562587187e-06 1.986575261980760843e-05 3.842094540596008301e-02 5.189661751501262188e-04
5.900000000000000000e+02 7.950908911880105734e-05 1.362682996841613203e-05 6.128214863565517589e-06 1.896634421427734196e-05 1.371177058899775147e-04 1.362682996841613203e-05 6.128214863565517589e-06 1.896634421427734196e-05 3.826349228620529175e-02 5.147212068550288677e-04
6.000000000000000000e+02 7.857641321606934071e-05 1.293876539421034977e-05 5.339284143701661378e-06 1.837464878917671740e-05 1.355008425889536738e-04 1.293876539421034977e-05 5.339284143701661378e-06 1.837464878917671740e-05 3.815963119268417358e-02 5.119307315908372402e-04
6.100000000000000000e+02 7.747006020508706570e-05 1.262912610400235280e-05 4.989179160475032404e-06 1.723031709843780845e-05 1.335997076239436865e-04 1.262912610400235280e-05 4.989179160475032404e-06 1.723031709843780845e-05 3.799399361014366150e-02 5.074960645288228989e-04
6.200000000000000000e+02 7.631783955730497837e-05 1.226997119374573231e-05 4.396468739287229255e-06 1.657145548961125314e-05 1.316205598413944244e-04 1.226997119374573231e-05 4.396468739287229255e-06 1.657145548961125314e-05 3.783056139945983887e-02 5.031395121477544308e-04
6.300000000000000000e+02 7.514932076446712017e-05 1.182525647891452536e-05 4.136677034694002941e-06 1.587768201716244221e-05 1.295936817768961191e-04 1.182525647891452536e-05 4.136677034694002941e-06 1.587768201716244221e-05 3.775652498006820679e-02 5.011720932088792324e-04
6.400000000000000000e+02 7.392849511234089732e-05 1.144687394116772339e-05 3.808027486229548231e-06 1.523769060440827161e-05 1.274938549613580108e-04 1.144687394116772339e-05 3.808027486229548231e-06 1.523769060440827161e-05 3.764284774661064148e-02 4.981587990187108517e-04
6.500000000000000000e+02 7.274212111951783299e-05 1.113204052671790123e-05 3.513276624289574102e-06 1.461018746340414509e-05 1.254394883289933205e-04 1.113204052671790123e-05 3.513276624289574102e-06 1.461018746340414509e-05 3.753386810421943665e-02 4.952786257490515709e-04
6.600000000000000000e+02 7.161108806030824780e-05 1.078973036783281714e-05 3.273574520790134557e-06 1.401383815391454846e-05 1.234768860740587115e-04 1.078973036783281714e-05 3.273574520790134557e-06 1.401383815391454846e-05 3.742272779345512390e-02 4.923498490825295448e-04
6.700000000000000000e+02 7.052021101117134094e-05 1.052216066455002874e-05 3.047003474421217106e-06 1.339231221209047362e-05 1.216119198943488300e-04 1.052216066455002874e-05 3.047003474421217106e-06 1.339231221209047362e-05 3.730640187859535217e-02 4.892936558462679386e-04
6.800000000000000000e+02 6.940369348740205169e-05 1.015252655633958057e-05 2.809041234286269173e-06 1.292679462494561449e-05 1.196959274238906801e-04 1.015252655633958057e-05 2.809041234286269173e-06 1.292679462494561449e-05 3.715454041957855225e-02 4.853182763326913118e-04
6.900000000000000000e+02 6.829538324382156134e-05 9.863767445494886488e-06 2.655416665220400319e-06 1.236713706020964310e-05 1.177829399239271879e-04 9.863767445494886488e-06 2.655416665220400319e-06 1.236713706020964310e-05 3.702757880091667175e-02 4.820071917492896318e-04
7.000000000000000000e+02 6.728318840032443404e-05 9.571616828907281160e-06 2.474959728715475649e-06 1.184776374429930001e-05 1.159909152192994952e-04 9.571616828907281160e-06 2.474959728715475649e-06 1.184776374429930001e-05 3.689216077327728271e-02 4.784880729857832193e-04
7.100000000000000000e+02 6.620847852900624275e-05 9.331788533017970622e-06 2.300839014424127527e-06 1.138915104093030095e-05 1.141856482718139887e-04 9.331788533017970622e-06 2.300839014424127527e-06 1.138915104093030095e-05 3.677271306514739990e-02 4.753945686388760805e-04
7.200000000000000000e+02 6.517489964608103037e-05 9.050946573552209884e-06 2.204590828114305623e-06 1.086291467800037935e-05 1.124015761888585985e-04 9.050946573552209884e-06 2.204590828114305623e-06 1.086291467800037935e-05 3.668791800737380981e-02 4.732047673314809799e-04
7.300000000000000000e+02 6.411881622625514865e-05 8.777943548921030015e-06 2.064756472464068793e-06 1.048520698532229289e-05 1.105813717003911734e-04 8.777943548921030015e-06 2.064756472464068793e-06 1.048520698532229289e-05 3.653964027762413025e-02 4.693874216172844172e-04
7.400000000000000000e+02 6.307429430307820439e-05 8.506406629749108106e-06 1.970170842469087802e-06 1.005089325190056115e-05 1.087690397980622947e-04 8.506406629749108106e-06 1.970170842469087802e-06 1.005089325190056115e-05 3.641515225172042847e-02 4.661945567931979895e-04
7.500000000000000000e+02 6.199954077601432800e-05 8.264418283943086863e-06 1.832023713177477475e-06 9.689803846413269639e-06 1.069138088496401906e-04 8.264418283943086863e-06 1.832023713177477475e-06 9.689803846413269639e-06 3.630614280700683594e-02 4.634075157810002565e-04
7.500000000000000000e+02 5.123882510815747082e-05 8.264418283943086863e-06 1.832023713177477475e-06 9.689803846413269639e-06 1.069138088496401906e-04 8.264418283943086863e-06 1.832023713177477475e-06 9.689803846413269639e-06 3.630614280700683594e-02 4.634075157810002565e-04
7.600000000000000000e+02 2.071091905236244202e-03 3.209080547094345093e-03 2.584950532764196396e-03 2.880492713302373886e-03 1.882787095382809639e-03 3.209080547094345093e-03 2.584950532764196396e-03 2.880492713302373886e-03 9.234771132469177246e-02 2.998162060976028442e-03
7.700000000000000000e+02 5.884082638658583164e-04 4.877673927694559097e-04 1.154003082774579525e-03 6.768238381482660770e-04 7.263513980433344841e-04 4.877673927694559097e-04 1.154003082774579525e-03 6.768238381482660770e-04 6.004585325717926025e-02 1.267561223357915878e-03
7.800000000000000000e+02 7.859615288907662034e-05 9.678264177637174726e-05 9.707685967441648245e-05 1.128072690335102379e-04 1.338273286819458008e-04 9.678264177637174726e-05 9.707685967441648245e-05 1.128072690335102379e-04 3.951789066195487976e-02 5.490228650160133839e-04
7.900000000000000000e+02 1.699168642517179251e-04 1.038128320942632854e-04 1.673125225352123380e-04 1.327183854300528765e-04 2.397553325863555074e-04 1.038128320942632854e-04 1.673125225352123380e-04 1.327183854300528765e-04 4.354741424322128296e-02 6.666958215646445751e-04
8.000000000000000000e+02 6.378904799930751324e-05 5.313520159688778222e-05 5.250396134215407073e-05 5.320013224263675511e-05 1.264454476768150926e-04 5.313520159688778222e-05 5.250396134215407073e-05 5.320013224263675511e-05 3.825336694717407227e-02 5.144489114172756672e-04
8.100000000000000000e+02 7.146474672481417656e-05 2.915050754381809384e-05 3.016290429513901472e-05 2.564015085226856172e-05 1.288149651372805238e-04 2.915050754381809384e-05 3.016290429513901472e-05 2.564015085226856172e-05 3.664341568946838379e-02 4.720573779195547104e-04
8.200000000000000000e+02 5.562412115978077054e-05 1.363454794045537710e-05 1.082947073882678524e-05 1.346683075098553672e-05 1.154484270955435932e-04 1.363454794045537710e-05 1.082947073882678524e-05 1.346683075098553672e-05 3.652120009064674377e-02 4.689136985689401627e-04
8.300000000000000000e+02 5.625251651508733630e-05 1.043412612489191815e-05 9.929055522661656141e-06 1.398771746607962996e-05 1.130738819483667612e-04 1.043412612489191815e-05 9.929055522661656141e-06 1.398771746607962996e-05 3.595586493611335754e-02 4.545088740997016430e-04
8.400000000000000000e+02 5.346569014363922179e-05 8.485451871820259839e-06 6.886653409310383722e-06 1.240147412318037823e-05 1.100349327316507697e-04 8.485451871820259839e-06 6.886653409310383722e-06 1.240147412318037823e-05 3.614855185151100159e-02 4.593932826537638903e-04
8.500000000000000000e+02 5.181485539651475847e-05 8.555019121558871120e-06 5.144088845554506406e-06 9.878289347398094833e-06 1.081013615475967526e-04 8.555019121558871120e-06 5.144088845554506406e-06 9.878289347398094833e-06 3.591865301132202148e-02 4.535685293376445770e-04
8.600000000000000000e+02 5.108541517984122038e-05 8.091444215096998960e-06 4.404158516990719363e-06 9.460002729611005634e-06 1.066050608642399311e-04 8.091444215096998960e-06 4.404158516990719363e-06 9.460002729611005634e-06 3.584124892950057983e-02 4.516158369369804859e-04
8.700000000000000000e+02 5.040994801674969494e-05 7.846050721127539873e-06 3.910909526894101873e-06 8.975230230134911835e-06 1.052007646649144590e-04 7.846050721127539873e-06 3.910909526894101873e-06 8.975230230134911835e-06 3.575515002012252808e-02 4.494486493058502674e-04
8.800000000000000000e+02 4.976940181222744286e-05 7.596115665364777669e-06 3.419475206101196818e-06 8.609663382230792195e-06 1.038641930790618062e-04 7.596115665364777669e-06 3.419475206101196818e-06 8.609663382230792195e-06 3.561206534504890442e-02 4.458587209228426218e-04
8.900000000000000000e+02 4.926457404508255422e-05 7.330466814892133698e-06 3.034129804291296750e-06 8.353933480975683779e-06 1.028058250085450709e-04 7.330466814892133698e-06 3.034129804291296750e-06 8.353933480975683779e-06 3.553584218025207520e-02 4.439520998857915401e-04
9.000000000000000000e+02 4.880318738287314773e-05 7.115178505046060309e-06 2.746358177319052629e-06 8.069420800893567502e-06 1.018480179482139647e-04 7.115178505046060309e-06 2.746358177319052629e-06 8.069420800893567502e-06 3.547492995858192444e-02 4.424314829520881176e-04
9.100000000000000000e+02 4.830989564652554691e-05 6.924651188455754891e-06 2.490932047294336371e-06 7.823800842743366957e-06 1.007995742838829756e-04 6.924651188455754891e-06 2.490932047294336371e-06 7.823800842743366957e-06 3.542143106460571289e-02 4.410980618558824062e-04
9.200000000000000000e+02 4.785815326613374054e-05 6.760133146599400789e-06 2.277083240187494084e-06 7.569653462269343436e-06 9.987143130274489522e-05 6.760133146599400789e-06 2.277083240187494084e-06 7.569653462269343436e-06 3.535642474889755249e-02 4.394805291667580605e-04
9.300000000000000000e+02 4.745272235595621169e-05 6.578672127943718806e-06 2.085745109070558101e-06 7.378632744803326204e-06 9.903083991957828403e-05 6.578672127943718806e-06 2.085745109070558101e-06 7.378632744803326204e-06 3.530399873852729797e-02 4.381781036499887705e-04
9.400000000000000000e+02 4.705948231276124716e-05 6.442801804951159284e-06 1.913231244543567300e-06 7.170997832872672006e-06 9.818969556363299489e-05 6.442801804951159284e-06 1.913231244543567300e-06 7.170997832872672006e-06 3.524274006485939026e-02 4.366588545963168144e-04
9.500000000000000000e+02 4.659297337639145553e-05 6.317749011941486970e-06 1.757080326569848694e-06 6.980812031542882323e-06 9.723698167363181710e-05 6.317749011941486970e-06 1.757080326569848694e-06 6.980812031542882323e-06 3.517792001366615295e-02 4.350540402811020613e-04
9.600000000000000000e+02 4.618274397216737270e-05 6.170102551550371572e-06 1.643614496060763486e-06 6.827381639595841989e-06 9.637974289944395423e-05 6.170102551550371572e-06 1.643614496060763486e-06 6.827381639595841989e-06 3.512243926525115967e-02 4.336827551014721394e-04
9.700000000000000000e+02 4.578837251756340265e-05 6.056304300727788359e-06 1.517907207926327828e-06 6.661850875389063731e-06 9.555813448969274759e-05 6.056304300727788359e-06 1.517907207926327828e-06 6.661850875389063731e-06 3.505277633666992188e-02 4.319642321206629276e-04
9.800000000000000000e+02 4.537461791187524796e-05 5.947659701632801443e-06 1.440549226572329644e-06 6.499762093881145120e-06 9.469470387557521462e-05 5.947659701632801443e-06 1.440549226572329644e-06 6.499762093881145120e-06 3.498230874538421631e-02 4.302291199564933777e-04
9.900000000000000000e+02 4.496521069086156785e-05 5.802724444947671145e-06 1.351219907519407570e-06 6.383992058545118198e-06 9.382085409015417099e-05 5.802724444947671145e-06 1.351219907519407570e-06 6.383992058545118198e-06 3.490656614303588867e-02 4.283681046217679977e-04
1.000000000000000000e+03 4.459323827177286148e-05 5.718731699744239450e-06 1.251670255442149937e-06 6.223533546290127560e-06 9.305705316364765167e-05 5.718731699744239450e-06 1.251670255442149937e-06 6.223533546290127560e-06 3.485419601202011108e-02 4.270837234798818827e-04
