# step, loss_train, loss_test, metrics_test
0.000000000000000000e+00 2.732803583145141602e+00 2.561770439147949219e+00 2.732803583145141602e+00 2.561770439147949219e+00 1.047545075416564941e+00 2.564827442169189453e+00
1.000000000000000000e+01 2.952065765857696533e-01 1.451924443244934082e+00 2.952065765857696533e-01 1.451924443244934082e+00 7.887420058250427246e-01 1.454061508178710938e+00
2.000000000000000000e+01 1.493518501520156860e-01 1.098763823509216309e+00 1.493518501520156860e-01 1.098763823509216309e+00 6.861237287521362305e-01 1.100316405296325684e+00
3.000000000000000000e+01 7.571220397949218750e-02 8.166113495826721191e-01 7.571220397949218750e-02 8.166113495826721191e-01 5.915572047233581543e-01 8.179113864898681641e-01
4.000000000000000000e+01 5.175039172172546387e-02 5.981844663619995117e-01 5.175039172172546387e-02 5.981844663619995117e-01 5.062714219093322754e-01 5.990727543830871582e-01
5.000000000000000000e+01 4.893633350729942322e-02 4.105946123600006104e-01 4.893633350729942322e-02 4.105946123600006104e-01 4.194310009479522705e-01 4.111816883087158203e-01
6.000000000000000000e+01 3.763545304536819458e-02 2.482083439826965332e-01 3.763545304536819458e-02 2.482083439826965332e-01 3.259997367858886719e-01 2.483975291252136230e-01
7.000000000000000000e+01 3.167622908949851990e-02 1.185440793633460999e-01 3.167622908949851990e-02 1.185440793633460999e-01 2.248186171054840088e-01 1.181346401572227478e-01
8.000000000000000000e+01 3.411646932363510132e-02 6.576149165630340576e-02 3.411646932363510132e-02 6.576149165630340576e-02 1.665394902229309082e-01 6.482569873332977295e-02
9.000000000000000000e+01 1.829973608255386353e-02 5.701373517513275146e-02 1.829973608255386353e-02 5.701373517513275146e-02 1.549601554870605469e-01 5.612454190850257874e-02
1.000000000000000000e+02 1.159959100186824799e-02 4.614182934165000916e-02 1.159959100186824799e-02 4.614182934165000916e-02 1.394929438829421997e-01 4.547965899109840393e-02
1.100000000000000000e+02 8.477939292788505554e-03 3.836587816476821899e-02 8.477939292788505554e-03 3.836587816476821899e-02 1.271381676197052002e-01 3.778023645281791687e-02
1.200000000000000000e+02 8.008075878024101257e-03 3.141297027468681335e-02 8.008075878024101257e-03 3.141297027468681335e-02 1.149449720978736877e-01 3.088109381496906281e-02
1.300000000000000000e+02 6.933722645044326782e-03 2.692348696291446686e-02 6.933722645044326782e-03 2.692348696291446686e-02 1.065039411187171936e-01 2.651209756731987000e-02
1.400000000000000000e+02 6.576494313776493073e-03 2.321830950677394867e-02 6.576494313776493073e-03 2.321830950677394867e-02 9.910290688276290894e-02 2.295543439686298370e-02
1.500000000000000000e+02 6.480517331510782242e-03 2.040003985166549683e-02 6.480517331510782242e-03 2.040003985166549683e-02 9.304482489824295044e-02 2.023471891880035400e-02
1.600000000000000000e+02 6.081104278564453125e-03 1.833953522145748138e-02 6.081104278564453125e-03 1.833953522145748138e-02 8.834093064069747925e-02 1.824049837887287140e-02
1.700000000000000000e+02 5.536347627639770508e-03 1.673146896064281464e-02 5.536347627639770508e-03 1.673146896064281464e-02 8.450221270322799683e-02 1.668971590697765350e-02
1.800000000000000000e+02 5.058812443166971207e-03 1.533928979188203812e-02 5.058812443166971207e-03 1.533928979188203812e-02 8.102021366357803345e-02 1.534261833876371384e-02
1.900000000000000000e+02 4.651986528187990189e-03 1.409502886235713959e-02 4.651986528187990189e-03 1.409502886235713959e-02 7.776991277933120728e-02 1.413630694150924683e-02
2.000000000000000000e+02 4.294967744499444962e-03 1.298166345804929733e-02 4.294967744499444962e-03 1.298166345804929733e-02 7.474832236766815186e-02 1.305917091667652130e-02
2.100000000000000000e+02 3.976894542574882507e-03 1.199643872678279877e-02 3.976894542574882507e-03 1.199643872678279877e-02 7.196298241615295410e-02 1.210405956953763962e-02
2.200000000000000000e+02 3.682374255731701851e-03 1.112816482782363892e-02 3.682374255731701851e-03 1.112816482782363892e-02 6.940506398677825928e-02 1.125887781381607056e-02
2.300000000000000000e+02 3.406797070056200027e-03 1.036728918552398682e-02 3.406797070056200027e-03 1.036728918552398682e-02 6.707640737295150757e-02 1.051604375243186951e-02
2.400000000000000000e+02 3.152326215058565140e-03 9.696198627352714539e-03 3.152326215058565140e-03 9.696198627352714539e-03 6.494688987731933594e-02 9.858923964202404022e-03
2.500000000000000000e+02 2.920109312981367111e-03 9.100233204662799835e-03 2.920109312981367111e-03 9.100233204662799835e-03 6.298732757568359375e-02 9.272974915802478790e-03
2.600000000000000000e+02 2.710051136091351509e-03 8.570000529289245605e-03 2.710051136091351509e-03 8.570000529289245605e-03 6.118417903780937195e-02 8.749658241868019104e-03
2.700000000000000000e+02 2.519192406907677650e-03 8.094761520624160767e-03 2.519192406907677650e-03 8.094761520624160767e-03 5.951469391584396362e-02 8.278680033981800079e-03
2.800000000000000000e+02 2.345228334888815880e-03 7.670069113373756409e-03 2.345228334888815880e-03 7.670069113373756409e-03 5.797543749213218689e-02 7.855988107621669769e-03
2.900000000000000000e+02 2.187249949201941490e-03 7.286046165972948074e-03 2.187249949201941490e-03 7.286046165972948074e-03 5.654294416308403015e-02 7.472562137991189957e-03
3.000000000000000000e+02 2.044094726443290710e-03 6.938672624528408051e-03 2.044094726443290710e-03 6.938672624528408051e-03 5.521003529429435730e-02 7.124408148229122162e-03
3.100000000000000000e+02 1.913622487336397171e-03 6.623666733503341675e-03 1.913622487336397171e-03 6.623666733503341675e-03 5.396939069032669067e-02 6.807814352214336395e-03
3.200000000000000000e+02 1.795748132281005383e-03 6.336224265396595001e-03 1.795748132281005383e-03 6.336224265396595001e-03 5.280879139900207520e-02 6.518163252621889114e-03
3.300000000000000000e+02 1.687082345597445965e-03 6.073284428566694260e-03 1.687082345597445965e-03 6.073284428566694260e-03 5.172094330191612244e-02 6.252384278923273087e-03
3.400000000000000000e+02 1.588440267369151115e-03 5.831437185406684875e-03 1.588440267369151115e-03 5.831437185406684875e-03 5.069836601614952087e-02 6.007593590766191483e-03
3.500000000000000000e+02 1.497641438618302345e-03 5.610172171145677567e-03 1.497641438618302345e-03 5.610172171145677567e-03 4.974173009395599365e-02 5.783017259091138840e-03
3.600000000000000000e+02 1.414315425790846348e-03 5.405222997069358826e-03 1.414315425790846348e-03 5.405222997069358826e-03 4.883811250329017639e-02 5.574815906584262848e-03
3.700000000000000000e+02 1.337301451712846756e-03 5.216571036726236343e-03 1.337301451712846756e-03 5.216571036726236343e-03 4.799053072929382324e-02 5.382993258535861969e-03
3.800000000000000000e+02 1.265890197828412056e-03 5.042165052145719528e-03 1.265890197828412056e-03 5.042165052145719528e-03 4.719182103872299194e-02 5.205305758863687515e-03
3.900000000000000000e+02 1.199633232317864895e-03 4.880727268755435944e-03 1.199633232317864895e-03 4.880727268755435944e-03 4.643944650888442993e-02 5.040653515607118607e-03
4.000000000000000000e+02 1.137969782575964928e-03 4.730710759758949280e-03 1.137969782575964928e-03 4.730710759758949280e-03 4.572853073477745056e-02 4.887504968792200089e-03
4.100000000000000000e+02 1.080554327927529812e-03 4.592063371092081070e-03 1.080554327927529812e-03 4.592063371092081070e-03 4.506118968129158020e-02 4.745894577354192734e-03
4.200000000000000000e+02 1.027173595502972603e-03 4.462877288460731506e-03 1.027173595502972603e-03 4.462877288460731506e-03 4.443006590008735657e-02 4.613883793354034424e-03
4.300000000000000000e+02 9.769272292032837868e-04 4.342403728514909744e-03 9.769272292032837868e-04 4.342403728514909744e-03 4.383293166756629944e-02 4.490696825087070465e-03
4.400000000000000000e+02 9.300361271016299725e-04 4.230329766869544983e-03 9.300361271016299725e-04 4.230329766869544983e-03 4.327036067843437195e-02 4.376165568828582764e-03
4.500000000000000000e+02 8.867981377989053726e-04 4.125252831727266312e-03 8.867981377989053726e-04 4.125252831727266312e-03 4.273575916886329651e-02 4.268699791282415390e-03
4.600000000000000000e+02 8.452841429971158504e-04 4.028209019452333450e-03 8.452841429971158504e-04 4.028209019452333450e-03 4.223503917455673218e-02 4.169256426393985748e-03
4.700000000000000000e+02 8.071427582763135433e-04 3.936542663723230362e-03 8.071427582763135433e-04 3.936542663723230362e-03 4.175776988267898560e-02 4.075560253113508224e-03
4.800000000000000000e+02 7.709258352406322956e-04 3.851271234452724457e-03 7.709258352406322956e-04 3.851271234452724457e-03 4.130772128701210022e-02 3.988184500485658646e-03
4.900000000000000000e+02 7.371717947535216808e-04 3.771247575059533119e-03 7.371717947535216808e-04 3.771247575059533119e-03 4.088129475712776184e-02 3.906267695128917694e-03
5.000000000000000000e+02 7.051066495478153229e-04 3.696838626638054848e-03 7.051066495478153229e-04 3.696838626638054848e-03 4.048121720552444458e-02 3.830186324194073677e-03
5.100000000000000000e+02 6.752404151484370232e-04 3.626523772254586220e-03 6.752404151484370232e-04 3.626523772254586220e-03 4.010006785392761230e-02 3.758399281650781631e-03
5.200000000000000000e+02 6.474252440966665745e-04 3.561000106856226921e-03 6.474252440966665745e-04 3.561000106856226921e-03 3.974078223109245300e-02 3.691352438181638718e-03
5.300000000000000000e+02 6.206569960340857506e-04 3.499568440020084381e-03 6.206569960340857506e-04 3.499568440020084381e-03 3.940127417445182800e-02 3.628551494330167770e-03
5.400000000000000000e+02 5.957930115982890129e-04 3.441880689933896065e-03 5.957930115982890129e-04 3.441880689933896065e-03 3.908036649227142334e-02 3.569685621187090874e-03
5.500000000000000000e+02 5.725146620534360409e-04 3.387468867003917694e-03 5.725146620534360409e-04 3.387468867003917694e-03 3.877442330121994019e-02 3.514013718813657761e-03
5.600000000000000000e+02 5.506645538844168186e-04 3.336129710078239441e-03 5.506645538844168186e-04 3.336129710078239441e-03 3.848469257354736328e-02 3.461694810539484024e-03
5.700000000000000000e+02 5.299387266859412193e-04 3.288409439846873283e-03 5.299387266859412193e-04 3.288409439846873283e-03 3.821377828717231750e-02 3.413129132241010666e-03
5.800000000000000000e+02 5.104198935441672802e-04 3.243278712034225464e-03 5.104198935441672802e-04 3.243278712034225464e-03 3.795510530471801758e-02 3.367078257724642754e-03
5.900000000000000000e+02 4.921122454106807709e-04 3.200646489858627319e-03 4.921122454106807709e-04 3.200646489858627319e-03 3.770993277430534363e-02 3.323719138279557228e-03
6.000000000000000000e+02 4.745840560644865036e-04 3.160475753247737885e-03 4.745840560644865036e-04 3.160475753247737885e-03 3.747831657528877258e-02 3.283015685155987740e-03
6.100000000000000000e+02 4.584739508572965860e-04 3.122713882476091385e-03 4.584739508572965860e-04 3.122713882476091385e-03 3.725855797529220581e-02 3.244627732783555984e-03
6.200000000000000000e+02 4.427238309290260077e-04 3.087168792262673378e-03 4.427238309290260077e-04 3.087168792262673378e-03 3.705197945237159729e-02 3.208747133612632751e-03
6.300000000000000000e+02 4.284419410396367311e-04 3.053382737562060356e-03 4.284419410396367311e-04 3.053382737562060356e-03 3.685325384140014648e-02 3.174419980496168137e-03
6.400000000000000000e+02 4.146305436734110117e-04 3.021788783371448517e-03 4.146305436734110117e-04 3.021788783371448517e-03 3.666784614324569702e-02 3.142559668049216270e-03
6.500000000000000000e+02 4.016833554487675428e-04 2.991677960380911827e-03 4.016833554487675428e-04 2.991677960380911827e-03 3.649054095149040222e-02 3.112242091447114944e-03
6.600000000000000000e+02 3.893372195307165384e-04 2.963090315461158752e-03 3.893372195307165384e-04 2.963090315461158752e-03 3.632155433297157288e-02 3.083483083173632622e-03
6.700000000000000000e+02 3.778724931180477142e-04 2.936035394668579102e-03 3.778724931180477142e-04 2.936035394668579102e-03 3.616106137633323669e-02 3.056294051930308342e-03
6.800000000000000000e+02 3.667813143692910671e-04 2.910584211349487305e-03 3.667813143692910671e-04 2.910584211349487305e-03 3.600972890853881836e-02 3.030766732990741730e-03
6.900000000000000000e+02 3.565734077710658312e-04 2.886190079152584076e-03 3.565734077710658312e-04 2.886190079152584076e-03 3.586497157812118530e-02 3.006447572261095047e-03
7.000000000000000000e+02 3.466935013420879841e-04 2.863273257389664650e-03 3.466935013420879841e-04 2.863273257389664650e-03 3.572834655642509460e-02 2.983586862683296204e-03
7.100000000000000000e+02 3.373278595972806215e-04 2.841100329533219337e-03 3.373278595972806215e-04 2.841100329533219337e-03 3.559646010398864746e-02 2.961599733680486679e-03
7.200000000000000000e+02 3.285174025222659111e-04 2.820087363943457603e-03 3.285174025222659111e-04 2.820087363943457603e-03 3.547112643718719482e-02 2.940780948847532272e-03
7.300000000000000000e+02 3.202899242751300335e-04 2.800136804580688477e-03 3.202899242751300335e-04 2.800136804580688477e-03 3.535207360982894897e-02 2.921073930338025093e-03
7.400000000000000000e+02 3.124373033642768860e-04 2.780891256406903267e-03 3.124373033642768860e-04 2.780891256406903267e-03 3.523715585470199585e-02 2.902113832533359528e-03
7.500000000000000000e+02 3.048953658435493708e-04 2.762609394267201424e-03 3.048953658435493708e-04 2.762609394267201424e-03 3.512827306985855103e-02 2.884206827729940414e-03
7.600000000000000000e+02 2.977832045871764421e-04 2.745268400758504868e-03 2.977832045871764421e-04 2.745268400758504868e-03 3.502471372485160828e-02 2.867226256057620049e-03
7.700000000000000000e+02 2.911837946157902479e-04 2.728313673287630081e-03 2.911837946157902479e-04 2.728313673287630081e-03 3.492331132292747498e-02 2.850648248568177223e-03
7.800000000000000000e+02 2.847895084414631128e-04 2.712086774408817291e-03 2.847895084414631128e-04 2.712086774408817291e-03 3.482695296406745911e-02 2.834938932210206985e-03
7.900000000000000000e+02 2.787148696370422840e-04 2.696547191590070724e-03 2.787148696370422840e-04 2.696547191590070724e-03 3.473447263240814209e-02 2.819903427734971046e-03
8.000000000000000000e+02 2.731030108407139778e-04 2.681494690477848053e-03 2.731030108407139778e-04 2.681494690477848053e-03 3.464418277144432068e-02 2.805261639878153801e-03
8.100000000000000000e+02 2.676994772627949715e-04 2.666982356458902359e-03 2.676994772627949715e-04 2.666982356458902359e-03 3.455746546387672424e-02 2.791235689073801041e-03
8.200000000000000000e+02 2.626946079544723034e-04 2.652968512848019600e-03 2.626946079544723034e-04 2.652968512848019600e-03 3.447436541318893433e-02 2.777826972305774689e-03
8.300000000000000000e+02 2.577309787739068270e-04 2.639542333781719208e-03 2.577309787739068270e-04 2.639542333781719208e-03 3.439475223422050476e-02 2.765012672170996666e-03
8.400000000000000000e+02 2.531215723138302565e-04 2.626354573294520378e-03 2.531215723138302565e-04 2.626354573294520378e-03 3.431645035743713379e-02 2.752437489107251167e-03
8.500000000000000000e+02 2.486982266418635845e-04 2.613677876070141792e-03 2.486982266418635845e-04 2.613677876070141792e-03 3.424052521586418152e-02 2.740271622315049171e-03
8.600000000000000000e+02 2.445705467835068703e-04 2.601335989311337471e-03 2.445705467835068703e-04 2.601335989311337471e-03 3.416728600859642029e-02 2.728561405092477798e-03
8.700000000000000000e+02 2.406875864835456014e-04 2.589277457445859909e-03 2.406875864835456014e-04 2.589277457445859909e-03 3.409565985202789307e-02 2.717133145779371262e-03
8.800000000000000000e+02 2.369837166042998433e-04 2.577511360868811607e-03 2.369837166042998433e-04 2.577511360868811607e-03 3.402599692344665527e-02 2.706041559576988220e-03
8.900000000000000000e+02 2.334612072445452213e-04 2.566157141700387001e-03 2.334612072445452213e-04 2.566157141700387001e-03 3.395802527666091919e-02 2.695240546017885208e-03
9.000000000000000000e+02 2.301131753483787179e-04 2.555036684498190880e-03 2.301131753483787179e-04 2.555036684498190880e-03 3.389204293489456177e-02 2.684776904061436653e-03
9.100000000000000000e+02 2.269173419335857034e-04 2.544160932302474976e-03 2.269173419335857034e-04 2.544160932302474976e-03 3.382777050137519836e-02 2.674604067578911781e-03
9.200000000000000000e+02 2.238489541923627257e-04 2.533532213419675827e-03 2.238489541923627257e-04 2.533532213419675827e-03 3.376415744423866272e-02 2.664554631337523460e-03
9.300000000000000000e+02 2.209623489761725068e-04 2.523226896300911903e-03 2.209623489761725068e-04 2.523226896300911903e-03 3.370312228798866272e-02 2.654929412528872490e-03
9.400000000000000000e+02 2.182013995479792356e-04 2.513093641027808189e-03 2.182013995479792356e-04 2.513093641027808189e-03 3.364294022321701050e-02 2.645456232130527496e-03
9.500000000000000000e+02 2.156547416234388947e-04 2.503105206415057182e-03 2.156547416234388947e-04 2.503105206415057182e-03 3.358346223831176758e-02 2.636110875755548477e-03
9.600000000000000000e+02 2.131332585122436285e-04 2.493301872164011002e-03 2.131332585122436285e-04 2.493301872164011002e-03 3.352504596114158630e-02 2.626948058605194092e-03
9.700000000000000000e+02 2.107737236656248569e-04 2.483733231201767921e-03 2.107737236656248569e-04 2.483733231201767921e-03 3.346809744834899902e-02 2.618031576275825500e-03
9.800000000000000000e+02 2.084564912365749478e-04 2.474274253472685814e-03 2.084564912365749478e-04 2.474274253472685814e-03 3.341114893555641174e-02 2.609129063785076141e-03
9.900000000000000000e+02 2.063188439933583140e-04 2.465078840032219887e-03 2.063188439933583140e-04 2.465078840032219887e-03 3.335664793848991394e-02 2.600623760372400284e-03
1.000000000000000000e+03 2.042928681476041675e-04 2.456029644235968590e-03 2.042928681476041675e-04 2.456029644235968590e-03 3.330257162451744080e-02 2.592198550701141357e-03
1.010000000000000000e+03 2.022757980739697814e-04 2.447100356221199036e-03 2.022757980739697814e-04 2.447100356221199036e-03 3.324916586279869080e-02 2.583891386166214943e-03
1.020000000000000000e+03 2.003946428885683417e-04 2.438250696286559105e-03 2.003946428885683417e-04 2.438250696286559105e-03 3.319587558507919312e-02 2.575615420937538147e-03
1.030000000000000000e+03 1.985551207326352596e-04 2.429620362818241119e-03 1.985551207326352596e-04 2.429620362818241119e-03 3.314399346709251404e-02 2.567570889368653297e-03
1.040000000000000000e+03 1.968599099200218916e-04 2.421017270535230637e-03 1.968599099200218916e-04 2.421017270535230637e-03 3.309241682291030884e-02 2.559586195275187492e-03
1.050000000000000000e+03 1.952070451807230711e-04 2.412541536614298820e-03 1.952070451807230711e-04 2.412541536614298820e-03 3.304135426878929138e-02 2.551692770794034004e-03
1.060000000000000000e+03 1.936143671628087759e-04 2.404251135885715485e-03 1.936143671628087759e-04 2.404251135885715485e-03 3.299114480614662170e-02 2.543943701311945915e-03
1.070000000000000000e+03 1.920074282679706812e-04 2.396026160567998886e-03 1.920074282679706812e-04 2.396026160567998886e-03 3.294176235795021057e-02 2.536334097385406494e-03
1.080000000000000000e+03 1.905148092191666365e-04 2.387789776548743248e-03 1.905148092191666365e-04 2.387789776548743248e-03 3.289197385311126709e-02 2.528672805055975914e-03
1.090000000000000000e+03 1.891148422146216035e-04 2.379747573286294937e-03 1.891148422146216035e-04 2.379747573286294937e-03 3.284334018826484680e-02 2.521200105547904968e-03
1.100000000000000000e+03 1.877701142802834511e-04 2.371634123846888542e-03 1.877701142802834511e-04 2.371634123846888542e-03 3.279389441013336182e-02 2.513614716008305550e-03
1.110000000000000000e+03 1.864142250269651413e-04 2.363728359341621399e-03 1.864142250269651413e-04 2.363728359341621399e-03 3.274548053741455078e-02 2.506198594346642494e-03
1.120000000000000000e+03 1.850898988777771592e-04 2.355945762246847153e-03 1.850898988777771592e-04 2.355945762246847153e-03 3.269751369953155518e-02 2.498861402273178101e-03
1.130000000000000000e+03 1.838397438405081630e-04 2.348069567233324051e-03 1.838397438405081630e-04 2.348069567233324051e-03 3.264959901571273804e-02 2.491543767973780632e-03
1.140000000000000000e+03 1.826848165364935994e-04 2.340306760743260384e-03 1.826848165364935994e-04 2.340306760743260384e-03 3.260205686092376709e-02 2.484292723238468170e-03
1.150000000000000000e+03 1.814845745684579015e-04 2.332529053092002869e-03 1.814845745684579015e-04 2.332529053092002869e-03 3.255421668291091919e-02 2.477007219567894936e-03
1.160000000000000000e+03 1.803311315597966313e-04 2.324925968423485756e-03 1.803311315597966313e-04 2.324925968423485756e-03 3.250716254115104675e-02 2.469851868227124214e-03
1.170000000000000000e+03 1.792124385247007012e-04 2.317262347787618637e-03 1.792124385247007012e-04 2.317262347787618637e-03 3.245999664068222046e-02 2.462689764797687531e-03
1.180000000000000000e+03 1.781697937985882163e-04 2.309585688635706902e-03 1.781697937985882163e-04 2.309585688635706902e-03 3.241243585944175720e-02 2.455478301271796227e-03
1.190000000000000000e+03 1.771529059624299407e-04 2.301947213709354401e-03 1.771529059624299407e-04 2.301947213709354401e-03 3.236525133252143860e-02 2.448334125801920891e-03
1.200000000000000000e+03 1.761303283274173737e-04 2.294389763846993446e-03 1.761303283274173737e-04 2.294389763846993446e-03 3.231706097722053528e-02 2.441048854961991310e-03
1.210000000000000000e+03 1.751540985424071550e-04 2.286804607138037682e-03 1.751540985424071550e-04 2.286804607138037682e-03 3.226968646049499512e-02 2.433896763250231743e-03
1.220000000000000000e+03 1.741343439789488912e-04 2.279212698340415955e-03 1.741343439789488912e-04 2.279212698340415955e-03 3.222230076789855957e-02 2.426754683256149292e-03
1.230000000000000000e+03 1.732392993289977312e-04 2.271589823067188263e-03 1.732392993289977312e-04 2.271589823067188263e-03 3.217444196343421936e-02 2.419550903141498566e-03
1.240000000000000000e+03 1.723161112749949098e-04 2.263970905914902687e-03 1.723161112749949098e-04 2.263970905914902687e-03 3.212612494826316833e-02 2.412289381027221680e-03
1.250000000000000000e+03 1.714057434583082795e-04 2.256366191431879997e-03 1.714057434583082795e-04 2.256366191431879997e-03 3.207797184586524963e-02 2.405063947662711143e-03
1.260000000000000000e+03 1.705872564343735576e-04 2.248706063255667686e-03 1.705872564343735576e-04 2.248706063255667686e-03 3.202948719263076782e-02 2.397798467427492142e-03
1.270000000000000000e+03 1.697456027613952756e-04 2.240968868136405945e-03 1.697456027613952756e-04 2.240968868136405945e-03 3.198056668043136597e-02 2.390479668974876404e-03
1.280000000000000000e+03 1.689011551206931472e-04 2.233268460258841515e-03 1.689011551206931472e-04 2.233268460258841515e-03 3.193077817559242249e-02 2.383042359724640846e-03
1.290000000000000000e+03 1.680976274656131864e-04 2.225431613624095917e-03 1.680976274656131864e-04 2.225431613624095917e-03 3.188075870275497437e-02 2.375582465901970863e-03
1.300000000000000000e+03 1.673832302913069725e-04 2.217549830675125122e-03 1.673832302913069725e-04 2.217549830675125122e-03 3.182948753237724304e-02 2.367947017773985863e-03
1.310000000000000000e+03 1.666401076363399625e-04 2.209668280556797981e-03 1.666401076363399625e-04 2.209668280556797981e-03 3.177849203348159790e-02 2.360365819185972214e-03
1.320000000000000000e+03 1.659112895140424371e-04 2.201677532866597176e-03 1.659112895140424371e-04 2.201677532866597176e-03 3.172652050852775574e-02 2.352651674300432205e-03
1.330000000000000000e+03 1.652228384045884013e-04 2.193586900830268860e-03 1.652228384045884013e-04 2.193586900830268860e-03 3.167424723505973816e-02 2.344905631616711617e-03
1.340000000000000000e+03 1.645421725697815418e-04 2.185396850109100342e-03 1.645421725697815418e-04 2.185396850109100342e-03 3.162067010998725891e-02 2.336979610845446587e-03
1.350000000000000000e+03 1.638230460230261087e-04 2.177252201363444328e-03 1.638230460230261087e-04 2.177252201363444328e-03 3.156691417098045349e-02 2.329040318727493286e-03
1.360000000000000000e+03 1.633118226891383529e-04 2.168934559449553490e-03 1.633118226891383529e-04 2.168934559449553490e-03 3.151148557662963867e-02 2.320868894457817078e-03
1.370000000000000000e+03 1.655813248362392187e-04 2.160788746550679207e-03 1.655813248362392187e-04 2.160788746550679207e-03 3.145500272512435913e-02 2.312555676326155663e-03
1.380000000000000000e+03 2.650762326084077358e-04 2.162085613235831261e-03 2.650762326084077358e-04 2.162085613235831261e-03 3.145011514425277710e-02 2.311836928129196167e-03
1.390000000000000000e+03 1.645421725697815418e-04 2.145526930689811707e-03 1.645421725697815418e-04 2.145526930689811707e-03 3.134254738688468933e-02 2.296049846336245537e-03
1.400000000000000000e+03 1.709097414277493954e-04 2.137115690857172012e-03 1.709097414277493954e-04 2.137115690857172012e-03 3.129224851727485657e-02 2.288686111569404602e-03
1.410000000000000000e+03 1.736358535708859563e-04 2.127673476934432983e-03 1.736358535708859563e-04 2.127673476934432983e-03 3.124428912997245789e-02 2.281676279380917549e-03
1.420000000000000000e+03 1.655741943977773190e-04 2.119051059707999229e-03 1.655741943977773190e-04 2.119051059707999229e-03 3.117232955992221832e-02 2.271178644150495529e-03
1.430000000000000000e+03 1.600637478986755013e-04 2.108627464622259140e-03 1.600637478986755013e-04 2.108627464622259140e-03 3.111000917851924896e-02 2.262106630951166153e-03
1.440000000000000000e+03 1.580008101882413030e-04 2.099290490150451660e-03 1.580008101882413030e-04 2.099290490150451660e-03 3.104566223919391632e-02 2.252758247777819633e-03
1.450000000000000000e+03 1.585345889907330275e-04 2.090048976242542267e-03 1.585345889907330275e-04 2.090048976242542267e-03 3.098000772297382355e-02 2.243240363895893097e-03
1.460000000000000000e+03 1.588255399838089943e-04 2.080573933199048042e-03 1.588255399838089943e-04 2.080573933199048042e-03 3.091457858681678772e-02 2.233774866908788681e-03
1.470000000000000000e+03 1.825222716433927417e-04 2.073257928714156151e-03 1.825222716433927417e-04 2.073257928714156151e-03 3.085849434137344360e-02 2.225677249953150749e-03
1.480000000000000000e+03 6.548816454596817493e-04 2.110147150233387947e-03 6.548816454596817493e-04 2.110147150233387947e-03 3.107767179608345032e-02 2.257406013086438179e-03
1.490000000000000000e+03 3.305710852146148682e-04 2.058848971500992775e-03 3.305710852146148682e-04 2.058848971500992775e-03 3.077679499983787537e-02 2.213907893747091293e-03
1.500000000000000000e+03 1.817100273910909891e-04 2.044517546892166138e-03 1.817100273910909891e-04 2.044517546892166138e-03 3.066020086407661438e-02 2.197165274992585182e-03
1.510000000000000000e+03 1.548248255858197808e-04 2.031754702329635620e-03 1.548248255858197808e-04 2.031754702329635620e-03 3.057677112519741058e-02 2.185224322602152824e-03
1.520000000000000000e+03 1.534900075057521462e-04 2.020997693762183189e-03 1.534900075057521462e-04 2.020997693762183189e-03 3.049892559647560120e-02 2.174111315980553627e-03
1.530000000000000000e+03 1.535515475552529097e-04 2.009803894907236099e-03 1.535515475552529097e-04 2.009803894907236099e-03 3.042444214224815369e-02 2.163505414500832558e-03
1.540000000000000000e+03 1.542775717098265886e-04 1.998731167986989021e-03 1.542775717098265886e-04 1.998731167986989021e-03 3.034309111535549164e-02 2.151951193809509277e-03
1.550000000000000000e+03 1.528952561784535646e-04 1.986758317798376083e-03 1.528952561784535646e-04 1.986758317798376083e-03 3.025946393609046936e-02 2.140105469152331352e-03
1.560000000000000000e+03 1.531177549622952938e-04 1.974719809368252754e-03 1.531177549622952938e-04 1.974719809368252754e-03 3.017521277070045471e-02 2.128204796463251114e-03
1.570000000000000000e+03 1.619369722902774811e-04 1.962686190381646156e-03 1.619369722902774811e-04 1.962686190381646156e-03 3.009195066988468170e-02 2.116476418450474739e-03
1.580000000000000000e+03 9.936999995261430740e-04 2.011977601796388626e-03 9.936999995261430740e-04 2.011977601796388626e-03 3.046864457428455353e-02 2.169796498492360115e-03
1.590000000000000000e+03 5.603699246421456337e-04 2.017255639657378197e-03 5.603699246421456337e-04 2.017255639657378197e-03 3.041251562535762787e-02 2.161809243261814117e-03
1.600000000000000000e+03 3.205108514521270990e-04 1.944101997651159763e-03 3.205108514521270990e-04 1.944101997651159763e-03 2.992989122867584229e-02 2.093741204589605331e-03
1.610000000000000000e+03 1.575391652295365930e-04 1.919198315590620041e-03 1.575391652295365930e-04 1.919198315590620041e-03 2.976318076252937317e-02 2.070481888949871063e-03
1.620000000000000000e+03 1.567385043017566204e-04 1.905159093439579010e-03 1.567385043017566204e-04 1.905159093439579010e-03 2.966009266674518585e-02 2.056164434179663658e-03
1.630000000000000000e+03 1.591518957866355777e-04 1.891593215987086296e-03 1.591518957866355777e-04 1.891593215987086296e-03 2.957044169306755066e-02 2.043752931058406830e-03
1.640000000000000000e+03 1.501528604421764612e-04 1.876587513834238052e-03 1.501528604421764612e-04 1.876587513834238052e-03 2.945465967059135437e-02 2.027779584750533104e-03
1.650000000000000000e+03 1.508356945123523474e-04 1.862109405919909477e-03 1.508356945123523474e-04 1.862109405919909477e-03 2.934511192142963409e-02 2.012724522501230240e-03
1.660000000000000000e+03 1.512721064500510693e-04 1.846615574322640896e-03 1.512721064500510693e-04 1.846615574322640896e-03 2.923349849879741669e-02 1.997442450374364853e-03
1.670000000000000000e+03 1.515761832706630230e-04 1.831071218475699425e-03 1.515761832706630230e-04 1.831071218475699425e-03 2.911502681672573090e-02 1.981285633519291878e-03
1.680000000000000000e+03 1.520271762274205685e-04 1.815026160329580307e-03 1.520271762274205685e-04 1.815026160329580307e-03 2.899593301117420197e-02 1.965110190212726593e-03
1.690000000000000000e+03 1.529574510641396046e-04 1.798563753254711628e-03 1.529574510641396046e-04 1.798563753254711628e-03 2.887104451656341553e-02 1.948219025507569313e-03
1.700000000000000000e+03 1.540406374260783195e-04 1.781536499038338661e-03 1.540406374260783195e-04 1.781536499038338661e-03 2.874257788062095642e-02 1.930919592268764973e-03
1.710000000000000000e+03 1.655368105275556445e-04 1.764872809872031212e-03 1.655368105275556445e-04 1.764872809872031212e-03 2.861751057207584381e-02 1.914152177050709724e-03
1.720000000000000000e+03 1.296973787248134613e-03 1.833018963225185871e-03 1.296973787248134613e-03 1.833018963225185871e-03 2.914224192500114441e-02 1.984991598874330521e-03
1.730000000000000000e+03 5.738111212849617004e-04 1.833016402088105679e-03 5.738111212849617004e-04 1.833016402088105679e-03 2.905398234724998474e-02 1.972986618056893349e-03
1.740000000000000000e+03 4.132683388888835907e-04 1.741430722177028656e-03 4.132683388888835907e-04 1.741430722177028656e-03 2.840083837509155273e-02 1.885276986286044121e-03
1.750000000000000000e+03 2.348008856642991304e-04 1.715069869533181190e-03 2.348008856642991304e-04 1.715069869533181190e-03 2.820452861487865448e-02 1.859304145909845829e-03
1.760000000000000000e+03 1.692258665570989251e-04 1.690821023657917976e-03 1.692258665570989251e-04 1.690821023657917976e-03 2.801121398806571960e-02 1.833904301747679710e-03
1.770000000000000000e+03 1.555753260618075728e-04 1.668624696321785450e-03 1.555753260618075728e-04 1.668624696321785450e-03 2.785313874483108521e-02 1.813264214433729649e-03
1.780000000000000000e+03 1.619217364350333810e-04 1.649313257075846195e-03 1.619217364350333810e-04 1.649313257075846195e-03 2.769947052001953125e-02 1.793311443179845810e-03
1.790000000000000000e+03 1.587712176842615008e-04 1.629021717235445976e-03 1.587712176842615008e-04 1.629021717235445976e-03 2.753421477973461151e-02 1.771977404132485390e-03
1.800000000000000000e+03 1.612953928997740149e-04 1.608578953891992569e-03 1.612953928997740149e-04 1.608578953891992569e-03 2.737074159085750580e-02 1.750998781062662601e-03
1.810000000000000000e+03 1.635549124330282211e-04 1.587357139214873314e-03 1.635549124330282211e-04 1.587357139214873314e-03 2.719923295080661774e-02 1.729123410768806934e-03
1.820000000000000000e+03 1.655773230595514178e-04 1.566250226460397243e-03 1.655773230595514178e-04 1.566250226460397243e-03 2.702567540109157562e-02 1.707127434201538563e-03
1.830000000000000000e+03 1.678778935456648469e-04 1.544928876683115959e-03 1.678778935456648469e-04 1.544928876683115959e-03 2.685064822435379028e-02 1.685086870566010475e-03
1.840000000000000000e+03 1.703730667941272259e-04 1.523086568340659142e-03 1.703730667941272259e-04 1.523086568340659142e-03 2.667067199945449829e-02 1.662572845816612244e-03
1.850000000000000000e+03 1.733019453240558505e-04 1.501300022937357426e-03 1.733019453240558505e-04 1.501300022937357426e-03 2.648635394871234894e-02 1.639672555029392242e-03
1.860000000000000000e+03 2.390923036728054285e-04 1.485263695940375328e-03 2.390923036728054285e-04 1.485263695940375328e-03 2.634361945092678070e-02 1.622047391720116138e-03
1.870000000000000000e+03 1.889152568764984608e-03 1.674234285019338131e-03 1.889152568764984608e-03 1.674234285019338131e-03 2.775242924690246582e-02 1.800175174139440060e-03
1.880000000000000000e+03 6.731011089868843555e-04 1.533488160930573940e-03 6.731011089868843555e-04 1.533488160930573940e-03 2.668533474206924438e-02 1.664401381276547909e-03
1.890000000000000000e+03 3.068945661652833223e-04 1.447196351364254951e-03 3.068945661652833223e-04 1.447196351364254951e-03 2.600381523370742798e-02 1.580472686327993870e-03
1.900000000000000000e+03 1.856206508819013834e-04 1.422853791154921055e-03 1.856206508819013834e-04 1.422853791154921055e-03 2.578128129243850708e-02 1.553537324070930481e-03
1.910000000000000000e+03 1.778915029717609286e-04 1.395278377458453178e-03 1.778915029717609286e-04 1.395278377458453178e-03 2.555090561509132385e-02 1.525897299870848656e-03
1.920000000000000000e+03 1.813823619158938527e-04 1.372602302581071854e-03 1.813823619158938527e-04 1.372602302581071854e-03 2.535442449152469635e-02 1.502520288340747356e-03
1.930000000000000000e+03 1.846703380579128861e-04 1.349315280094742775e-03 1.846703380579128861e-04 1.349315280094742775e-03 2.514631487429141998e-02 1.477955840528011322e-03
1.940000000000000000e+03 1.856828894233331084e-04 1.325402990914881229e-03 1.856828894233331084e-04 1.325402990914881229e-03 2.493571490049362183e-02 1.453303615562617779e-03
1.950000000000000000e+03 1.878486946225166321e-04 1.302261254750192165e-03 1.878486946225166321e-04 1.302261254750192165e-03 2.472747117280960083e-02 1.429131487384438515e-03
1.960000000000000000e+03 1.908167323563247919e-04 1.279294257983565331e-03 1.908167323563247919e-04 1.279294257983565331e-03 2.451771125197410583e-02 1.404987997375428677e-03
1.970000000000000000e+03 1.934888568939641118e-04 1.256534596905112267e-03 1.934888568939641118e-04 1.256534596905112267e-03 2.430863492190837860e-02 1.381127978675067425e-03
1.980000000000000000e+03 1.957975182449445128e-04 1.233896124176681042e-03 1.957975182449445128e-04 1.233896124176681042e-03 2.409850619733333588e-02 1.357353408820927143e-03
1.990000000000000000e+03 1.980473753064870834e-04 1.211275462992489338e-03 1.980473753064870834e-04 1.211275462992489338e-03 2.388616837561130524e-02 1.333539141342043877e-03
2.000000000000000000e+03 1.998919469770044088e-04 1.188850146718323231e-03 1.998919469770044088e-04 1.188850146718323231e-03 2.367288991808891296e-02 1.309830928221344948e-03
2.010000000000000000e+03 2.015516220126301050e-04 1.166362897492945194e-03 2.015516220126301050e-04 1.166362897492945194e-03 2.345732413232326508e-02 1.286084996536374092e-03
2.020000000000000000e+03 2.033414348261430860e-04 1.143648754805326462e-03 2.033414348261430860e-04 1.143648754805326462e-03 2.323671244084835052e-02 1.262007979676127434e-03
2.030000000000000000e+03 2.711921697482466698e-04 1.126106595620512962e-03 2.711921697482466698e-04 1.126106595620512962e-03 2.306197769939899445e-02 1.243099337443709373e-03
2.040000000000000000e+03 1.758589758537709713e-03 1.273544039577245712e-03 1.758589758537709713e-03 1.273544039577245712e-03 2.429134957492351532e-02 1.379164401441812515e-03
2.050000000000000000e+03 3.718074294738471508e-04 1.153280958533287048e-03 3.718074294738471508e-04 1.153280958533287048e-03 2.325973659753799438e-02 1.264510210603475571e-03
2.060000000000000000e+03 4.905730020254850388e-04 1.122927526012063026e-03 4.905730020254850388e-04 1.122927526012063026e-03 2.299822494387626648e-02 1.236235839314758778e-03
2.070000000000000000e+03 2.214833075413480401e-04 1.083431299775838852e-03 2.214833075413480401e-04 1.083431299775838852e-03 2.258470468223094940e-02 1.192179392091929913e-03
2.080000000000000000e+03 2.199682639911770821e-04 1.059525529853999615e-03 2.199682639911770821e-04 1.059525529853999615e-03 2.235569991171360016e-02 1.168124726973474026e-03
2.090000000000000000e+03 1.890606654342263937e-04 1.030386541970074177e-03 1.890606654342263937e-04 1.030386541970074177e-03 2.206895872950553894e-02 1.138351624831557274e-03
2.100000000000000000e+03 1.953988830791786313e-04 1.005979371257126331e-03 1.953988830791786313e-04 1.005979371257126331e-03 2.181465178728103638e-02 1.112267840653657913e-03
2.110000000000000000e+03 1.961930684046819806e-04 9.811960626393556595e-04 1.961930684046819806e-04 9.811960626393556595e-04 2.156002819538116455e-02 1.086454256437718868e-03
2.120000000000000000e+03 1.955458283191546798e-04 9.584665531292557716e-04 1.955458283191546798e-04 9.584665531292557716e-04 2.131953835487365723e-02 1.062351744621992111e-03
2.130000000000000000e+03 1.960745285032317042e-04 9.355315123684704304e-04 1.960745285032317042e-04 9.355315123684704304e-04 2.107387967407703400e-02 1.038010464981198311e-03
2.140000000000000000e+03 1.963482645805925131e-04 9.134633000940084457e-04 1.963482645805925131e-04 9.134633000940084457e-04 2.083374932408332825e-02 1.014489680528640747e-03
2.150000000000000000e+03 1.970003067981451750e-04 8.913525380194187164e-04 1.970003067981451750e-04 8.913525380194187164e-04 2.059073932468891144e-02 9.909612126648426056e-04
2.160000000000000000e+03 1.974885526578873396e-04 8.700615144334733486e-04 1.974885526578873396e-04 8.700615144334733486e-04 2.035355940461158752e-02 9.682631352916359901e-04
2.170000000000000000e+03 1.977276406250894070e-04 8.490342297591269016e-04 1.977276406250894070e-04 8.490342297591269016e-04 2.011616341769695282e-02 9.458080749027431011e-04
2.180000000000000000e+03 1.982033281819894910e-04 8.282992057502269745e-04 1.982033281819894910e-04 8.282992057502269745e-04 1.987955346703529358e-02 9.236893383786082268e-04
2.190000000000000000e+03 1.982346875593066216e-04 8.086171001195907593e-04 1.982346875593066216e-04 8.086171001195907593e-04 1.965222321450710297e-02 9.026848711073398590e-04
2.200000000000000000e+03 1.985846029128879309e-04 7.885236409492790699e-04 1.985846029128879309e-04 7.885236409492790699e-04 1.941717788577079773e-02 8.812213200144469738e-04
2.210000000000000000e+03 1.987056166399270296e-04 7.693064981140196323e-04 1.987056166399270296e-04 7.693064981140196323e-04 1.918948069214820862e-02 8.606750052422285080e-04
2.220000000000000000e+03 1.992419711314141750e-04 7.500755018554627895e-04 1.992419711314141750e-04 7.500755018554627895e-04 1.895951107144355774e-02 8.401696104556322098e-04
2.230000000000000000e+03 2.019813546212390065e-04 7.319877622649073601e-04 2.019813546212390065e-04 7.319877622649073601e-04 1.874106563627719879e-02 8.209209190681576729e-04
2.240000000000000000e+03 4.375856369733810425e-04 7.348540821112692356e-04 4.375856369733810425e-04 7.348540821112692356e-04 1.876591518521308899e-02 8.230992825701832771e-04
2.250000000000000000e+03 1.952599413925781846e-04 7.490199641324579716e-04 1.952599413925781846e-04 7.490199641324579716e-04 1.888294517993927002e-02 8.333975565619766712e-04
2.260000000000000000e+03 4.268696939107030630e-04 7.069676648825407028e-04 4.268696939107030630e-04 7.069676648825407028e-04 1.840876042842864990e-02 7.920669158920645714e-04
2.270000000000000000e+03 3.451234370004385710e-04 6.977516459301114082e-04 3.451234370004385710e-04 6.977516459301114082e-04 1.829795353114604950e-02 7.825602078810334206e-04
2.280000000000000000e+03 2.434011403238400817e-04 6.718720542266964912e-04 2.434011403238400817e-04 6.718720542266964912e-04 1.796701736748218536e-02 7.545095286332070827e-04
2.290000000000000000e+03 1.901568030007183552e-04 6.472524837590754032e-04 1.901568030007183552e-04 6.472524837590754032e-04 1.765724644064903259e-02 7.287167827598750591e-04
2.300000000000000000e+03 1.933569728862494230e-04 6.294066552072763443e-04 1.933569728862494230e-04 6.294066552072763443e-04 1.742432825267314911e-02 7.096183253452181816e-04
2.310000000000000000e+03 1.923295349115505815e-04 6.117148441262543201e-04 1.923295349115505815e-04 6.117148441262543201e-04 1.719481684267520905e-02 6.910473457537591457e-04
2.320000000000000000e+03 1.908738195197656751e-04 5.963468574918806553e-04 1.908738195197656751e-04 5.963468574918806553e-04 1.699039153754711151e-02 6.747136358171701431e-04
2.330000000000000000e+03 1.903080119518563151e-04 5.800350918434560299e-04 1.903080119518563151e-04 5.800350918434560299e-04 1.677035912871360779e-02 6.573512800969183445e-04
2.340000000000000000e+03 1.901843497762456536e-04 5.650896346196532249e-04 1.901843497762456536e-04 5.650896346196532249e-04 1.656681485474109650e-02 6.414912641048431396e-04
2.350000000000000000e+03 1.896926405606791377e-04 5.509770126082003117e-04 1.896926405606791377e-04 5.509770126082003117e-04 1.637174189090728760e-02 6.264731637202203274e-04
2.360000000000000000e+03 1.893363223643973470e-04 5.368704441934823990e-04 1.893363223643973470e-04 5.368704441934823990e-04 1.617371104657649994e-02 6.114093703217804432e-04
2.370000000000000000e+03 1.890927378553897142e-04 5.229741218499839306e-04 1.890927378553897142e-04 5.229741218499839306e-04 1.597689092159271240e-02 5.966192693449556828e-04
2.380000000000000000e+03 1.883939112303778529e-04 5.101929418742656708e-04 1.883939112303778529e-04 5.101929418742656708e-04 1.579421572387218475e-02 5.830540903843939304e-04
2.390000000000000000e+03 1.878357143141329288e-04 4.976398777216672897e-04 1.878357143141329288e-04 4.976398777216672897e-04 1.561210304498672485e-02 5.696859443560242653e-04
2.400000000000000000e+03 1.931318838614970446e-04 4.859481414314359426e-04 1.931318838614970446e-04 4.859481414314359426e-04 1.544126775115728378e-02 5.572866648435592651e-04
2.410000000000000000e+03 4.683777806349098682e-04 5.017255316488444805e-04 4.683777806349098682e-04 5.017255316488444805e-04 1.566484197974205017e-02 5.735413287766277790e-04
2.420000000000000000e+03 1.891246793093159795e-04 4.949596477672457695e-04 1.891246793093159795e-04 4.949596477672457695e-04 1.555114146322011948e-02 5.652456893585622311e-04
2.430000000000000000e+03 4.473750304896384478e-04 4.743339086417108774e-04 4.473750304896384478e-04 4.743339086417108774e-04 1.525622513145208359e-02 5.440100212581455708e-04
2.440000000000000000e+03 2.069157781079411507e-04 4.503759846556931734e-04 2.069157781079411507e-04 4.503759846556931734e-04 1.487379893660545349e-02 5.170786171220242977e-04
2.450000000000000000e+03 1.956386113306507468e-04 4.399830359034240246e-04 1.956386113306507468e-04 4.399830359034240246e-04 1.470397971570491791e-02 5.053386557847261429e-04
2.460000000000000000e+03 1.852181594585999846e-04 4.280897846911102533e-04 1.852181594585999846e-04 4.280897846911102533e-04 1.453712861984968185e-02 4.939351929351687431e-04
2.470000000000000000e+03 1.745292829582467675e-04 4.140547825954854488e-04 1.745292829582467675e-04 4.140547825954854488e-04 1.431049033999443054e-02 4.786541394423693419e-04
2.480000000000000000e+03 1.719559368211776018e-04 4.034561279695481062e-04 1.719559368211776018e-04 4.034561279695481062e-04 1.414370071142911911e-02 4.675615928135812283e-04
2.490000000000000000e+03 1.714207610348239541e-04 3.927006328012794256e-04 1.714207610348239541e-04 3.927006328012794256e-04 1.396635267883539200e-02 4.559096414595842361e-04
2.500000000000000000e+03 1.700825669104233384e-04 3.830765490420162678e-04 1.700825669104233384e-04 3.830765490420162678e-04 1.380892656743526459e-02 4.456895985640585423e-04
