# step, loss_train, loss_test, metrics_test
0.000000000000000000e+00 9.046963691711425781e+00 3.829885959625244141e+00 9.046963691711425781e+00 3.829885959625244141e+00 9.860428571701049805e-01 3.786716938018798828e+00
1.000000000000000000e+01 3.801930844783782959e-01 3.809573411941528320e+00 3.801930844783782959e-01 3.809573411941528320e+00 9.828921556472778320e-01 3.762555837631225586e+00
2.000000000000000000e+01 2.182715684175491333e-01 3.407873868942260742e+00 2.182715684175491333e-01 3.407873868942260742e+00 9.307998418807983398e-01 3.374300956726074219e+00
3.000000000000000000e+01 1.201702877879142761e-01 3.096093893051147461e+00 1.201702877879142761e-01 3.096093893051147461e+00 8.858342766761779785e-01 3.056160688400268555e+00
4.000000000000000000e+01 1.022590175271034241e-01 2.793242692947387695e+00 1.022590175271034241e-01 2.793242692947387695e+00 8.415424227714538574e-01 2.758183956146240234e+00
5.000000000000000000e+01 1.325391381978988647e-01 2.460827350616455078e+00 1.325391381978988647e-01 2.460827350616455078e+00 7.897152304649353027e-01 2.428914546966552734e+00
6.000000000000000000e+01 1.193434968590736389e-01 2.147641420364379883e+00 1.193434968590736389e-01 2.147641420364379883e+00 7.373530864715576172e-01 2.117493867874145508e+00
7.000000000000000000e+01 1.087010353803634644e-01 1.799314618110656738e+00 1.087010353803634644e-01 1.799314618110656738e+00 6.744550466537475586e-01 1.771647095680236816e+00
8.000000000000000000e+01 9.369038790464401245e-02 1.417309403419494629e+00 9.369038790464401245e-02 1.417309403419494629e+00 5.980253815650939941e-01 1.392869710922241211e+00
9.000000000000000000e+01 8.590477705001831055e-02 1.015288829803466797e+00 8.590477705001831055e-02 1.015288829803466797e+00 5.055190920829772949e-01 9.952825307846069336e-01
1.000000000000000000e+02 7.594234496355056763e-02 6.385677456855773926e-01 7.594234496355056763e-02 6.385677456855773926e-01 4.004717469215393066e-01 6.246185898780822754e-01
1.100000000000000000e+02 5.745486915111541748e-02 3.616196513175964355e-01 5.745486915111541748e-02 3.616196513175964355e-01 3.019044399261474609e-01 3.549851775169372559e-01
1.200000000000000000e+02 4.170224815607070923e-02 2.299905866384506226e-01 4.170224815607070923e-02 2.299905866384506226e-01 2.431707978248596191e-01 2.303000539541244507e-01
1.300000000000000000e+02 2.766145579516887665e-02 2.007161080837249756e-01 2.766145579516887665e-02 2.007161080837249756e-01 2.294825613498687744e-01 2.051023095846176147e-01
1.400000000000000000e+02 1.800684258341789246e-02 1.925108432769775391e-01 1.800684258341789246e-02 1.925108432769775391e-01 2.252087444067001343e-01 1.975339204072952271e-01
1.500000000000000000e+02 1.309450063854455948e-02 1.847952306270599365e-01 1.309450063854455948e-02 1.847952306270599365e-01 2.203204482793807983e-01 1.890518069267272949e-01
1.600000000000000000e+02 1.077377889305353165e-02 1.789571195840835571e-01 1.077377889305353165e-02 1.789571195840835571e-01 2.165890485048294067e-01 1.827023774385452271e-01
1.700000000000000000e+02 9.635206311941146851e-03 1.734202057123184204e-01 9.635206311941146851e-03 1.734202057123184204e-01 2.132850140333175659e-01 1.771706789731979370e-01
1.800000000000000000e+02 8.983459323644638062e-03 1.681202501058578491e-01 8.983459323644638062e-03 1.681202501058578491e-01 2.101812362670898438e-01 1.720517575740814209e-01
1.900000000000000000e+02 8.477010764181613922e-03 1.632313877344131470e-01 8.477010764181613922e-03 1.632313877344131470e-01 2.072311490774154663e-01 1.672558486461639404e-01
2.000000000000000000e+02 8.030206896364688873e-03 1.586008071899414062e-01 8.030206896364688873e-03 1.586008071899414062e-01 2.043260633945465088e-01 1.625993102788925171e-01
2.100000000000000000e+02 7.665259763598442078e-03 1.540916860103607178e-01 7.665259763598442078e-03 1.540916860103607178e-01 2.014344781637191772e-01 1.580297350883483887e-01
2.200000000000000000e+02 7.379244081676006317e-03 1.496334522962570190e-01 7.379244081676006317e-03 1.496334522962570190e-01 1.985457986593246460e-01 1.535297483205795288e-01
2.300000000000000000e+02 7.136361207813024521e-03 1.451832354068756104e-01 7.136361207813024521e-03 1.451832354068756104e-01 1.956277638673782349e-01 1.490500569343566895e-01
2.400000000000000000e+02 6.918774452060461044e-03 1.407112479209899902e-01 6.918774452060461044e-03 1.407112479209899902e-01 1.926443129777908325e-01 1.445385068655014038e-01
2.500000000000000000e+02 6.730423308908939362e-03 1.361630260944366455e-01 6.730423308908939362e-03 1.361630260944366455e-01 1.895486861467361450e-01 1.399306207895278931e-01
2.600000000000000000e+02 6.587406620383262634e-03 1.314964145421981812e-01 6.587406620383262634e-03 1.314964145421981812e-01 1.863090544939041138e-01 1.351883262395858765e-01
2.700000000000000000e+02 6.512830033898353577e-03 1.266742348670959473e-01 6.512830033898353577e-03 1.266742348670959473e-01 1.828919500112533569e-01 1.302748024463653564e-01
2.800000000000000000e+02 6.531894207000732422e-03 1.216872781515121460e-01 6.531894207000732422e-03 1.216872781515121460e-01 1.792806535959243774e-01 1.251809000968933105e-01
2.900000000000000000e+02 6.678862962871789932e-03 1.165399700403213501e-01 6.678862962871789932e-03 1.165399700403213501e-01 1.754659712314605713e-01 1.199104413390159607e-01
3.000000000000000000e+02 6.980680394917726517e-03 1.112663820385932922e-01 6.980680394917726517e-03 1.112663820385932922e-01 1.714620739221572876e-01 1.145005077123641968e-01
3.100000000000000000e+02 7.446092087775468826e-03 1.059185862541198730e-01 7.446092087775468826e-03 1.059185862541198730e-01 1.673010885715484619e-01 1.090106070041656494e-01
3.200000000000000000e+02 8.034861646592617035e-03 1.005954667925834656e-01 8.034861646592617035e-03 1.005954667925834656e-01 1.630582660436630249e-01 1.035516038537025452e-01
3.300000000000000000e+02 8.689315058290958405e-03 9.537205100059509277e-02 8.689315058290958405e-03 9.537205100059509277e-02 1.587920188903808594e-01 9.820386022329330444e-02
3.400000000000000000e+02 9.337042458355426788e-03 9.030762314796447754e-02 9.337042458355426788e-03 9.030762314796447754e-02 1.545533835887908936e-01 9.303111582994461060e-02
3.500000000000000000e+02 9.904182516038417816e-03 8.544649928808212280e-02 9.904182516038417816e-03 8.544649928808212280e-02 1.503840535879135132e-01 8.807948231697082520e-02
3.600000000000000000e+02 1.033248286694288254e-02 8.080243319272994995e-02 1.033248286694288254e-02 8.080243319272994995e-02 1.462970674037933350e-01 8.335708081722259521e-02
3.700000000000000000e+02 1.062637288123369217e-02 7.635790109634399414e-02 1.062637288123369217e-02 7.635790109634399414e-02 1.422766298055648804e-01 7.883848994970321655e-02
3.800000000000000000e+02 1.081553474068641663e-02 7.207199186086654663e-02 1.081553474068641663e-02 7.207199186086654663e-02 1.382803469896316528e-01 7.447185367345809937e-02
3.900000000000000000e+02 1.092462800443172455e-02 6.790819764137268066e-02 1.092462800443172455e-02 6.790819764137268066e-02 1.342689692974090576e-01 7.021379470825195312e-02
4.000000000000000000e+02 1.097399089485406876e-02 6.384672224521636963e-02 1.097399089485406876e-02 6.384672224521636963e-02 1.302208155393600464e-01 6.604378670454025269e-02
4.100000000000000000e+02 1.095858123153448105e-02 5.989631265401840210e-02 1.095858123153448105e-02 5.989631265401840210e-02 1.261463761329650879e-01 6.197560578584671021e-02
4.200000000000000000e+02 1.088310778141021729e-02 5.606296658515930176e-02 1.088310778141021729e-02 5.606296658515930176e-02 1.220515519380569458e-01 5.801733583211898804e-02
4.300000000000000000e+02 1.074259821325540543e-02 5.236494168639183044e-02 1.074259821325540543e-02 5.236494168639183044e-02 1.179572716355323792e-01 5.419019609689712524e-02
4.400000000000000000e+02 1.053722295910120010e-02 4.882887750864028931e-02 1.053722295910120010e-02 4.882887750864028931e-02 1.138984784483909607e-01 5.052508413791656494e-02
4.500000000000000000e+02 1.028390880674123764e-02 4.546573758125305176e-02 1.028390880674123764e-02 4.546573758125305176e-02 1.098910272121429443e-01 4.703222960233688354e-02
4.600000000000000000e+02 9.980416856706142426e-03 4.231548681855201721e-02 9.980416856706142426e-03 4.231548681855201721e-02 1.059940159320831299e-01 4.375562071800231934e-02
4.700000000000000000e+02 9.621913544833660126e-03 3.941983357071876526e-02 9.621913544833660126e-03 3.941983357071876526e-02 1.022782698273658752e-01 4.074158892035484314e-02
4.800000000000000000e+02 9.223535656929016113e-03 3.679683804512023926e-02 9.223535656929016113e-03 3.679683804512023926e-02 9.879131615161895752e-02 3.801095113158226013e-02
4.900000000000000000e+02 8.786955848336219788e-03 3.447264060378074646e-02 8.786955848336219788e-03 3.447264060378074646e-02 9.559448808431625366e-02 3.559073433279991150e-02
5.000000000000000000e+02 8.316750638186931610e-03 3.245488926768302917e-02 8.316750638186931610e-03 3.245488926768302917e-02 9.273003041744232178e-02 3.348975628614425659e-02
5.100000000000000000e+02 7.828970439732074738e-03 3.073433786630630493e-02 7.828970439732074738e-03 3.073433786630630493e-02 9.021732211112976074e-02 3.169940039515495300e-02
5.200000000000000000e+02 7.326387800276279449e-03 2.929858304560184479e-02 7.326387800276279449e-03 2.929858304560184479e-02 8.806724101305007935e-02 3.020646795630455017e-02
5.300000000000000000e+02 6.830097641795873642e-03 2.811064198613166809e-02 6.830097641795873642e-03 2.811064198613166809e-02 8.624759316444396973e-02 2.897111512720584869e-02
5.400000000000000000e+02 6.348430179059505463e-03 2.713053114712238312e-02 6.348430179059505463e-03 2.713053114712238312e-02 8.471499383449554443e-02 2.795063890516757965e-02
5.500000000000000000e+02 5.885575897991657257e-03 2.633015811443328857e-02 5.885575897991657257e-03 2.633015811443328857e-02 8.344369381666183472e-02 2.711804024875164032e-02
5.600000000000000000e+02 5.459494423121213913e-03 2.566236630082130432e-02 5.459494423121213913e-03 2.566236630082130432e-02 8.236456662416458130e-02 2.642117068171501160e-02
5.700000000000000000e+02 5.062005482614040375e-03 2.510550431907176971e-02 5.062005482614040375e-03 2.510550431907176971e-02 8.145850896835327148e-02 2.584307081997394562e-02
5.800000000000000000e+02 4.704500548541545868e-03 2.462663687765598297e-02 4.704500548541545868e-03 2.462663687765598297e-02 8.066752552986145020e-02 2.534362487494945526e-02
5.900000000000000000e+02 4.378333687782287598e-03 2.421194873750209808e-02 4.378333687782287598e-03 2.421194873750209808e-02 7.997795939445495605e-02 2.491218596696853638e-02
6.000000000000000000e+02 4.082859959453344345e-03 2.384677343070507050e-02 4.082859959453344345e-03 2.384677343070507050e-02 7.936555892229080200e-02 2.453213557600975037e-02
6.100000000000000000e+02 3.819702891632914543e-03 2.351809665560722351e-02 3.819702891632914543e-03 2.351809665560722351e-02 7.881291955709457397e-02 2.419167943298816681e-02
6.200000000000000000e+02 3.582972567528486252e-03 2.321837842464447021e-02 3.582972567528486252e-03 2.321837842464447021e-02 7.830749452114105225e-02 2.388239465653896332e-02
6.300000000000000000e+02 3.369122743606567383e-03 2.294391207396984100e-02 3.369122743606567383e-03 2.294391207396984100e-02 7.784417271614074707e-02 2.360062114894390106e-02
6.400000000000000000e+02 3.180357627570629120e-03 2.268734015524387360e-02 3.180357627570629120e-03 2.268734015524387360e-02 7.740707695484161377e-02 2.333632856607437134e-02
6.500000000000000000e+02 3.004442434757947922e-03 2.244958654046058655e-02 3.004442434757947922e-03 2.244958654046058655e-02 7.700376957654953003e-02 2.309378609061241150e-02
6.600000000000000000e+02 2.846326446160674095e-03 2.222501859068870544e-02 2.846326446160674095e-03 2.222501859068870544e-02 7.662220299243927002e-02 2.286548726260662079e-02
6.700000000000000000e+02 2.703419188037514687e-03 2.201139554381370544e-02 2.703419188037514687e-03 2.201139554381370544e-02 7.625686377286911011e-02 2.264796011149883270e-02
6.800000000000000000e+02 2.574834739789366722e-03 2.180662564933300018e-02 2.574834739789366722e-03 2.180662564933300018e-02 7.590691745281219482e-02 2.244056947529315948e-02
6.900000000000000000e+02 2.455302979797124863e-03 2.161233499646186829e-02 2.455302979797124863e-03 2.161233499646186829e-02 7.557788491249084473e-02 2.224645018577575684e-02
7.000000000000000000e+02 2.347409259527921677e-03 2.142334915697574615e-02 2.347409259527921677e-03 2.142334915697574615e-02 7.525255531072616577e-02 2.205533534288406372e-02
7.100000000000000000e+02 2.247580094262957573e-03 2.124200947582721710e-02 2.247580094262957573e-03 2.124200947582721710e-02 7.494328171014785767e-02 2.187442220747470856e-02
7.200000000000000000e+02 2.157081384211778641e-03 2.106567285954952240e-02 2.157081384211778641e-03 2.106567285954952240e-02 7.464080303907394409e-02 2.169820480048656464e-02
7.300000000000000000e+02 2.072456525638699532e-03 2.089384570717811584e-02 2.072456525638699532e-03 2.089384570717811584e-02 7.434494048357009888e-02 2.152653224766254425e-02
7.400000000000000000e+02 1.993778394535183907e-03 2.072587795555591583e-02 1.993778394535183907e-03 2.072587795555591583e-02 7.406152784824371338e-02 2.136272192001342773e-02
7.500000000000000000e+02 1.924766693264245987e-03 2.055872045457363129e-02 1.924766693264245987e-03 2.055872045457363129e-02 7.377287745475769043e-02 2.119652926921844482e-02
7.600000000000000000e+02 1.855256618000566959e-03 2.039772458374500275e-02 1.855256618000566959e-03 2.039772458374500275e-02 7.349754869937896729e-02 2.103860490024089813e-02
7.700000000000000000e+02 1.791212474927306175e-03 2.023738622665405273e-02 1.791212474927306175e-03 2.023738622665405273e-02 7.322227209806442261e-02 2.088130451738834381e-02
7.800000000000000000e+02 1.731988275423645973e-03 2.007896825671195984e-02 1.731988275423645973e-03 2.007896825671195984e-02 7.294977456331253052e-02 2.072617225348949432e-02
7.900000000000000000e+02 1.678974600508809090e-03 1.992428489029407501e-02 1.678974600508809090e-03 1.992428489029407501e-02 7.268355041742324829e-02 2.057516947388648987e-02
8.000000000000000000e+02 1.682997564785182476e-03 1.977516338229179382e-02 1.682997564785182476e-03 1.977516338229179382e-02 7.242209464311599731e-02 2.042741328477859497e-02
8.100000000000000000e+02 1.605527941137552261e-03 1.962174847722053528e-02 1.605527941137552261e-03 1.962174847722053528e-02 7.216008007526397705e-02 2.027987129986286163e-02
8.200000000000000000e+02 1.557653769850730896e-03 1.945739984512329102e-02 1.557653769850730896e-03 1.945739984512329102e-02 7.187633216381072998e-02 2.012070082128047943e-02
8.300000000000000000e+02 1.811769325286149979e-03 1.929795742034912109e-02 1.811769325286149979e-03 1.929795742034912109e-02 7.160627841949462891e-02 1.996978744864463806e-02
8.400000000000000000e+02 1.541184261441230774e-03 1.917336881160736084e-02 1.541184261441230774e-03 1.917336881160736084e-02 7.137207686901092529e-02 1.983936876058578491e-02
8.500000000000000000e+02 1.524062943644821644e-03 1.900427043437957764e-02 1.524062943644821644e-03 1.900427043437957764e-02 7.108628749847412109e-02 1.968080364167690277e-02
8.600000000000000000e+02 1.370410551317036152e-03 1.885827071964740753e-02 1.370410551317036152e-03 1.885827071964740753e-02 7.082521170377731323e-02 1.953650638461112976e-02
8.700000000000000000e+02 1.362801645882427692e-03 1.871036179363727570e-02 1.362801645882427692e-03 1.871036179363727570e-02 7.055968791246414185e-02 1.939029805362224579e-02
8.800000000000000000e+02 2.247429452836513519e-03 1.859870739281177521e-02 2.247429452836513519e-03 1.859870739281177521e-02 7.036618143320083618e-02 1.928409002721309662e-02
8.900000000000000000e+02 1.697035972028970718e-03 1.845764182507991791e-02 1.697035972028970718e-03 1.845764182507991791e-02 7.008382678031921387e-02 1.912964321672916412e-02
9.000000000000000000e+02 1.373798586428165436e-03 1.829996891319751740e-02 1.373798586428165436e-03 1.829996891319751740e-02 6.981778144836425781e-02 1.898468099534511566e-02
9.100000000000000000e+02 1.214509480632841587e-03 1.813597045838832855e-02 1.214509480632841587e-03 1.813597045838832855e-02 6.953014433383941650e-02 1.882857456803321838e-02
9.200000000000000000e+02 1.209135982207953930e-03 1.796802692115306854e-02 1.209135982207953930e-03 1.796802692115306854e-02 6.922883540391921997e-02 1.866574026644229889e-02
9.300000000000000000e+02 1.190878450870513916e-03 1.782336272299289703e-02 1.190878450870513916e-03 1.782336272299289703e-02 6.895978748798370361e-02 1.852094195783138275e-02
9.400000000000000000e+02 1.130292657762765884e-03 1.766209490597248077e-02 1.130292657762765884e-03 1.766209490597248077e-02 6.866909563541412354e-02 1.836512424051761627e-02
9.500000000000000000e+02 1.277340925298631191e-03 1.749902032315731049e-02 1.277340925298631191e-03 1.749902032315731049e-02 6.837543845176696777e-02 1.820838637650012970e-02
9.600000000000000000e+02 1.096496591344475746e-03 1.740230619907379150e-02 1.096496591344475746e-03 1.740230619907379150e-02 6.822869926691055298e-02 1.813032105565071106e-02
9.700000000000000000e+02 1.060385955497622490e-03 1.725974678993225098e-02 1.060385955497622490e-03 1.725974678993225098e-02 6.791124492883682251e-02 1.796199753880500793e-02
9.800000000000000000e+02 1.037359703332185745e-03 1.710350811481475830e-02 1.037359703332185745e-03 1.710350811481475830e-02 6.762163341045379639e-02 1.780912466347217560e-02
9.900000000000000000e+02 1.049275626428425312e-03 1.694261655211448669e-02 1.049275626428425312e-03 1.694261655211448669e-02 6.733799725770950317e-02 1.766003482043743134e-02
1.000000000000000000e+03 1.028942060656845570e-03 1.678536459803581238e-02 1.028942060656845570e-03 1.678536459803581238e-02 6.703634560108184814e-02 1.750216819345951080e-02
1.010000000000000000e+03 9.977162117138504982e-04 1.663548685610294342e-02 9.977162117138504982e-04 1.663548685610294342e-02 6.674556434154510498e-02 1.735066249966621399e-02
1.020000000000000000e+03 1.018045353703200817e-03 1.648754626512527466e-02 1.018045353703200817e-03 1.648754626512527466e-02 6.645873188972473145e-02 1.720185391604900360e-02
1.030000000000000000e+03 1.053825253620743752e-03 1.632601208984851837e-02 1.053825253620743752e-03 1.632601208984851837e-02 6.616303324699401855e-02 1.704912073910236359e-02
1.040000000000000000e+03 3.673919010907411575e-03 1.616790518164634705e-02 3.673919010907411575e-03 1.616790518164634705e-02 6.590098887681961060e-02 1.691434159874916077e-02
1.050000000000000000e+03 1.067459350451827049e-03 1.609449461102485657e-02 1.067459350451827049e-03 1.609449461102485657e-02 6.566574424505233765e-02 1.679380051791667938e-02
1.060000000000000000e+03 1.132295699790120125e-03 1.596283167600631714e-02 1.132295699790120125e-03 1.596283167600631714e-02 6.543574482202529907e-02 1.667636260390281677e-02
1.070000000000000000e+03 1.057179877534508705e-03 1.580124907195568085e-02 1.057179877534508705e-03 1.580124907195568085e-02 6.513011455535888672e-02 1.652094349265098572e-02
1.080000000000000000e+03 9.440401336178183556e-04 1.563388854265213013e-02 9.440401336178183556e-04 1.563388854265213013e-02 6.480446457862854004e-02 1.635614596307277679e-02
1.090000000000000000e+03 9.439537534490227699e-04 1.549457851797342300e-02 9.439537534490227699e-04 1.549457851797342300e-02 6.452617794275283813e-02 1.621597632765769958e-02
1.100000000000000000e+03 9.377026581205427647e-04 1.535155437886714935e-02 9.377026581205427647e-04 1.535155437886714935e-02 6.424412131309509277e-02 1.607451960444450378e-02
1.110000000000000000e+03 9.761608671396970749e-04 1.521351374685764313e-02 9.761608671396970749e-04 1.521351374685764313e-02 6.396247446537017822e-02 1.593388430774211884e-02
1.120000000000000000e+03 3.303947392851114273e-03 1.512595079839229584e-02 3.303947392851114273e-03 1.512595079839229584e-02 6.377375125885009766e-02 1.583999954164028168e-02
1.130000000000000000e+03 1.827540807425975800e-03 1.495188567787408829e-02 1.827540807425975800e-03 1.495188567787408829e-02 6.342132389545440674e-02 1.566541194915771484e-02
1.140000000000000000e+03 1.205903245136141777e-03 1.484656427055597305e-02 1.205903245136141777e-03 1.484656427055597305e-02 6.323014944791793823e-02 1.557111088186502457e-02
1.150000000000000000e+03 9.357105591334402561e-04 1.471789274364709854e-02 9.357105591334402561e-04 1.471789274364709854e-02 6.296320259571075439e-02 1.543991267681121826e-02
1.160000000000000000e+03 1.029294333420693874e-03 1.457963697612285614e-02 1.029294333420693874e-03 1.457963697612285614e-02 6.266776472330093384e-02 1.529535930603742599e-02
1.170000000000000000e+03 9.778375970199704170e-04 1.444024592638015747e-02 9.778375970199704170e-04 1.444024592638015747e-02 6.239261478185653687e-02 1.516134012490510941e-02
1.180000000000000000e+03 9.594221482984721661e-04 1.431706920266151428e-02 9.594221482984721661e-04 1.431706920266151428e-02 6.213485822081565857e-02 1.503632869571447372e-02
1.190000000000000000e+03 9.658513590693473816e-04 1.419361960142850876e-02 9.658513590693473816e-04 1.419361960142850876e-02 6.187748163938522339e-02 1.491201762109994888e-02
1.200000000000000000e+03 9.756836225278675556e-04 1.406870875507593155e-02 9.756836225278675556e-04 1.406870875507593155e-02 6.161893159151077271e-02 1.478766277432441711e-02
1.210000000000000000e+03 3.378193825483322144e-03 1.400017272680997849e-02 3.378193825483322144e-03 1.400017272680997849e-02 6.145352497696876526e-02 1.470837928354740143e-02
1.220000000000000000e+03 2.513014012947678566e-03 1.384548470377922058e-02 2.513014012947678566e-03 1.384548470377922058e-02 6.113338842988014221e-02 1.455553341656923294e-02
1.230000000000000000e+03 1.559927943162620068e-03 1.376852951943874359e-02 1.559927943162620068e-03 1.376852951943874359e-02 6.099373847246170044e-02 1.448910869657993317e-02
1.240000000000000000e+03 1.290930202230811119e-03 1.364080328494310379e-02 1.290930202230811119e-03 1.364080328494310379e-02 6.073399633169174194e-02 1.436596736311912537e-02
1.250000000000000000e+03 1.030231826007366180e-03 1.351908780634403229e-02 1.030231826007366180e-03 1.351908780634403229e-02 6.045573949813842773e-02 1.423463318496942520e-02
1.260000000000000000e+03 1.064260723069310188e-03 1.342120394110679626e-02 1.064260723069310188e-03 1.342120394110679626e-02 6.023434177041053772e-02 1.413056720048189163e-02
1.270000000000000000e+03 1.004757708869874477e-03 1.330655720084905624e-02 1.004757708869874477e-03 1.330655720084905624e-02 5.999494716525077820e-02 1.401846762746572495e-02
1.280000000000000000e+03 1.011328888125717640e-03 1.319717057049274445e-02 1.011328888125717640e-03 1.319717057049274445e-02 5.976333096623420715e-02 1.391043886542320251e-02
1.290000000000000000e+03 1.023534452542662621e-03 1.308704447001218796e-02 1.023534452542662621e-03 1.308704447001218796e-02 5.952763929963111877e-02 1.380093861371278763e-02
1.300000000000000000e+03 1.031195977702736855e-03 1.297972351312637329e-02 1.031195977702736855e-03 1.297972351312637329e-02 5.929525196552276611e-02 1.369339134544134140e-02
1.310000000000000000e+03 1.035251189023256302e-03 1.287696883082389832e-02 1.035251189023256302e-03 1.287696883082389832e-02 5.907334759831428528e-02 1.359109114855527878e-02
1.320000000000000000e+03 1.048013800755143166e-03 1.277291029691696167e-02 1.048013800755143166e-03 1.277291029691696167e-02 5.884687229990959167e-02 1.348708290606737137e-02
1.330000000000000000e+03 1.795673859305679798e-03 1.265494432300329208e-02 1.795673859305679798e-03 1.265494432300329208e-02 5.861057341098785400e-02 1.337898336350917816e-02
1.340000000000000000e+03 1.802765415050089359e-03 1.270274072885513306e-02 1.802765415050089359e-03 1.270274072885513306e-02 5.870502069592475891e-02 1.342213805764913559e-02
1.350000000000000000e+03 1.130420947447419167e-03 1.260288897901773453e-02 1.130420947447419167e-03 1.260288897901773453e-02 5.846885964274406433e-02 1.331436354666948318e-02
1.360000000000000000e+03 1.129914191551506519e-03 1.245631184428930283e-02 1.129914191551506519e-03 1.245631184428930283e-02 5.812439695000648499e-02 1.315794419497251511e-02
1.370000000000000000e+03 1.058612833730876446e-03 1.233285292983055115e-02 1.058612833730876446e-03 1.233285292983055115e-02 5.785733461380004883e-02 1.303731091320514679e-02
1.380000000000000000e+03 1.053607906214892864e-03 1.223366241902112961e-02 1.053607906214892864e-03 1.223366241902112961e-02 5.764925107359886169e-02 1.294370368123054504e-02
1.390000000000000000e+03 1.059586415067315102e-03 1.214246824383735657e-02 1.059586415067315102e-03 1.214246824383735657e-02 5.745071172714233398e-02 1.285470183938741684e-02
1.400000000000000000e+03 1.043056603521108627e-03 1.205276697874069214e-02 1.043056603521108627e-03 1.205276697874069214e-02 5.724661424756050110e-02 1.276353001594543457e-02
1.410000000000000000e+03 1.057747635059058666e-03 1.196328923106193542e-02 1.057747635059058666e-03 1.196328923106193542e-02 5.704250931739807129e-02 1.267268043011426926e-02
1.420000000000000000e+03 1.052235253155231476e-03 1.186529919505119324e-02 1.052235253155231476e-03 1.186529919505119324e-02 5.682648345828056335e-02 1.257687713950872421e-02
1.430000000000000000e+03 1.049646525643765926e-03 1.177817396819591522e-02 1.049646525643765926e-03 1.177817396819591522e-02 5.662938579916954041e-02 1.248978357762098312e-02
1.440000000000000000e+03 1.047698082402348518e-03 1.168792229145765305e-02 1.047698082402348518e-03 1.168792229145765305e-02 5.642675980925559998e-02 1.240056380629539490e-02
1.450000000000000000e+03 1.061024027876555920e-03 1.160336565226316452e-02 1.061024027876555920e-03 1.160336565226316452e-02 5.623373016715049744e-02 1.231586653739213943e-02
1.460000000000000000e+03 1.049186452291905880e-03 1.151310931891202927e-02 1.049186452291905880e-03 1.151310931891202927e-02 5.602766200900077820e-02 1.222576946020126343e-02
1.470000000000000000e+03 1.101938541978597641e-03 1.143119484186172485e-02 1.101938541978597641e-03 1.143119484186172485e-02 5.583421885967254639e-02 1.214149314910173416e-02
1.480000000000000000e+03 3.060064045712351799e-03 1.139831915497779846e-02 3.060064045712351799e-03 1.139831915497779846e-02 5.574063584208488464e-02 1.210082601755857468e-02
1.490000000000000000e+03 1.966384006664156914e-03 1.124968938529491425e-02 1.966384006664156914e-03 1.124968938529491425e-02 5.540458112955093384e-02 1.195535715669393539e-02
1.500000000000000000e+03 1.083362847566604614e-03 1.120984554290771484e-02 1.083362847566604614e-03 1.120984554290771484e-02 5.529433116316795349e-02 1.190782431513071060e-02
1.510000000000000000e+03 1.095636398531496525e-03 1.111561246216297150e-02 1.095636398531496525e-03 1.111561246216297150e-02 5.511264503002166748e-02 1.182969938963651657e-02
1.520000000000000000e+03 1.063319272361695766e-03 1.101171970367431641e-02 1.063319272361695766e-03 1.101171970367431641e-02 5.488195270299911499e-02 1.173087302595376968e-02
1.530000000000000000e+03 1.016865600831806660e-03 1.093242503702640533e-02 1.016865600831806660e-03 1.093242503702640533e-02 5.467922985553741455e-02 1.164436992257833481e-02
1.540000000000000000e+03 1.022826763801276684e-03 1.083951443433761597e-02 1.022826763801276684e-03 1.083951443433761597e-02 5.446681380271911621e-02 1.155407540500164032e-02
1.550000000000000000e+03 1.048011821694672108e-03 1.075140666216611862e-02 1.048011821694672108e-03 1.075140666216611862e-02 5.426102876663208008e-02 1.146693341434001923e-02
1.560000000000000000e+03 1.058719353750348091e-03 1.066531613469123840e-02 1.058719353750348091e-03 1.066531613469123840e-02 5.405963584780693054e-02 1.138197164982557297e-02
1.570000000000000000e+03 1.395521336235105991e-03 1.057067979127168655e-02 1.395521336235105991e-03 1.057067979127168655e-02 5.384672805666923523e-02 1.129249576479196548e-02
1.580000000000000000e+03 1.425181748345494270e-03 1.050332933664321899e-02 1.425181748345494270e-03 1.050332933664321899e-02 5.369568988680839539e-02 1.122923195362091064e-02
1.590000000000000000e+03 1.178212114609777927e-03 1.045487262308597565e-02 1.178212114609777927e-03 1.045487262308597565e-02 5.354487895965576172e-02 1.116624474525451660e-02
1.600000000000000000e+03 1.047430443577468395e-03 1.033515203744173050e-02 1.047430443577468395e-03 1.033515203744173050e-02 5.327739939093589783e-02 1.105496194213628769e-02
1.610000000000000000e+03 9.808090981096029282e-04 1.025879289954900742e-02 9.808090981096029282e-04 1.025879289954900742e-02 5.308046191930770874e-02 1.097338553518056870e-02
1.620000000000000000e+03 2.028432441875338554e-03 1.021449733525514603e-02 2.028432441875338554e-03 1.021449733525514603e-02 5.296006426215171814e-02 1.092365849763154984e-02
1.630000000000000000e+03 1.113038393668830395e-03 1.008811220526695251e-02 1.113038393668830395e-03 1.008811220526695251e-02 5.266463011503219604e-02 1.080212648957967758e-02
1.640000000000000000e+03 9.535520803183317184e-04 1.002064533531665802e-02 9.535520803183317184e-04 1.002064533531665802e-02 5.249328911304473877e-02 1.073195319622755051e-02
1.650000000000000000e+03 9.336271323263645172e-04 9.931654669344425201e-03 9.336271323263645172e-04 9.931654669344425201e-03 5.229420214891433716e-02 1.065070182085037231e-02
1.660000000000000000e+03 9.309925953857600689e-04 9.838226251304149628e-03 9.309925953857600689e-04 9.838226251304149628e-03 5.207287520170211792e-02 1.056073885411024094e-02
1.670000000000000000e+03 1.103345071896910667e-03 9.742846712470054626e-03 1.103345071896910667e-03 9.742846712470054626e-03 5.184507742524147034e-02 1.046854257583618164e-02
1.680000000000000000e+03 2.239017980173230171e-03 9.656288661062717438e-03 2.239017980173230171e-03 9.656288661062717438e-03 5.166489630937576294e-02 1.039590500295162201e-02
1.690000000000000000e+03 1.350330887362360954e-03 9.627227671444416046e-03 1.350330887362360954e-03 9.627227671444416046e-03 5.150891840457916260e-02 1.033322699368000031e-02
1.700000000000000000e+03 1.068749465048313141e-03 9.491978213191032410e-03 1.068749465048313141e-03 9.491978213191032410e-03 5.120504647493362427e-02 1.021166983991861343e-02
1.710000000000000000e+03 8.806602563709020615e-04 9.417564608156681061e-03 8.806602563709020615e-04 9.417564608156681061e-03 5.101684480905532837e-02 1.013674400746822357e-02
1.720000000000000000e+03 8.687638328410685062e-04 9.335133247077465057e-03 8.687638328410685062e-04 9.335133247077465057e-03 5.081367120146751404e-02 1.005616504698991776e-02
1.730000000000000000e+03 1.079158857464790344e-03 9.262834675610065460e-03 1.079158857464790344e-03 9.262834675610065460e-03 5.062796175479888916e-02 9.982791729271411896e-03
1.740000000000000000e+03 8.623871253803372383e-04 9.157110005617141724e-03 8.623871253803372383e-04 9.157110005617141724e-03 5.037047713994979858e-02 9.881512261927127838e-03
1.750000000000000000e+03 1.594132045283913612e-03 9.053501300513744354e-03 1.594132045283913612e-03 9.053501300513744354e-03 5.013547465205192566e-02 9.789521805942058563e-03
1.760000000000000000e+03 8.616599370725452900e-04 9.006297215819358826e-03 8.616599370725452900e-04 9.006297215819358826e-03 4.999368637800216675e-02 9.734230116009712219e-03
1.770000000000000000e+03 8.914186619222164154e-04 8.917496539652347565e-03 8.914186619222164154e-04 8.917496539652347565e-03 4.976776242256164551e-02 9.646448306739330292e-03
1.780000000000000000e+03 8.435417548753321171e-04 8.832549676299095154e-03 8.435417548753321171e-04 8.832549676299095154e-03 4.954402521252632141e-02 9.559908881783485413e-03
1.790000000000000000e+03 8.482078555971384048e-04 8.730636909604072571e-03 8.482078555971384048e-04 8.730636909604072571e-03 4.929266497492790222e-02 9.463151916861534119e-03
1.800000000000000000e+03 8.416254422627389431e-04 8.641807362437248230e-03 8.416254422627389431e-04 8.641807362437248230e-03 4.905923083424568176e-02 9.373733773827552795e-03
1.810000000000000000e+03 7.814808632247149944e-04 8.555782027542591095e-03 7.814808632247149944e-04 8.555782027542591095e-03 4.882369935512542725e-02 9.283943101763725281e-03
1.820000000000000000e+03 7.799925515428185463e-04 8.470810018479824066e-03 7.799925515428185463e-04 8.470810018479824066e-03 4.859847202897071838e-02 9.198488667607307434e-03
1.830000000000000000e+03 9.010462090373039246e-04 8.389679715037345886e-03 9.010462090373039246e-04 8.389679715037345886e-03 4.837959259748458862e-02 9.115818887948989868e-03
1.840000000000000000e+03 4.520120564848184586e-03 8.396190591156482697e-03 4.520120564848184586e-03 8.396190591156482697e-03 4.837289452552795410e-02 9.113293141126632690e-03
1.850000000000000000e+03 9.818781400099396706e-04 8.237787522375583649e-03 9.818781400099396706e-04 8.237787522375583649e-03 4.797234013676643372e-02 8.962991647422313690e-03
1.860000000000000000e+03 1.117877312935888767e-03 8.126166649162769318e-03 1.117877312935888767e-03 8.126166649162769318e-03 4.769364371895790100e-02 8.859152905642986298e-03
1.870000000000000000e+03 7.503664819523692131e-04 8.046445436775684357e-03 7.503664819523692131e-04 8.046445436775684357e-03 4.747974500060081482e-02 8.779866620898246765e-03
1.880000000000000000e+03 7.367142243310809135e-04 7.972002960741519928e-03 7.367142243310809135e-04 7.972002960741519928e-03 4.726148396730422974e-02 8.699331432580947876e-03
1.890000000000000000e+03 7.027157116681337357e-04 7.873360067605972290e-03 7.027157116681337357e-04 7.873360067605972290e-03 4.700307548046112061e-02 8.604462258517742157e-03
1.900000000000000000e+03 6.942040054127573967e-04 7.786797825247049332e-03 6.942040054127573967e-04 7.786797825247049332e-03 4.676627740263938904e-02 8.517982438206672668e-03
1.910000000000000000e+03 6.853640079498291016e-04 7.698777597397565842e-03 6.853640079498291016e-04 7.698777597397565842e-03 4.652855545282363892e-02 8.431606926023960114e-03
1.920000000000000000e+03 7.779318839311599731e-04 7.603537291288375854e-03 7.779318839311599731e-04 7.603537291288375854e-03 4.628572240471839905e-02 8.343826979398727417e-03
1.930000000000000000e+03 6.928221555426716805e-04 7.520562969148159027e-03 6.928221555426716805e-04 7.520562969148159027e-03 4.604705050587654114e-02 8.258000016212463379e-03
1.940000000000000000e+03 9.577745804563164711e-04 7.424299605190753937e-03 9.577745804563164711e-04 7.424299605190753937e-03 4.579424113035202026e-02 8.167572319507598877e-03
1.950000000000000000e+03 1.669144490733742714e-03 7.401327602565288544e-03 1.669144490733742714e-03 7.401327602565288544e-03 4.580211639404296875e-02 8.170381188392639160e-03
1.960000000000000000e+03 1.506976201198995113e-03 7.315272931009531021e-03 1.506976201198995113e-03 7.315272931009531021e-03 4.551851004362106323e-02 8.069511502981185913e-03
1.970000000000000000e+03 8.000827510841190815e-04 7.212870288640260696e-03 8.000827510841190815e-04 7.212870288640260696e-03 4.522865265607833862e-02 7.967067882418632507e-03
1.980000000000000000e+03 6.255878834053874016e-04 7.137435954064130783e-03 6.255878834053874016e-04 7.137435954064130783e-03 4.498492926359176636e-02 7.881435565650463104e-03
1.990000000000000000e+03 6.916007841937243938e-04 7.058087736368179321e-03 6.916007841937243938e-04 7.058087736368179321e-03 4.473473131656646729e-02 7.794009521603584290e-03
2.000000000000000000e+03 6.284113042056560516e-04 6.958280690014362335e-03 6.284113042056560516e-04 6.958280690014362335e-03 4.445948824286460876e-02 7.698395289480686188e-03
2.010000000000000000e+03 6.128558889031410217e-04 6.883579771965742111e-03 6.128558889031410217e-04 6.883579771965742111e-03 4.423148557543754578e-02 7.619637064635753632e-03
2.020000000000000000e+03 5.969618796370923519e-04 6.797201465815305710e-03 5.969618796370923519e-04 6.797201465815305710e-03 4.398850724101066589e-02 7.536153309047222137e-03
2.030000000000000000e+03 5.962593131698668003e-04 6.720354314893484116e-03 5.962593131698668003e-04 6.720354314893484116e-03 4.376216232776641846e-02 7.458796724677085876e-03
2.040000000000000000e+03 8.116950630210340023e-04 6.650576833635568619e-03 8.116950630210340023e-04 6.650576833635568619e-03 4.354474321007728577e-02 7.384866010397672653e-03
2.050000000000000000e+03 3.127884119749069214e-03 6.655327510088682175e-03 3.127884119749069214e-03 6.655327510088682175e-03 4.354155808687210083e-02 7.383786141872406006e-03
2.060000000000000000e+03 6.505266646854579449e-04 6.521845236420631409e-03 6.505266646854579449e-04 6.521845236420631409e-03 4.320317134261131287e-02 7.269464898854494095e-03
2.070000000000000000e+03 7.210872718133032322e-04 6.422171834856271744e-03 7.210872718133032322e-04 6.422171834856271744e-03 4.292128980159759521e-02 7.174913305789232254e-03
2.080000000000000000e+03 5.927234306000173092e-04 6.361860781908035278e-03 5.927234306000173092e-04 6.361860781908035278e-03 4.270147532224655151e-02 7.101613562554121017e-03
2.090000000000000000e+03 5.492991185747087002e-04 6.281204521656036377e-03 5.492991185747087002e-04 6.281204521656036377e-03 4.245878756046295166e-02 7.021120283752679825e-03
2.100000000000000000e+03 5.541102727875113487e-04 6.208045873790979385e-03 5.541102727875113487e-04 6.208045873790979385e-03 4.222520440816879272e-02 6.944079417735338211e-03
2.110000000000000000e+03 1.244586193934082985e-03 6.159889511764049530e-03 1.244586193934082985e-03 6.159889511764049530e-03 4.204912483692169189e-02 6.886286195367574692e-03
2.120000000000000000e+03 5.643588956445455551e-04 6.100496742874383926e-03 5.643588956445455551e-04 6.100496742874383926e-03 4.189123585820198059e-02 6.834669504314661026e-03
2.130000000000000000e+03 5.804467946290969849e-04 6.030507385730743408e-03 5.804467946290969849e-04 6.030507385730743408e-03 4.166825860738754272e-02 6.762105040252208710e-03
2.140000000000000000e+03 5.222734180279076099e-04 5.947267170995473862e-03 5.222734180279076099e-04 5.947267170995473862e-03 4.143098369240760803e-02 6.685311440378427505e-03
2.150000000000000000e+03 5.292783607728779316e-04 5.880358163267374039e-03 5.292783607728779316e-04 5.880358163267374039e-03 4.121519625186920166e-02 6.615854799747467041e-03
2.160000000000000000e+03 6.508672959171235561e-04 5.822933278977870941e-03 6.508672959171235561e-04 5.822933278977870941e-03 4.101517051458358765e-02 6.551794707775115967e-03
2.170000000000000000e+03 6.913759279996156693e-04 5.758923012763261795e-03 6.913759279996156693e-04 5.758923012763261795e-03 4.080304503440856934e-02 6.484199780970811844e-03
2.180000000000000000e+03 3.109198063611984253e-03 5.766201298683881760e-03 3.109198063611984253e-03 5.766201298683881760e-03 4.079540073871612549e-02 6.481770426034927368e-03
2.190000000000000000e+03 8.276071748696267605e-04 5.652007646858692169e-03 8.276071748696267605e-04 5.652007646858692169e-03 4.051352292299270630e-02 6.392506882548332214e-03
2.200000000000000000e+03 5.139312706887722015e-04 5.584082100540399551e-03 5.139312706887722015e-04 5.584082100540399551e-03 4.028922319412231445e-02 6.321920547634363174e-03
2.210000000000000000e+03 5.715572042390704155e-04 5.537330638617277145e-03 5.715572042390704155e-04 5.537330638617277145e-03 4.009715840220451355e-02 6.261787377297878265e-03
2.220000000000000000e+03 4.884598311036825180e-04 5.470687989145517349e-03 4.884598311036825180e-04 5.470687989145517349e-03 3.988586366176605225e-02 6.195968948304653168e-03
2.230000000000000000e+03 5.900120595470070839e-04 5.408717785030603409e-03 5.900120595470070839e-04 5.408717785030603409e-03 3.969604521989822388e-02 6.137135438621044159e-03
2.240000000000000000e+03 1.190547598525881767e-03 5.350661929696798325e-03 1.190547598525881767e-03 5.350661929696798325e-03 3.952730447053909302e-02 6.085070315748453140e-03
2.250000000000000000e+03 6.514716660603880882e-04 5.324712954461574554e-03 6.514716660603880882e-04 5.324712954461574554e-03 3.942371904850006104e-02 6.053219549357891083e-03
2.260000000000000000e+03 4.903342924080789089e-04 5.273033399134874344e-03 4.903342924080789089e-04 5.273033399134874344e-03 3.923458233475685120e-02 5.995277315378189087e-03
2.270000000000000000e+03 4.660619015339761972e-04 5.219185259193181992e-03 4.660619015339761972e-04 5.219185259193181992e-03 3.904181346297264099e-02 5.936509929597377777e-03
2.280000000000000000e+03 6.070758099667727947e-04 5.178485065698623657e-03 6.070758099667727947e-04 5.178485065698623657e-03 3.887240961194038391e-02 5.885104183107614517e-03
2.290000000000000000e+03 7.308297790586948395e-04 5.131196230649948120e-03 7.308297790586948395e-04 5.131196230649948120e-03 3.870303556323051453e-02 5.833930801600217819e-03
2.300000000000000000e+03 1.674597617238759995e-03 5.114205181598663330e-03 1.674597617238759995e-03 5.114205181598663330e-03 3.862309828400611877e-02 5.809857510030269623e-03
2.310000000000000000e+03 7.324807811528444290e-04 5.027340259402990341e-03 7.324807811528444290e-04 5.027340259402990341e-03 3.838922828435897827e-02 5.739711225032806396e-03
2.320000000000000000e+03 4.518313216976821423e-04 4.983339458703994751e-03 4.518313216976821423e-04 4.983339458703994751e-03 3.821758180856704712e-02 5.688498262315988541e-03
2.330000000000000000e+03 4.921706276945769787e-04 4.947028122842311859e-03 4.921706276945769787e-04 4.947028122842311859e-03 3.806800022721290588e-02 5.644056480377912521e-03
2.340000000000000000e+03 2.064384985715150833e-03 4.935170989483594894e-03 2.064384985715150833e-03 4.935170989483594894e-03 3.797902539372444153e-02 5.617703776806592941e-03
2.350000000000000000e+03 1.708839321509003639e-03 4.866857547312974930e-03 1.708839321509003639e-03 4.866857547312974930e-03 3.782460838556289673e-02 5.572114605456590652e-03
2.360000000000000000e+03 4.413979768287390471e-04 4.840679001063108444e-03 4.413979768287390471e-04 4.840679001063108444e-03 3.769144043326377869e-02 5.532949697226285934e-03
2.370000000000000000e+03 6.196735193952918053e-04 4.811674356460571289e-03 6.196735193952918053e-04 4.811674356460571289e-03 3.756123408675193787e-02 5.494787357747554779e-03
2.380000000000000000e+03 4.327300121076405048e-04 4.758629947900772095e-03 4.327300121076405048e-04 4.758629947900772095e-03 3.739699348807334900e-02 5.446839146316051483e-03
2.390000000000000000e+03 6.199764902703464031e-04 4.728081170469522476e-03 6.199764902703464031e-04 4.728081170469522476e-03 3.726238384842872620e-02 5.407698452472686768e-03
2.400000000000000000e+03 4.404952342156320810e-04 4.676111973822116852e-03 4.404952342156320810e-04 4.676111973822116852e-03 3.709068521857261658e-02 5.357978399842977524e-03
2.410000000000000000e+03 5.989865749143064022e-04 4.632329102605581284e-03 5.989865749143064022e-04 4.632329102605581284e-03 3.694378212094306946e-02 5.315619986504316330e-03
2.420000000000000000e+03 2.243759576231241226e-03 4.607465583831071854e-03 2.243759576231241226e-03 4.607465583831071854e-03 3.692974150180816650e-02 5.311578977853059769e-03
2.430000000000000000e+03 7.183296256698668003e-04 4.607365000993013382e-03 7.183296256698668003e-04 4.607365000993013382e-03 3.680752217769622803e-02 5.276480689644813538e-03
2.440000000000000000e+03 5.546023603528738022e-04 4.542511422187089920e-03 5.546023603528738022e-04 4.542511422187089920e-03 3.663298487663269043e-02 5.226558540016412735e-03
2.450000000000000000e+03 4.789541126228868961e-04 4.520551767200231552e-03 4.789541126228868961e-04 4.520551767200231552e-03 3.649059310555458069e-02 5.186005495488643646e-03
2.460000000000000000e+03 4.718655836768448353e-04 4.481541458517313004e-03 4.718655836768448353e-04 4.481541458517313004e-03 3.633950650691986084e-02 5.143150221556425095e-03
2.470000000000000000e+03 1.806031446903944016e-03 4.472840577363967896e-03 1.806031446903944016e-03 4.472840577363967896e-03 3.625607490539550781e-02 5.119562149047851562e-03
2.480000000000000000e+03 1.362224342301487923e-03 4.420312121510505676e-03 1.362224342301487923e-03 4.420312121510505676e-03 3.614169731736183167e-02 5.087311379611492157e-03
2.490000000000000000e+03 4.141187528148293495e-04 4.402995575219392776e-03 4.141187528148293495e-04 4.402995575219392776e-03 3.603971004486083984e-02 5.058641079813241959e-03
2.500000000000000000e+03 5.548570770770311356e-04 4.381048958748579025e-03 5.548570770770311356e-04 4.381048958748579025e-03 3.592474386096000671e-02 5.026418715715408325e-03
