# step, loss_train, loss_test, metrics_test
0.000000000000000000e+00 1.450132846832275391e+01 2.052789181470870972e-01 1.041860058903694153e-01 1.421010589599609375e+01 2.052789181470870972e-01 1.041860058903694153e-01 9.000104665756225586e-01 8.127629011869430542e-02
0.000000000000000000e+00 1.419747257232666016e+01 2.052789181470870972e-01 1.041860058903694153e-01 1.393193817138671875e+01 2.052789181470870972e-01 1.041860058903694153e-01 9.000104665756225586e-01 8.127629011869430542e-02
1.000000000000000000e+01 7.349010467529296875e+00 3.688095211982727051e-01 1.398957520723342896e-01 7.164832592010498047e+00 3.688095211982727051e-01 1.398957520723342896e-01 1.190712809562683105e+00 1.422600299119949341e-01
2.000000000000000000e+01 4.221067905426025391e+00 7.040478587150573730e-01 2.888154983520507812e-01 4.767179965972900391e+00 7.040478587150573730e-01 2.888154983520507812e-01 1.657196760177612305e+00 2.755604982376098633e-01
3.000000000000000000e+01 2.843669414520263672e+00 8.944568037986755371e-01 3.909958302974700928e-01 4.927088737487792969e+00 8.944568037986755371e-01 3.909958302974700928e-01 1.872222781181335449e+00 3.517093062400817871e-01
4.000000000000000000e+01 2.489703655242919922e+00 8.894416689872741699e-01 3.795902729034423828e-01 4.590625286102294922e+00 8.894416689872741699e-01 3.795902729034423828e-01 1.875478267669677734e+00 3.529334664344787598e-01
5.000000000000000000e+01 2.192361354827880859e+00 9.485128521919250488e-01 4.040497243404388428e-01 5.699231147766113281e+00 9.485128521919250488e-01 4.040497243404388428e-01 1.957534790039062500e+00 3.844924271106719971e-01
6.000000000000000000e+01 2.057215690612792969e+00 9.416597485542297363e-01 3.968191444873809814e-01 6.198406696319580078e+00 9.416597485542297363e-01 3.968191444873809814e-01 1.971079707145690918e+00 3.898316919803619385e-01
7.000000000000000000e+01 1.924468040466308594e+00 9.435400962829589844e-01 3.957110345363616943e-01 7.191208362579345703e+00 9.435400962829589844e-01 3.957110345363616943e-01 1.997758388519287109e+00 4.004560410976409912e-01
8.000000000000000000e+01 1.817135334014892578e+00 9.398208856582641602e-01 3.926310241222381592e-01 8.305006027221679688e+00 9.398208856582641602e-01 3.926310241222381592e-01 2.015211582183837891e+00 4.074836075305938721e-01
9.000000000000000000e+01 1.723791718482971191e+00 9.319956898689270020e-01 3.879814743995666504e-01 9.552514076232910156e+00 9.319956898689270020e-01 3.879814743995666504e-01 2.024205207824707031e+00 4.111287593841552734e-01
1.000000000000000000e+02 1.634613513946533203e+00 9.254850745201110840e-01 3.849283456802368164e-01 1.110240077972412109e+01 9.254850745201110840e-01 3.849283456802368164e-01 2.032291650772094727e+00 4.144202172756195068e-01
1.100000000000000000e+02 1.550862312316894531e+00 9.170743227005004883e-01 3.826478719711303711e-01 1.280622768402099609e+01 9.170743227005004883e-01 3.826478719711303711e-01 2.036662817001342773e+00 4.162047803401947021e-01
1.200000000000000000e+02 1.467472910881042480e+00 9.081358909606933594e-01 3.807529509067535400e-01 1.452696228027343750e+01 9.081358909606933594e-01 3.807529509067535400e-01 2.038568735122680664e+00 4.169841706752777100e-01
1.300000000000000000e+02 1.383902907371520996e+00 8.966261148452758789e-01 3.780915737152099609e-01 1.585653400421142578e+01 8.966261148452758789e-01 3.780915737152099609e-01 2.035976171493530273e+00 4.159242212772369385e-01
1.400000000000000000e+02 1.293890476226806641e+00 8.831227421760559082e-01 3.750048875808715820e-01 1.642778778076171875e+01 8.831227421760559082e-01 3.750048875808715820e-01 2.030104637145996094e+00 4.135286808013916016e-01
1.500000000000000000e+02 1.190726637840270996e+00 8.677905201911926270e-01 3.716544806957244873e-01 1.602560615539550781e+01 8.677905201911926270e-01 3.716544806957244873e-01 2.021782636642456055e+00 4.101453423500061035e-01
1.600000000000000000e+02 1.068242788314819336e+00 8.508551716804504395e-01 3.683499395847320557e-01 1.470087051391601562e+01 8.508551716804504395e-01 3.683499395847320557e-01 2.012548208236694336e+00 4.064072668552398682e-01
1.700000000000000000e+02 9.292525053024291992e-01 8.313960433006286621e-01 3.644533753395080566e-01 1.267921924591064453e+01 8.313960433006286621e-01 3.644533753395080566e-01 2.002429008483886719e+00 4.023306369781494141e-01
1.800000000000000000e+02 7.930797934532165527e-01 8.061820864677429199e-01 3.577092289924621582e-01 1.034322929382324219e+01 8.061820864677429199e-01 3.577092289924621582e-01 1.987639188766479492e+00 3.964093923568725586e-01
1.900000000000000000e+02 6.891193389892578125e-01 7.733597159385681152e-01 3.455093204975128174e-01 8.126703262329101562e+00 7.733597159385681152e-01 3.455093204975128174e-01 1.962281107902526855e+00 3.863591849803924561e-01
2.000000000000000000e+02 6.214803457260131836e-01 7.364094257354736328e-01 3.268469274044036865e-01 6.626683235168457031e+00 7.364094257354736328e-01 3.268469274044036865e-01 1.922893285751342773e+00 3.710045218467712402e-01
2.100000000000000000e+02 5.670183897018432617e-01 6.983230710029602051e-01 3.071247041225433350e-01 6.238114356994628906e+00 6.983230710029602051e-01 3.071247041225433350e-01 1.873077750205993652e+00 3.520305752754211426e-01
2.200000000000000000e+02 5.198382139205932617e-01 6.583079695701599121e-01 2.909051477909088135e-01 6.410732269287109375e+00 6.583079695701599121e-01 2.909051477909088135e-01 1.820060729980468750e+00 3.323844075202941895e-01
2.300000000000000000e+02 4.777093529701232910e-01 6.183995008468627930e-01 2.760975658893585205e-01 6.657110214233398438e+00 6.183995008468627930e-01 2.760975658893585205e-01 1.767525792121887207e+00 3.134731054306030273e-01
2.400000000000000000e+02 4.398136436939239502e-01 5.819262862205505371e-01 2.606855332851409912e-01 6.977585792541503906e+00 5.819262862205505371e-01 2.606855332851409912e-01 1.716273188591003418e+00 2.955572903156280518e-01
2.500000000000000000e+02 4.041135311126708984e-01 5.480845570564270020e-01 2.467809170484542847e-01 7.388260364532470703e+00 5.480845570564270020e-01 2.467809170484542847e-01 1.667737841606140137e+00 2.790772020816802979e-01
2.600000000000000000e+02 3.707662522792816162e-01 5.158544182777404785e-01 2.339624911546707153e-01 7.885144710540771484e+00 5.158544182777404785e-01 2.339624911546707153e-01 1.621370673179626465e+00 2.637748718261718750e-01
2.700000000000000000e+02 3.424316644668579102e-01 4.832603037357330322e-01 2.206382751464843750e-01 8.635893821716308594e+00 4.832603037357330322e-01 2.206382751464843750e-01 1.573863267898559570e+00 2.485437393188476562e-01
2.800000000000000000e+02 3.186807036399841309e-01 4.488867223262786865e-01 2.067297250032424927e-01 9.820677757263183594e+00 4.488867223262786865e-01 2.067297250032424927e-01 1.523545861244201660e+00 2.329055964946746826e-01
2.900000000000000000e+02 2.991293072700500488e-01 4.122632145881652832e-01 1.917174160480499268e-01 1.180445194244384766e+01 4.122632145881652832e-01 1.917174160480499268e-01 1.468924403190612793e+00 2.165049016475677490e-01
3.000000000000000000e+02 2.854262590408325195e-01 3.709968924522399902e-01 1.745303422212600708e-01 1.561102008819580078e+01 3.709968924522399902e-01 1.745303422212600708e-01 1.405177950859069824e+00 1.981214284896850586e-01
3.100000000000000000e+02 2.775285840034484863e-01 3.247574269771575928e-01 1.549154818058013916e-01 2.315896606445312500e+01 3.247574269771575928e-01 1.549154818058013916e-01 1.330106973648071289e+00 1.775178313255310059e-01
3.200000000000000000e+02 2.740732431411743164e-01 2.755683362483978271e-01 1.339782774448394775e-01 3.702826309204101562e+01 2.755683362483978271e-01 1.339782774448394775e-01 1.245022296905517578e+00 1.555331945419311523e-01
3.300000000000000000e+02 2.703394889831542969e-01 2.290614396333694458e-01 1.140416488051414490e-01 5.825703430175781250e+01 2.290614396333694458e-01 1.140416488051414490e-01 1.158562660217285156e+00 1.346814781427383423e-01
3.400000000000000000e+02 2.630137205123901367e-01 1.887238770723342896e-01 9.660061448812484741e-02 8.486849212646484375e+01 1.887238770723342896e-01 9.660061448812484741e-02 1.077536463737487793e+00 1.165018454194068909e-01
3.500000000000000000e+02 2.524165213108062744e-01 1.540912538766860962e-01 8.192735165357589722e-02 1.144372329711914062e+02 1.540912538766860962e-01 8.192735165357589722e-02 1.002552270889282227e+00 1.008516326546669006e-01
3.600000000000000000e+02 2.401500791311264038e-01 1.241022348403930664e-01 6.957707554101943970e-02 1.466765747070312500e+02 1.241022348403930664e-01 6.957707554101943970e-02 9.326308965682983398e-01 8.727469295263290405e-02
3.700000000000000000e+02 2.267219126224517822e-01 9.871527552604675293e-02 5.953868478536605835e-02 1.824258728027343750e+02 9.871527552604675293e-02 5.953868478536605835e-02 8.691127300262451172e-01 7.579158991575241089e-02
3.800000000000000000e+02 2.126340121030807495e-01 7.797665894031524658e-02 5.153440311551094055e-02 2.228116302490234375e+02 7.797665894031524658e-02 5.153440311551094055e-02 8.135463595390319824e-01 6.640999019145965576e-02
3.900000000000000000e+02 1.979004889726638794e-01 6.206628307700157166e-02 4.545334726572036743e-02 2.658825378417968750e+02 6.206628307700157166e-02 4.545334726572036743e-02 7.680355310440063477e-01 5.918770283460617065e-02
4.000000000000000000e+02 1.832420527935028076e-01 5.023116990923881531e-02 4.076956585049629211e-02 3.074029541015625000e+02 5.023116990923881531e-02 4.076956585049629211e-02 7.315142750740051270e-01 5.369260162115097046e-02
4.100000000000000000e+02 1.693191081285476685e-01 4.151481389999389648e-02 3.718174621462821960e-02 3.434792785644531250e+02 4.151481389999389648e-02 3.718174621462821960e-02 7.025381922721862793e-01 4.952320083975791931e-02
4.200000000000000000e+02 1.564591377973556519e-01 3.506964817643165588e-02 3.432061523199081421e-02 3.720210876464843750e+02 3.506964817643165588e-02 3.432061523199081421e-02 6.787554025650024414e-01 4.622697457671165466e-02
4.300000000000000000e+02 1.449026614427566528e-01 3.021951951086521149e-02 3.198469802737236023e-02 3.934236145019531250e+02 3.021951951086521149e-02 3.198469802737236023e-02 6.589334607124328613e-01 4.356643557548522949e-02
4.400000000000000000e+02 1.344992816448211670e-01 2.655452489852905273e-02 3.006495162844657898e-02 4.086358032226562500e+02 2.655452489852905273e-02 3.006495162844657898e-02 6.424492597579956055e-01 4.141393676400184631e-02
4.500000000000000000e+02 1.253097206354141235e-01 2.368424646556377411e-02 2.840871922671794891e-02 4.187594299316406250e+02 2.368424646556377411e-02 2.840871922671794891e-02 6.280080080032348633e-01 3.957301750779151917e-02
4.600000000000000000e+02 1.171628907322883606e-01 2.135343290865421295e-02 2.694577910006046295e-02 4.251810913085937500e+02 2.135343290865421295e-02 2.694577910006046295e-02 6.150866746902465820e-01 3.796133771538734436e-02
4.700000000000000000e+02 1.098820194602012634e-01 1.941916532814502716e-02 2.565444074571132660e-02 4.287880249023437500e+02 1.941916532814502716e-02 2.565444074571132660e-02 6.035112142562866211e-01 3.654596954584121704e-02
4.800000000000000000e+02 1.033505797386169434e-01 1.786631532013416290e-02 2.451713383197784424e-02 4.299731140136718750e+02 1.786631532013416290e-02 2.451713383197784424e-02 5.933654308319091797e-01 3.532752767205238342e-02
4.900000000000000000e+02 9.756879508495330811e-02 1.649095676839351654e-02 2.347000688314437866e-02 4.297228393554687500e+02 1.649095676839351654e-02 2.347000688314437866e-02 5.837236046791076660e-01 3.418876230716705322e-02
5.000000000000000000e+02 9.222983568906784058e-02 1.538064517080783844e-02 2.257877215743064880e-02 4.281326293945312500e+02 1.538064517080783844e-02 2.257877215743064880e-02 5.757349133491516113e-01 3.325936198234558105e-02
5.100000000000000000e+02 8.735276758670806885e-02 1.438436843454837799e-02 2.178260497748851776e-02 4.256748352050781250e+02 1.438436843454837799e-02 2.178260497748851776e-02 5.682681798934936523e-01 3.240227326750755310e-02
5.200000000000000000e+02 8.312416076660156250e-02 1.349035371094942093e-02 2.111561410129070282e-02 4.227678222656250000e+02 1.349035371094942093e-02 2.111561410129070282e-02 5.616828203201293945e-01 3.165563195943832397e-02
5.300000000000000000e+02 7.909364998340606689e-02 1.273598521947860718e-02 2.034595049917697906e-02 4.194835205078125000e+02 1.273598521947860718e-02 2.034595049917697906e-02 5.545635819435119629e-01 3.085826523602008820e-02
5.400000000000000000e+02 7.588291913270950317e-02 1.215254608541727066e-02 1.948326453566551208e-02 4.159095764160156250e+02 1.215254608541727066e-02 1.948326453566551208e-02 5.467801094055175781e-01 2.999813109636306763e-02
5.500000000000000000e+02 7.209124416112899780e-02 1.148991752415895462e-02 1.913201250135898590e-02 4.118381347656250000e+02 1.148991752415895462e-02 1.913201250135898590e-02 5.428125858306884766e-01 2.956436760723590851e-02
5.600000000000000000e+02 6.955249607563018799e-02 1.092717703431844711e-02 1.871808059513568878e-02 4.079844360351562500e+02 1.092717703431844711e-02 1.871808059513568878e-02 5.381649136543273926e-01 2.906026504933834076e-02
5.700000000000000000e+02 6.631765514612197876e-02 1.052502449601888657e-02 1.797877810895442963e-02 4.038510131835937500e+02 1.052502449601888657e-02 1.797877810895442963e-02 5.316626429557800293e-01 2.836227603256702423e-02
5.800000000000000000e+02 6.361101567745208740e-02 1.006816513836383820e-02 1.755560189485549927e-02 3.998105163574218750e+02 1.006816513836383820e-02 1.755560189485549927e-02 5.272561907768249512e-01 2.789409086108207703e-02
5.900000000000000000e+02 6.132378056645393372e-02 9.612961672246456146e-03 1.724125072360038757e-02 3.954757690429687500e+02 9.612961672246456146e-03 1.724125072360038757e-02 5.235192775726318359e-01 2.750009112060070038e-02
6.000000000000000000e+02 5.910461023449897766e-02 9.273489005863666534e-03 1.690281927585601807e-02 3.910280151367187500e+02 9.273489005863666534e-03 1.690281927585601807e-02 5.199028849601745605e-01 2.712147310376167297e-02
6.100000000000000000e+02 5.669753253459930420e-02 8.981880731880664825e-03 1.641647145152091980e-02 3.871361999511718750e+02 8.981880731880664825e-03 1.641647145152091980e-02 5.152857303619384766e-01 2.664189599454402924e-02
6.200000000000000000e+02 5.485503375530242920e-02 8.647505193948745728e-03 1.596940867602825165e-02 3.831673278808593750e+02 8.647505193948745728e-03 1.596940867602825165e-02 5.102960467338562012e-01 2.612842246890068054e-02
6.300000000000000000e+02 5.304279178380966187e-02 8.364042267203330994e-03 1.560736820101737976e-02 3.790967102050781250e+02 8.364042267203330994e-03 1.560736820101737976e-02 5.063036680221557617e-01 2.572118490934371948e-02
6.400000000000000000e+02 5.118668079376220703e-02 8.096880279481410980e-03 1.535763964056968689e-02 3.746320495605468750e+02 8.096880279481410980e-03 1.535763964056968689e-02 5.036345124244689941e-01 2.545070275664329529e-02
6.500000000000000000e+02 4.972866550087928772e-02 7.826136425137519836e-03 1.493452768772840500e-02 3.706729125976562500e+02 7.826136425137519836e-03 1.493452768772840500e-02 4.987615346908569336e-01 2.496058493852615356e-02
6.600000000000000000e+02 5.433711409568786621e-02 8.423645980656147003e-03 1.458828523755073547e-02 3.664643554687500000e+02 8.423645980656147003e-03 1.458828523755073547e-02 4.951058328151702881e-01 2.459602616727352142e-02
6.700000000000000000e+02 4.832993820309638977e-02 7.661165203899145126e-03 1.428906805813312531e-02 3.640314025878906250e+02 7.661165203899145126e-03 1.428906805813312531e-02 4.916702210903167725e-01 2.425585873425006866e-02
6.800000000000000000e+02 4.594499245285987854e-02 7.352657150477170944e-03 1.414146833121776581e-02 3.600036621093750000e+02 7.352657150477170944e-03 1.414146833121776581e-02 4.900688230991363525e-01 2.409810200333595276e-02
6.900000000000000000e+02 4.411913454532623291e-02 7.036766503006219864e-03 1.388880796730518341e-02 3.569248657226562500e+02 7.036766503006219864e-03 1.388880796730518341e-02 4.868251979351043701e-01 2.378016710281372070e-02
7.000000000000000000e+02 4.274015873670578003e-02 6.844672840088605881e-03 1.372825913131237030e-02 3.527629394531250000e+02 6.844672840088605881e-03 1.372825913131237030e-02 4.849784970283508301e-01 2.360009960830211639e-02
7.100000000000000000e+02 4.158598557114601135e-02 6.665070541203022003e-03 1.348726637661457062e-02 3.491490478515625000e+02 6.665070541203022003e-03 1.348726637661457062e-02 4.820002615451812744e-01 2.331113070249557495e-02
7.200000000000000000e+02 4.051581397652626038e-02 6.499568466097116470e-03 1.323473732918500900e-02 3.457212219238281250e+02 6.499568466097116470e-03 1.323473732918500900e-02 4.791381359100341797e-01 2.303510718047618866e-02
7.300000000000000000e+02 3.946228325366973877e-02 6.336237769573926926e-03 1.301790215075016022e-02 3.419748229980468750e+02 6.336237769573926926e-03 1.301790215075016022e-02 4.764369130134582520e-01 2.277611568570137024e-02
7.400000000000000000e+02 3.839596733450889587e-02 6.174592766910791397e-03 1.284249220043420792e-02 3.382474365234375000e+02 6.174592766910791397e-03 1.284249220043420792e-02 4.742145538330078125e-01 2.256412804126739502e-02
7.500000000000000000e+02 3.748799487948417664e-02 6.024154368788003922e-03 1.259801536798477173e-02 3.351529235839843750e+02 6.024154368788003922e-03 1.259801536798477173e-02 4.712279438972473145e-01 2.228080481290817261e-02
7.600000000000000000e+02 3.650553897023200989e-02 5.891089327633380890e-03 1.242163125425577164e-02 3.314879760742187500e+02 5.891089327633380890e-03 1.242163125425577164e-02 4.691613316535949707e-01 2.208580449223518372e-02
7.700000000000000000e+02 3.560803458094596863e-02 5.753742530941963196e-03 1.222246326506137848e-02 3.280697326660156250e+02 5.753742530941963196e-03 1.222246326506137848e-02 4.665860235691070557e-01 2.184400334954261780e-02
7.800000000000000000e+02 3.479696065187454224e-02 5.609654821455478668e-03 1.207344140857458115e-02 3.247553100585937500e+02 5.609654821455478668e-03 1.207344140857458115e-02 4.646683633327484131e-01 2.166481688618659973e-02
7.900000000000000000e+02 3.631465137004852295e-02 5.658857058733701706e-03 1.221698801964521408e-02 3.213316650390625000e+02 5.658857058733701706e-03 1.221698801964521408e-02 4.654652774333953857e-01 2.173919230699539185e-02
8.000000000000000000e+02 3.465015441179275513e-02 5.610486026853322983e-03 1.155458763241767883e-02 3.192658996582031250e+02 5.610486026853322983e-03 1.155458763241767883e-02 4.580435454845428467e-01 2.105146832764148712e-02
8.100000000000000000e+02 3.236322477459907532e-02 5.274885799735784531e-03 1.151136308908462524e-02 3.161710205078125000e+02 5.274885799735784531e-03 1.151136308908462524e-02 4.575299024581909180e-01 2.100427635014057159e-02
8.200000000000000000e+02 3.184896707534790039e-02 5.150811281055212021e-03 1.138941291719675064e-02 3.134107971191406250e+02 5.150811281055212021e-03 1.138941291719675064e-02 4.556325972080230713e-01 2.083043940365314484e-02
8.300000000000000000e+02 3.099686466157436371e-02 5.075626540929079056e-03 1.116211246699094772e-02 3.103249511718750000e+02 5.075626540929079056e-03 1.116211246699094772e-02 4.528224766254425049e-01 2.057428844273090363e-02
8.400000000000000000e+02 3.025768138468265533e-02 4.949408583343029022e-03 1.104474160820245743e-02 3.072880554199218750e+02 4.949408583343029022e-03 1.104474160820245743e-02 4.512826204299926758e-01 2.043459564447402954e-02
8.500000000000000000e+02 2.962074987590312958e-02 4.861416295170783997e-03 1.087441761046648026e-02 3.045446166992187500e+02 4.861416295170783997e-03 1.087441761046648026e-02 4.491565525531768799e-01 2.024250663816928864e-02
8.600000000000000000e+02 2.902700006961822510e-02 4.745194222778081894e-03 1.074480358511209488e-02 3.017969665527343750e+02 4.745194222778081894e-03 1.074480358511209488e-02 4.472689628601074219e-01 2.007272467017173767e-02
8.700000000000000000e+02 2.841659262776374817e-02 4.651868250221014023e-03 1.057845540344715118e-02 2.990419616699218750e+02 4.651868250221014023e-03 1.057845540344715118e-02 4.448850750923156738e-01 1.985932327806949615e-02
8.800000000000000000e+02 2.787907421588897705e-02 4.562927875667810440e-03 1.052432600408792496e-02 2.961274414062500000e+02 4.562927875667810440e-03 1.052432600408792496e-02 4.442342519760131836e-01 1.980126462876796722e-02
8.900000000000000000e+02 3.175701573491096497e-02 4.860207904130220413e-03 1.089388411492109299e-02 2.932818298339843750e+02 4.860207904130220413e-03 1.089388411492109299e-02 4.475235342979431152e-01 2.009558118879795074e-02
9.000000000000000000e+02 2.700001932680606842e-02 4.491637926548719406e-03 1.016297284513711929e-02 2.918955688476562500e+02 4.491637926548719406e-03 1.016297284513711929e-02 4.395405650138854980e-01 1.938504539430141449e-02
9.100000000000000000e+02 2.662472240626811981e-02 4.439262207597494125e-03 1.000292878597974777e-02 2.894695739746093750e+02 4.439262207597494125e-03 1.000292878597974777e-02 4.373213052749633789e-01 1.918978616595268250e-02
9.200000000000000000e+02 2.570772729814052582e-02 4.248410928994417191e-03 9.865019470453262329e-03 2.876481628417968750e+02 4.248410928994417191e-03 9.865019470453262329e-03 4.349546134471893311e-01 1.898264326155185699e-02
9.300000000000000000e+02 2.527958154678344727e-02 4.164639394730329514e-03 9.777622297406196594e-03 2.850162353515625000e+02 4.164639394730329514e-03 9.777622297406196594e-03 4.335443377494812012e-01 1.885974593460559845e-02
9.400000000000000000e+02 2.469183877110481262e-02 4.112530034035444260e-03 9.637677110731601715e-03 2.826721496582031250e+02 4.112530034035444260e-03 9.637677110731601715e-03 4.318626523017883301e-01 1.871372014284133911e-02
9.500000000000000000e+02 2.420205995440483093e-02 4.031624644994735718e-03 9.532876312732696533e-03 2.803665771484375000e+02 4.031624644994735718e-03 9.532876312732696533e-03 4.303123354911804199e-01 1.857959851622581482e-02
9.600000000000000000e+02 2.374956011772155762e-02 3.960048779845237732e-03 9.415582753717899323e-03 2.779448852539062500e+02 3.960048779845237732e-03 9.415582753717899323e-03 4.285514354705810547e-01 1.842785067856311798e-02
9.700000000000000000e+02 2.334723062813282013e-02 3.885627491399645805e-03 9.288656525313854218e-03 2.758897399902343750e+02 3.885627491399645805e-03 9.288656525313854218e-03 4.266284406185150146e-01 1.826284453272819519e-02
9.800000000000000000e+02 2.300605922937393188e-02 3.843727055937051773e-03 9.107140824198722839e-03 2.738794860839843750e+02 3.843727055937051773e-03 9.107140824198722839e-03 4.239437580108642578e-01 1.803371682763099670e-02
9.900000000000000000e+02 2.300074882805347443e-02 3.865042468532919884e-03 9.010115638375282288e-03 2.715326843261718750e+02 3.865042468532919884e-03 9.010115638375282288e-03 4.228230416774749756e-01 1.793849840760231018e-02
1.000000000000000000e+03 2.381647191941738129e-02 3.925216849893331528e-03 8.830822072923183441e-03 2.697963256835937500e+02 3.925216849893331528e-03 8.830822072923183441e-03 4.196917116641998291e-01 1.767378859221935272e-02
1.010000000000000000e+03 2.231321483850479126e-02 3.664527786895632744e-03 9.004233404994010925e-03 2.676247863769531250e+02 3.664527786895632744e-03 9.004233404994010925e-03 4.219257235527038574e-01 1.786243915557861328e-02
1.020000000000000000e+03 2.167102135717868805e-02 3.653641557320952415e-03 8.679115213453769684e-03 2.658970947265625000e+02 3.653641557320952415e-03 8.679115213453769684e-03 4.175734221935272217e-01 1.749582774937152863e-02
1.030000000000000000e+03 2.110045962035655975e-02 3.522226586937904358e-03 8.666985668241977692e-03 2.638945617675781250e+02 3.522226586937904358e-03 8.666985668241977692e-03 4.168983399868011475e-01 1.743930391967296600e-02
1.040000000000000000e+03 2.059262059628963470e-02 3.486774163320660591e-03 8.558345027267932892e-03 2.618697204589843750e+02 3.486774163320660591e-03 8.558345027267932892e-03 4.157148599624633789e-01 1.734043285250663757e-02
1.050000000000000000e+03 2.038723789155483246e-02 3.426081035286188126e-03 8.377190679311752319e-03 2.603169555664062500e+02 3.426081035286188126e-03 8.377190679311752319e-03 4.124837815761566162e-01 1.707192882895469666e-02
1.060000000000000000e+03 1.999976672232151031e-02 3.367351833730936050e-03 8.289027959108352661e-03 2.585607299804687500e+02 3.367351833730936050e-03 8.289027959108352661e-03 4.111016988754272461e-01 1.695771515369415283e-02
1.070000000000000000e+03 1.957834325730800629e-02 3.308667568489909172e-03 8.294013328850269318e-03 2.563303222656250000e+02 3.308667568489909172e-03 8.294013328850269318e-03 4.112655520439147949e-01 1.697123795747756958e-02
1.080000000000000000e+03 2.137714996933937073e-02 3.409213619306683540e-03 8.378137834370136261e-03 2.545786590576171875e+02 3.409213619306683540e-03 8.378137834370136261e-03 4.110683500766754150e-01 1.695496588945388794e-02
1.090000000000000000e+03 2.044770494103431702e-02 3.477137535810470581e-03 8.078809827566146851e-03 2.529889068603515625e+02 3.477137535810470581e-03 8.078809827566146851e-03 4.084489345550537109e-01 1.673957146704196930e-02
1.100000000000000000e+03 1.886089704930782318e-02 3.180303378030657768e-03 8.080359548330307007e-03 2.517120361328125000e+02 3.180303378030657768e-03 8.080359548330307007e-03 4.076870381832122803e-01 1.667718216776847839e-02
1.110000000000000000e+03 1.883378066122531891e-02 3.143376903608441353e-03 7.877224124968051910e-03 2.509161834716796875e+02 3.143376903608441353e-03 7.877224124968051910e-03 4.038949906826019287e-01 1.636838167905807495e-02
1.120000000000000000e+03 1.827547140419483185e-02 3.088680328801274300e-03 7.738392800092697144e-03 2.493416748046875000e+02 3.088680328801274300e-03 7.738392800092697144e-03 4.019318222999572754e-01 1.620965078473091125e-02
1.130000000000000000e+03 1.778968982398509979e-02 3.070439910516142845e-03 7.720879744738340378e-03 2.472959136962890625e+02 3.070439910516142845e-03 7.720879744738340378e-03 4.021644890308380127e-01 1.622842252254486084e-02
1.140000000000000000e+03 1.746509224176406860e-02 3.018731484189629555e-03 7.678485475480556488e-03 2.455982818603515625e+02 3.018731484189629555e-03 7.678485475480556488e-03 4.015860259532928467e-01 1.618176884949207306e-02
1.150000000000000000e+03 1.736859604716300964e-02 2.966386964544653893e-03 7.507442496716976166e-03 2.443528900146484375e+02 2.966386964544653893e-03 7.507442496716976166e-03 3.981474936008453369e-01 1.590584777295589447e-02
1.160000000000000000e+03 1.693726703524589539e-02 2.932528732344508171e-03 7.512070238590240479e-03 2.424851989746093750e+02 2.932528732344508171e-03 7.512070238590240479e-03 3.987046182155609131e-01 1.595039106905460358e-02
1.170000000000000000e+03 1.678210124373435974e-02 2.891336334869265556e-03 7.365637924522161484e-03 2.411223297119140625e+02 2.891336334869265556e-03 7.365637924522161484e-03 3.958703279495239258e-01 1.572442613542079926e-02
1.180000000000000000e+03 1.669616997241973877e-02 2.867974806576967239e-03 7.246862165629863739e-03 2.400704498291015625e+02 2.867974806576967239e-03 7.246862165629863739e-03 3.937634825706481934e-01 1.555749587714672089e-02
1.190000000000000000e+03 1.654085889458656311e-02 2.821004949510097504e-03 7.151391822844743729e-03 2.388264617919921875e+02 2.821004949510097504e-03 7.151391822844743729e-03 3.918717205524444580e-01 1.540836971253156662e-02
1.200000000000000000e+03 1.606943830847740173e-02 2.812740625813603401e-03 7.180967833846807480e-03 2.366632385253906250e+02 2.812740625813603401e-03 7.180967833846807480e-03 3.931744694709777832e-01 1.551098562777042389e-02
1.210000000000000000e+03 1.602174341678619385e-02 2.787096425890922546e-03 7.031584624201059341e-03 2.357930603027343750e+02 2.787096425890922546e-03 7.031584624201059341e-03 3.901768326759338379e-01 1.527537312358617783e-02
1.220000000000000000e+03 1.579105481505393982e-02 2.782582072541117668e-03 7.035588379949331284e-03 2.340846710205078125e+02 2.782582072541117668e-03 7.035588379949331284e-03 3.907549679279327393e-01 1.532067451626062393e-02
1.230000000000000000e+03 1.546204090118408203e-02 2.714118920266628265e-03 6.918274797499179840e-03 2.330302581787109375e+02 2.714118920266628265e-03 6.918274797499179840e-03 3.883187770843505859e-01 1.513023208826780319e-02
1.240000000000000000e+03 1.553760003298521042e-02 2.731487387791275978e-03 6.843090988695621490e-03 2.318162689208984375e+02 2.731487387791275978e-03 6.843090988695621490e-03 3.870991468429565430e-01 1.503533683717250824e-02
1.250000000000000000e+03 1.681067235767841339e-02 2.881303196772933006e-03 6.803366821259260178e-03 2.304363555908203125e+02 2.881303196772933006e-03 6.803366821259260178e-03 3.864558637142181396e-01 1.498541049659252167e-02
1.260000000000000000e+03 1.494776736944913864e-02 2.596233040094375610e-03 6.823957897722721100e-03 2.297183074951171875e+02 2.596233040094375610e-03 6.823957897722721100e-03 3.857845366001129150e-01 1.493339054286479950e-02
1.270000000000000000e+03 1.442607119679450989e-02 2.568652853369712830e-03 6.763319484889507294e-03 2.279188690185546875e+02 2.568652853369712830e-03 6.763319484889507294e-03 3.856541514396667480e-01 1.492329966276884079e-02
1.280000000000000000e+03 1.421518810093402863e-02 2.533378778025507927e-03 6.653332151472568512e-03 2.271894989013671875e+02 2.533378778025507927e-03 6.653332151472568512e-03 3.833699524402618408e-01 1.474704407155513763e-02
1.290000000000000000e+03 1.402598712593317032e-02 2.500641858205199242e-03 6.618904415518045425e-03 2.258035430908203125e+02 2.500641858205199242e-03 6.618904415518045425e-03 3.826186954975128174e-01 1.468930207192897797e-02
1.300000000000000000e+03 1.383431628346443176e-02 2.486038487404584885e-03 6.582022644579410553e-03 2.245406799316406250e+02 2.486038487404584885e-03 6.582022644579410553e-03 3.824222683906555176e-01 1.467422302812337875e-02
1.310000000000000000e+03 1.370623521506786346e-02 2.444539917632937431e-03 6.449966225773096085e-03 2.238004608154296875e+02 2.444539917632937431e-03 6.449966225773096085e-03 3.792144656181335449e-01 1.442907843738794327e-02
1.320000000000000000e+03 1.384984608739614487e-02 2.457850379869341850e-03 6.296186242252588272e-03 2.231739044189453125e+02 2.457850379869341850e-03 6.296186242252588272e-03 3.763968348503112793e-01 1.421545352786779404e-02
1.330000000000000000e+03 1.459457911550998688e-02 2.581972628831863403e-03 6.311617325991392136e-03 2.214214782714843750e+02 2.581972628831863403e-03 6.311617325991392136e-03 3.773010969161987305e-01 1.428383775055408478e-02
1.340000000000000000e+03 1.399541553109884262e-02 2.406916348263621330e-03 6.279974710196256638e-03 2.211725921630859375e+02 2.406916348263621330e-03 6.279974710196256638e-03 3.747928738594055176e-01 1.409455481916666031e-02
1.350000000000000000e+03 1.322584506124258041e-02 2.417213283479213715e-03 6.225965917110443115e-03 2.196705017089843750e+02 2.417213283479213715e-03 6.225965917110443115e-03 3.756898939609527588e-01 1.416210550814867020e-02
1.360000000000000000e+03 1.282658800482749939e-02 2.325048670172691345e-03 6.159084383398294449e-03 2.187568054199218750e+02 2.325048670172691345e-03 6.159084383398294449e-03 3.735092580318450928e-01 1.399817969650030136e-02
1.370000000000000000e+03 1.261399593204259872e-02 2.301733242347836494e-03 6.130929570645093918e-03 2.178416442871093750e+02 2.301733242347836494e-03 6.130929570645093918e-03 3.730334937572479248e-01 1.396253798156976700e-02
1.380000000000000000e+03 1.255299802869558334e-02 2.298518782481551170e-03 6.007546558976173401e-03 2.168272552490234375e+02 2.298518782481551170e-03 6.007546558976173401e-03 3.707751631736755371e-01 1.379399467259645462e-02
1.390000000000000000e+03 1.242099516093730927e-02 2.303715795278549194e-03 5.995141807943582535e-03 2.157577514648437500e+02 2.303715795278549194e-03 5.995141807943582535e-03 3.709577023983001709e-01 1.380757801234722137e-02
1.400000000000000000e+03 1.263801194727420807e-02 2.326981397345662117e-03 5.916047375649213791e-03 2.148807525634765625e+02 2.326981397345662117e-03 5.916047375649213791e-03 3.693037629127502441e-01 1.368473097681999207e-02
1.410000000000000000e+03 1.320730987936258316e-02 2.410019747912883759e-03 5.893672350794076920e-03 2.139243927001953125e+02 2.410019747912883759e-03 5.893672350794076920e-03 3.691403567790985107e-01 1.367262471467256546e-02
1.420000000000000000e+03 1.217079162597656250e-02 2.197647932916879654e-03 5.803827196359634399e-03 2.136345214843750000e+02 2.197647932916879654e-03 5.803827196359634399e-03 3.657793402671813965e-01 1.342477835714817047e-02
1.430000000000000000e+03 1.163441222161054611e-02 2.178397262468934059e-03 5.884611979126930237e-03 2.118417205810546875e+02 2.178397262468934059e-03 5.884611979126930237e-03 3.685530126094818115e-01 1.362914685159921646e-02
1.440000000000000000e+03 1.164845470339059830e-02 2.169642830267548561e-03 5.695678759366273880e-03 2.117108764648437500e+02 2.169642830267548561e-03 5.695678759366273880e-03 3.641429245471954346e-01 1.330492738634347916e-02
1.450000000000000000e+03 1.139871124178171158e-02 2.164766658097505569e-03 5.700704175978899002e-03 2.104349517822265625e+02 2.164766658097505569e-03 5.700704175978899002e-03 3.647821545600891113e-01 1.335168071091175079e-02
1.460000000000000000e+03 1.161875016987323761e-02 2.174342516809701920e-03 5.591942928731441498e-03 2.099775695800781250e+02 2.174342516809701920e-03 5.591942928731441498e-03 3.622718751430511475e-01 1.316855475306510925e-02
1.470000000000000000e+03 1.267910841852426529e-02 2.266614465042948723e-03 5.499905440956354141e-03 2.092418975830078125e+02 2.266614465042948723e-03 5.499905440956354141e-03 3.601533770561218262e-01 1.301498804241418839e-02
1.480000000000000000e+03 1.110666245222091675e-02 2.121280645951628685e-03 5.641427356749773026e-03 2.076743927001953125e+02 2.121280645951628685e-03 5.641427356749773026e-03 3.641604781150817871e-01 1.330621261149644852e-02
1.490000000000000000e+03 1.132320985198020935e-02 2.071623923256993294e-03 5.462584085762500763e-03 2.077913513183593750e+02 2.071623923256993294e-03 5.462584085762500763e-03 3.583934307098388672e-01 1.288809999823570251e-02
1.500000000000000000e+03 1.073254738003015518e-02 2.070808783173561096e-03 5.450530443340539932e-03 2.064968414306640625e+02 2.070808783173561096e-03 5.450530443340539932e-03 3.593660295009613037e-01 1.295814570039510727e-02
1.510000000000000000e+03 1.048171799629926682e-02 2.041592029854655266e-03 5.474993493407964706e-03 2.055788116455078125e+02 2.041592029854655266e-03 5.474993493407964706e-03 3.600619435310363770e-01 1.300838217139244080e-02
1.520000000000000000e+03 1.083824411034584045e-02 2.030021045356988907e-03 5.289186723530292511e-03 2.055106201171875000e+02 2.030021045356988907e-03 5.289186723530292511e-03 3.551407754421234131e-01 1.265522371977567673e-02
1.530000000000000000e+03 1.037618145346641541e-02 2.005075803026556969e-03 5.446840543299913406e-03 2.038675842285156250e+02 2.005075803026556969e-03 5.446840543299913406e-03 3.590164780616760254e-01 1.293294783681631088e-02
1.540000000000000000e+03 1.207282580435276031e-02 2.142742974683642387e-03 5.511182360351085663e-03 2.032325286865234375e+02 2.142742974683642387e-03 5.511182360351085663e-03 3.579237461090087891e-01 1.285434048622846603e-02
1.550000000000000000e+03 1.064548641443252563e-02 2.023756038397550583e-03 5.163889378309249878e-03 2.034887695312500000e+02 2.023756038397550583e-03 5.163889378309249878e-03 3.525794744491577148e-01 1.247334294021129608e-02
1.560000000000000000e+03 9.979259222745895386e-03 1.960814697667956352e-03 5.296826362609863281e-03 2.021756439208984375e+02 1.960814697667956352e-03 5.296826362609863281e-03 3.556076586246490479e-01 1.268852222710847855e-02
1.570000000000000000e+03 1.000236999243497849e-02 1.969151198863983154e-03 5.119925364851951599e-03 2.018393859863281250e+02 1.969151198863983154e-03 5.119925364851951599e-03 3.517581224441528320e-01 1.241529453545808792e-02
1.580000000000000000e+03 9.759803302586078644e-03 1.930920756421983242e-03 5.132262129336595535e-03 2.011939392089843750e+02 1.930920756421983242e-03 5.132262129336595535e-03 3.516428172588348389e-01 1.240715477615594864e-02
1.590000000000000000e+03 9.542418643832206726e-03 1.931243808940052986e-03 5.139871966093778610e-03 1.999480590820312500e+02 1.931243808940052986e-03 5.139871966093778610e-03 3.527016639709472656e-01 1.248199120163917542e-02
1.600000000000000000e+03 9.425375610589981079e-03 1.906882273033261299e-03 5.107535049319267273e-03 1.992169494628906250e+02 1.906882273033261299e-03 5.107535049319267273e-03 3.517506420612335205e-01 1.241476833820343018e-02
1.610000000000000000e+03 9.369436651468276978e-03 1.889869221486151218e-03 5.068149883300065994e-03 1.986290435791015625e+02 1.889869221486151218e-03 5.068149883300065994e-03 3.505055010318756104e-01 1.232702936977148056e-02
1.620000000000000000e+03 9.246772155165672302e-03 1.880648196674883366e-03 5.062127951532602310e-03 1.976071624755859375e+02 1.880648196674883366e-03 5.062127951532602310e-03 3.508288264274597168e-01 1.234978251159191132e-02
1.630000000000000000e+03 9.233162738382816315e-03 1.890034996904432774e-03 4.923386499285697937e-03 1.975801086425781250e+02 1.890034996904432774e-03 4.923386499285697937e-03 3.474306166172027588e-01 1.211169734597206116e-02
1.640000000000000000e+03 1.219212543219327927e-02 2.128068823367357254e-03 4.805053584277629852e-03 1.975942382812500000e+02 2.128068823367357254e-03 4.805053584277629852e-03 3.440336585044860840e-01 1.187601499259471893e-02
1.650000000000000000e+03 9.795860387384891510e-03 1.855861046351492405e-03 5.082048010081052780e-03 1.952996063232421875e+02 1.855861046351492405e-03 5.082048010081052780e-03 3.517433106899261475e-01 1.241425052285194397e-02
1.660000000000000000e+03 8.808812126517295837e-03 1.836851239204406738e-03 4.839822649955749512e-03 1.956180725097656250e+02 1.836851239204406738e-03 4.839822649955749512e-03 3.454052209854125977e-01 1.197089441120624542e-02
1.670000000000000000e+03 8.927410468459129333e-03 1.825810992158949375e-03 4.758927505463361740e-03 1.955930328369140625e+02 1.825810992158949375e-03 4.758927505463361740e-03 3.430112004280090332e-01 1.180552784353494644e-02
1.680000000000000000e+03 8.596803992986679077e-03 1.808483968488872051e-03 4.792457446455955505e-03 1.945289764404296875e+02 1.808483968488872051e-03 4.792457446455955505e-03 3.441063761711120605e-01 1.188103388994932175e-02
1.690000000000000000e+03 8.503184653818607330e-03 1.799897640012204647e-03 4.743332974612712860e-03 1.939181060791015625e+02 1.799897640012204647e-03 4.743332974612712860e-03 3.431103229522705078e-01 1.181235071271657944e-02
1.700000000000000000e+03 8.418063633143901825e-03 1.796776428818702698e-03 4.698629025369882584e-03 1.933474273681640625e+02 1.796776428818702698e-03 4.698629025369882584e-03 3.421918451786041260e-01 1.174919586628675461e-02
1.710000000000000000e+03 8.528925478458404541e-03 1.823128433898091316e-03 4.691338166594505310e-03 1.925797576904296875e+02 1.823128433898091316e-03 4.691338166594505310e-03 3.425652086734771729e-01 1.177484821528196335e-02
1.720000000000000000e+03 1.053314283490180969e-02 2.049375325441360474e-03 4.753679037094116211e-03 1.914851074218750000e+02 2.049375325441360474e-03 4.753679037094116211e-03 3.450184464454650879e-01 1.194410026073455811e-02
1.730000000000000000e+03 9.095286019146442413e-03 1.766775152646005154e-03 4.551486112177371979e-03 1.926448822021484375e+02 1.766775152646005154e-03 4.551486112177371979e-03 3.367423713207244873e-01 1.137795764952898026e-02
1.740000000000000000e+03 8.143322542309761047e-03 1.757172867655754089e-03 4.654471296817064285e-03 1.906915893554687500e+02 1.757172867655754089e-03 4.654471296817064285e-03 3.415744900703430176e-01 1.170683931559324265e-02
1.750000000000000000e+03 8.310739882290363312e-03 1.768483198247849941e-03 4.482804331928491592e-03 1.911642303466796875e+02 1.768483198247849941e-03 4.482804331928491592e-03 3.366859257221221924e-01 1.137414388358592987e-02
1.760000000000000000e+03 7.900912314653396606e-03 1.740529784001410007e-03 4.506518132984638214e-03 1.902892456054687500e+02 1.740529784001410007e-03 4.506518132984638214e-03 3.374079763889312744e-01 1.142298057675361633e-02
1.770000000000000000e+03 7.806084584444761276e-03 1.715230988338589668e-03 4.496131557971239090e-03 1.896297149658203125e+02 1.715230988338589668e-03 4.496131557971239090e-03 3.368539810180664062e-01 1.138550043106079102e-02
1.780000000000000000e+03 7.667790632694959641e-03 1.714874058961868286e-03 4.469643346965312958e-03 1.890373535156250000e+02 1.714874058961868286e-03 4.469643346965312958e-03 3.365921974182128906e-01 1.136781182140111923e-02
1.790000000000000000e+03 7.598660420626401901e-03 1.699961372651159763e-03 4.428080748766660690e-03 1.885138092041015625e+02 1.699961372651159763e-03 4.428080748766660690e-03 3.352832496166229248e-01 1.127956714481115341e-02
1.800000000000000000e+03 7.550668437033891678e-03 1.687097013927996159e-03 4.400289617478847504e-03 1.880206146240234375e+02 1.687097013927996159e-03 4.400289617478847504e-03 3.343766927719116211e-01 1.121865492314100266e-02
1.810000000000000000e+03 7.653051521629095078e-03 1.684175687842071056e-03 4.406399093568325043e-03 1.873000946044921875e+02 1.684175687842071056e-03 4.406399093568325043e-03 3.340710401535034180e-01 1.119815465062856674e-02
1.820000000000000000e+03 1.006207801401615143e-02 1.900914357975125313e-03 4.620412364602088928e-03 1.863291168212890625e+02 1.900914357975125313e-03 4.620412364602088928e-03 3.365209996700286865e-01 1.136300526559352875e-02
1.830000000000000000e+03 7.879633456468582153e-03 1.696933875791728497e-03 4.227082710713148117e-03 1.873129425048828125e+02 1.696933875791728497e-03 4.227082710713148117e-03 3.298098146915435791e-01 1.091430056840181351e-02
1.840000000000000000e+03 7.377511356025934219e-03 1.662015216425061226e-03 4.348387010395526886e-03 1.859136657714843750e+02 1.662015216425061226e-03 4.348387010395526886e-03 3.327351510524749756e-01 1.110877282917499542e-02
1.850000000000000000e+03 7.284800522029399872e-03 1.672637881711125374e-03 4.224058240652084351e-03 1.860294494628906250e+02 1.672637881711125374e-03 4.224058240652084351e-03 3.302053809165954590e-01 1.094049680978059769e-02
1.860000000000000000e+03 7.058738265186548233e-03 1.639135996811091900e-03 4.240656271576881409e-03 1.853460388183593750e+02 1.639135996811091900e-03 4.240656271576881409e-03 3.303854763507843018e-01 1.095243543386459351e-02
1.870000000000000000e+03 7.104800548404455185e-03 1.630203681997954845e-03 4.174734931439161301e-03 1.850523529052734375e+02 1.630203681997954845e-03 4.174734931439161301e-03 3.283863961696624756e-01 1.082029659301042557e-02
1.880000000000000000e+03 6.895788479596376419e-03 1.627524965442717075e-03 4.176083020865917206e-03 1.843437500000000000e+02 1.627524965442717075e-03 4.176083020865917206e-03 3.289398550987243652e-01 1.085679978132247925e-02
1.890000000000000000e+03 6.905731279402971268e-03 1.626933808438479900e-03 4.199787508696317673e-03 1.834357910156250000e+02 1.626933808438479900e-03 4.199787508696317673e-03 3.301156461238861084e-01 1.093455310910940170e-02
1.900000000000000000e+03 8.942225947976112366e-03 1.748268492519855499e-03 4.295093473047018051e-03 1.816396484375000000e+02 1.748268492519855499e-03 4.295093473047018051e-03 3.346920311450958252e-01 1.123982574790716171e-02
1.910000000000000000e+03 6.992010865360498428e-03 1.608829945325851440e-03 4.201191011816263199e-03 1.822856292724609375e+02 1.608829945325851440e-03 4.201191011816263199e-03 3.298719823360443115e-01 1.091841701418161392e-02
1.920000000000000000e+03 6.873365957289934158e-03 1.601277734152972698e-03 4.016974475234746933e-03 1.828171386718750000e+02 1.601277734152972698e-03 4.016974475234746933e-03 3.243275582790374756e-01 1.055447198450565338e-02
1.930000000000000000e+03 6.904147565364837646e-03 1.589156570844352245e-03 3.988810349255800247e-03 1.823847198486328125e+02 1.589156570844352245e-03 3.988810349255800247e-03 3.233875632286071777e-01 1.049338094890117645e-02
1.940000000000000000e+03 6.606664974242448807e-03 1.577619696035981178e-03 4.003848880529403687e-03 1.817187347412109375e+02 1.577619696035981178e-03 4.003848880529403687e-03 3.238626718521118164e-01 1.052423473447561264e-02
1.950000000000000000e+03 6.434736773371696472e-03 1.586043275892734528e-03 4.003561567515134811e-03 1.808691864013671875e+02 1.586043275892734528e-03 4.003561567515134811e-03 3.247778415679931641e-01 1.058379933238029480e-02
1.960000000000000000e+03 6.373561918735504150e-03 1.573082990944385529e-03 3.969187382608652115e-03 1.807210693359375000e+02 1.573082990944385529e-03 3.969187382608652115e-03 3.234565258026123047e-01 1.049785595387220383e-02
1.970000000000000000e+03 6.390089634805917740e-03 1.583184697665274143e-03 3.939377143979072571e-03 1.802374420166015625e+02 1.583184697665274143e-03 3.939377143979072571e-03 3.229658603668212891e-01 1.046602986752986908e-02
1.980000000000000000e+03 9.704837575554847717e-03 1.943792100064456463e-03 3.958952613174915314e-03 1.800822296142578125e+02 1.943792100064456463e-03 3.958952613174915314e-03 3.232179284095764160e-01 1.048237457871437073e-02
1.990000000000000000e+03 7.242977153509855270e-03 1.619295566342771053e-03 4.023978952318429947e-03 1.794823913574218750e+02 1.619295566342771053e-03 4.023978952318429947e-03 3.227050006389617920e-01 1.044913101941347122e-02
2.000000000000000000e+03 6.702940445393323898e-03 1.636984758079051971e-03 3.897729329764842987e-03 1.790904541015625000e+02 1.636984758079051971e-03 3.897729329764842987e-03 3.225392699241638184e-01 1.043840125203132629e-02
