# step, loss_train, loss_test, metrics_test
0.000000000000000000e+00 2.336012385785579681e-02 5.152967572212219238e-01 4.443618655204772949e-01 2.336012385785579681e-02 5.152967572212219238e-01 4.443618655204772949e-01 1.139475226402282715e+00 4.646001458168029785e-01
1.000000000000000000e+01 2.673331089317798615e-02 7.085210829973220825e-02 1.019607782363891602e-01 2.673331089317798615e-02 7.085210829973220825e-02 1.019607782363891602e-01 5.287047624588012695e-01 1.000221222639083862e-01
2.000000000000000000e+01 1.377121079713106155e-03 4.467863216996192932e-02 3.009273856878280640e-02 1.377121079713106155e-03 4.467863216996192932e-02 3.009273856878280640e-02 3.743833601474761963e-01 5.015367642045021057e-02
3.000000000000000000e+01 7.042747456580400467e-04 3.323213011026382446e-02 1.383203454315662384e-02 7.042747456580400467e-04 3.323213011026382446e-02 1.383203454315662384e-02 3.098807334899902344e-01 3.436044603586196899e-02
4.000000000000000000e+01 1.119010034017264843e-03 1.895191892981529236e-02 8.940622210502624512e-03 1.119010034017264843e-03 1.895191892981529236e-02 8.940622210502624512e-03 2.518010139465332031e-01 2.268739230930805206e-02
5.000000000000000000e+01 1.376388594508171082e-03 1.066144835203886032e-02 4.136645235121250153e-03 1.376388594508171082e-03 1.066144835203886032e-02 4.136645235121250153e-03 1.896136403083801270e-01 1.286497153341770172e-02
6.000000000000000000e+01 1.664071111008524895e-03 4.985729232430458069e-03 2.629172988235950470e-03 1.664071111008524895e-03 4.985729232430458069e-03 2.629172988235950470e-03 1.332969516515731812e-01 6.357847247272729874e-03
7.000000000000000000e+01 1.626193523406982422e-03 2.891654614359140396e-03 1.913783722557127476e-03 1.626193523406982422e-03 2.891654614359140396e-03 1.913783722557127476e-03 1.006717756390571594e-01 3.626478603109717369e-03
8.000000000000000000e+01 1.391359255649149418e-03 1.934705302119255066e-03 1.593244378454983234e-03 1.391359255649149418e-03 1.934705302119255066e-03 1.593244378454983234e-03 8.534771949052810669e-02 2.606474328786134720e-03
9.000000000000000000e+01 1.099920482374727726e-03 1.557348296046257019e-03 1.249845372512936592e-03 1.099920482374727726e-03 1.557348296046257019e-03 1.249845372512936592e-03 7.955790311098098755e-02 2.264833776280283928e-03
1.000000000000000000e+02 8.988201734609901905e-04 1.333890482783317566e-03 9.788249153643846512e-04 8.988201734609901905e-04 1.333890482783317566e-03 9.788249153643846512e-04 7.625268399715423584e-02 2.080558333545923233e-03
1.100000000000000000e+02 7.591518806293606758e-04 1.143314875662326813e-03 8.034316706471145153e-04 7.591518806293606758e-04 1.143314875662326813e-03 8.034316706471145153e-04 7.407531142234802246e-02 1.963435206562280655e-03
1.200000000000000000e+02 6.637991173192858696e-04 9.824853623285889626e-04 6.847666809335350990e-04 6.637991173192858696e-04 9.824853623285889626e-04 6.847666809335350990e-04 7.156373560428619385e-02 1.832549343816936016e-03
1.300000000000000000e+02 5.937610985711216927e-04 8.545462042093276978e-04 5.893728812225162983e-04 5.937610985711216927e-04 8.545462042093276978e-04 5.893728812225162983e-04 6.899259984493255615e-02 1.703235553577542305e-03
1.400000000000000000e+02 5.355254397727549076e-04 7.496431935578584671e-04 5.140010034665465355e-04 5.355254397727549076e-04 7.496431935578584671e-04 5.140010034665465355e-04 6.639566272497177124e-02 1.577426330186426640e-03
1.500000000000000000e+02 4.891090211458504200e-04 6.613719742745161057e-04 4.512540181167423725e-04 4.891090211458504200e-04 6.613719742745161057e-04 4.512540181167423725e-04 6.387388706207275391e-02 1.459877123124897480e-03
1.600000000000000000e+02 4.520208167377859354e-04 5.847598658874630928e-04 4.003353242296725512e-04 4.520208167377859354e-04 5.847598658874630928e-04 4.003353242296725512e-04 6.158707663416862488e-02 1.357215689495205879e-03
1.700000000000000000e+02 4.210966289974749088e-04 5.197199061512947083e-04 3.584978985600173473e-04 4.210966289974749088e-04 5.197199061512947083e-04 3.584978985600173473e-04 5.958838015794754028e-02 1.270552864298224449e-03
1.800000000000000000e+02 3.952633414883166552e-04 4.650249320548027754e-04 3.234980395063757896e-04 3.952633414883166552e-04 4.650249320548027754e-04 3.234980395063757896e-04 5.781672149896621704e-02 1.196124940179288387e-03
1.900000000000000000e+02 3.737024089787155390e-04 4.184309800621122122e-04 2.948619658127427101e-04 3.737024089787155390e-04 4.184309800621122122e-04 2.948619658127427101e-04 5.624567717313766479e-02 1.132003846578299999e-03
2.000000000000000000e+02 3.555220901034772396e-04 3.795238153543323278e-04 2.706095692701637745e-04 3.555220901034772396e-04 3.795238153543323278e-04 2.706095692701637745e-04 5.483802780508995056e-02 1.076051965355873108e-03
2.100000000000000000e+02 3.397809050511568785e-04 3.467246424406766891e-04 2.500310947652906179e-04 3.397809050511568785e-04 3.467246424406766891e-04 2.500310947652906179e-04 5.362562090158462524e-02 1.028997474350035191e-03
2.200000000000000000e+02 3.257854841649532318e-04 3.186864778399467468e-04 2.325048990314826369e-04 3.257854841649532318e-04 3.186864778399467468e-04 2.325048990314826369e-04 5.255105346441268921e-02 9.881719015538692474e-04
2.300000000000000000e+02 3.139136533718556166e-04 2.942421415355056524e-04 2.174949040636420250e-04 3.139136533718556166e-04 2.942421415355056524e-04 2.174949040636420250e-04 5.163501575589179993e-02 9.540218161419034004e-04
2.400000000000000000e+02 3.029484360013157129e-04 2.732677094172686338e-04 2.041212574113160372e-04 3.029484360013157129e-04 2.732677094172686338e-04 2.041212574113160372e-04 5.078288540244102478e-02 9.227930568158626556e-04
2.500000000000000000e+02 2.931217313744127750e-04 2.548289485275745392e-04 1.923242089105769992e-04 2.931217313744127750e-04 2.548289485275745392e-04 1.923242089105769992e-04 5.003104358911514282e-02 8.956715464591979980e-04
2.500000000000000000e+02 2.518675173632800579e-04 2.548289485275745392e-04 1.923242089105769992e-04 2.931217313744127750e-04 2.548289485275745392e-04 1.923242089105769992e-04 5.003104358911514282e-02 8.956715464591979980e-04
2.600000000000000000e+02 2.330274146515876055e-04 1.012145425193011761e-03 1.041046925820410252e-03 3.204916720278561115e-04 1.012145425193011761e-03 1.041046925820410252e-03 6.853659451007843018e-02 1.680794754065573215e-03
2.700000000000000000e+02 2.549937344156205654e-04 4.395483701955527067e-04 4.012252320535480976e-04 3.487347566988319159e-04 4.395483701955527067e-04 4.012252320535480976e-04 5.488990992307662964e-02 1.078089000657200813e-03
2.800000000000000000e+02 1.750590745359659195e-04 2.734362788032740355e-04 1.845619699452072382e-04 2.421067474642768502e-04 2.734362788032740355e-04 1.845619699452072382e-04 4.697824642062187195e-02 7.897020550444722176e-04
2.900000000000000000e+02 1.688930788077414036e-04 1.661720889387652278e-04 1.301904558204114437e-04 2.330532006453722715e-04 1.661720889387652278e-04 1.301904558204114437e-04 4.546755552291870117e-02 7.397292647510766983e-04
3.000000000000000000e+02 1.644974690861999989e-04 1.291464723180979490e-04 1.064492753357626498e-04 2.271042467327788472e-04 1.291464723180979490e-04 1.064492753357626498e-04 4.386777803301811218e-02 6.885904003866016865e-04
3.100000000000000000e+02 1.528366119600832462e-04 1.066231634467840195e-04 8.967937901616096497e-05 2.116135437972843647e-04 1.066231634467840195e-04 8.967937901616096497e-05 4.275337606668472290e-02 6.540493341162800789e-04
3.200000000000000000e+02 1.470875431550666690e-04 8.760122727835550904e-05 7.599399395985528827e-05 2.036505902651697397e-04 8.760122727835550904e-05 7.599399395985528827e-05 4.173864051699638367e-02 6.233704625628888607e-04
3.300000000000000000e+02 1.426794478902593255e-04 7.380028546322137117e-05 6.811940693296492100e-05 1.974558836081996560e-04 7.380028546322137117e-05 6.811940693296492100e-05 4.082259535789489746e-02 5.963083822280168533e-04
3.400000000000000000e+02 1.364165073027834296e-04 6.419777491828426719e-05 6.139291508588939905e-05 1.888837578007951379e-04 6.419777491828426719e-05 6.139291508588939905e-05 4.043506458401679993e-02 5.850405432283878326e-04
3.500000000000000000e+02 1.313583779847249389e-04 5.561728539760224521e-05 5.537380638998001814e-05 1.818753371480852365e-04 5.561728539760224521e-05 5.537380638998001814e-05 4.017394781112670898e-02 5.775088793598115444e-04
3.600000000000000000e+02 1.262278528884053230e-04 4.909239578410051763e-05 4.977990101906470954e-05 1.747770293150097132e-04 4.909239578410051763e-05 4.977990101906470954e-05 3.974189981818199158e-02 5.651541287079453468e-04
3.700000000000000000e+02 1.218344550579786301e-04 4.293467645766213536e-05 4.510369399213232100e-05 1.686926552793011069e-04 4.293467645766213536e-05 4.510369399213232100e-05 3.934386000037193298e-02 5.538900149986147881e-04
3.800000000000000000e+02 1.174302524304948747e-04 3.802185165113769472e-05 4.100684236618690193e-05 1.625948061700910330e-04 3.802185165113769472e-05 4.100684236618690193e-05 3.901095688343048096e-02 5.445563001558184624e-04
3.900000000000000000e+02 1.131497192545793951e-04 3.358385220053605735e-05 3.747645314433611929e-05 1.566654245834797621e-04 3.358385220053605735e-05 3.747645314433611929e-05 3.867931291460990906e-02 5.353368469513952732e-04
4.000000000000000000e+02 1.092632737709209323e-04 2.972885886265430599e-05 3.419007407501339912e-05 1.512840826762840152e-04 2.972885886265430599e-05 3.419007407501339912e-05 3.837394714355468750e-02 5.269174580462276936e-04
4.100000000000000000e+02 1.055269312928430736e-04 2.641251194290816784e-05 3.129468677798286080e-05 1.461123465560376644e-04 2.641251194290816784e-05 3.129468677798286080e-05 3.810781612992286682e-02 5.196342244744300842e-04
4.200000000000000000e+02 1.019779592752456665e-04 2.354909702262375504e-05 2.873869561881292611e-05 1.411998091498389840e-04 2.354909702262375504e-05 2.873869561881292611e-05 3.786338493227958679e-02 5.129896453581750393e-04
4.300000000000000000e+02 9.874108945950865746e-05 2.098490767821203917e-05 2.642466461111325771e-05 1.367179065709933639e-04 2.098490767821203917e-05 2.642466461111325771e-05 3.766618669033050537e-02 5.076599773019552231e-04
4.400000000000000000e+02 9.572409908287227154e-05 1.866516504378523678e-05 2.425977254461031407e-05 1.325353514403104782e-04 1.866516504378523678e-05 2.425977254461031407e-05 3.740471601486206055e-02 5.006362916901707649e-04
4.500000000000000000e+02 9.252590825781226158e-05 1.678474836808163673e-05 2.241030961158685386e-05 1.281127770198509097e-04 1.678474836808163673e-05 2.241030961158685386e-05 3.717399016022682190e-02 4.944792017340660095e-04
4.600000000000000000e+02 8.954905933933332562e-05 1.510751462774351239e-05 2.086240601784083992e-05 1.239901175722479820e-04 1.510751462774351239e-05 2.086240601784083992e-05 3.699501231312751770e-02 4.897291655652225018e-04
4.700000000000000000e+02 8.689153764862567186e-05 1.349352805846137926e-05 1.932453051267657429e-05 1.203104402520693839e-04 1.349352805846137926e-05 1.932453051267657429e-05 3.681715950369834900e-02 4.850318073295056820e-04
4.800000000000000000e+02 9.593162394594401121e-05 7.430496771121397614e-05 1.766260102158412337e-04 1.327123318333178759e-04 7.430496771121397614e-05 1.766260102158412337e-04 3.985213115811347961e-02 5.682936171069741249e-04
4.900000000000000000e+02 9.150557161774486303e-05 7.953703607199713588e-05 1.912949519464746118e-04 1.263300509890541434e-04 7.953703607199713588e-05 1.912949519464746118e-04 4.004352539777755737e-02 5.737651954405009747e-04
5.000000000000000000e+02 7.987049320945516229e-05 2.273530299135018140e-05 4.629977411241270602e-05 1.105782866943627596e-04 2.273530299135018140e-05 4.629977411241270602e-05 3.628572449088096619e-02 4.711305664386600256e-04
5.000000000000000000e+02 6.251391459954902530e-05 2.273530299135018140e-05 4.629977411241270602e-05 1.105782866943627596e-04 2.273530299135018140e-05 4.629977411241270602e-05 3.628572449088096619e-02 4.711305664386600256e-04
5.100000000000000000e+02 2.107442851411178708e-04 3.427707822993397713e-03 6.182423327118158340e-03 2.764275122899562120e-04 3.427707822993397713e-03 6.182423327118158340e-03 1.048868224024772644e-01 3.936510533094406128e-03
5.200000000000000000e+02 9.159078035736456513e-05 4.417715535964816809e-04 5.525609594769775867e-04 1.272166555281728506e-04 4.417715535964816809e-04 5.525609594769775867e-04 5.405945703387260437e-02 1.045714248903095722e-03
5.300000000000000000e+02 9.394119115313515067e-05 2.439227973809465766e-04 4.374285053927451372e-04 1.615583605598658323e-04 2.439227973809465766e-04 4.374285053927451372e-04 4.295915737748146057e-02 6.603606161661446095e-04
5.400000000000000000e+02 7.377046858891844749e-05 1.619186514290049672e-04 2.980409481097012758e-04 1.263864251086488366e-04 1.619186514290049672e-04 2.980409481097012758e-04 4.005821421742439270e-02 5.741862114518880844e-04
5.500000000000000000e+02 6.422260776162147522e-05 5.890879765502177179e-05 8.302568312501534820e-05 1.134754638769663870e-04 5.890879765502177179e-05 8.302568312501534820e-05 3.818036243319511414e-02 5.216145655140280724e-04
5.600000000000000000e+02 6.473746907431632280e-05 2.225744538009166718e-05 3.569315958884544671e-05 1.142325345426797867e-04 2.225744538009166718e-05 3.569315958884544671e-05 3.670825064182281494e-02 4.821664770133793354e-04
5.700000000000000000e+02 6.382527499226853251e-05 1.698083178780507296e-05 2.840844535967335105e-05 1.129216179833747447e-04 1.698083178780507296e-05 2.840844535967335105e-05 3.664391115307807922e-02 4.804777563549578190e-04
5.800000000000000000e+02 6.167474930407479405e-05 1.374438124912558123e-05 2.382226557529065758e-05 1.090943478629924357e-04 1.374438124912558123e-05 2.382226557529065758e-05 3.648860752582550049e-02 4.764136974699795246e-04
5.900000000000000000e+02 6.053300603525713086e-05 1.207910736411577091e-05 2.037950798694510013e-05 1.070952421287074685e-04 1.207910736411577091e-05 2.037950798694510013e-05 3.631700575351715088e-02 4.719432035926729441e-04
6.000000000000000000e+02 5.954947118880227208e-05 1.071127098839497194e-05 1.825739855121355504e-05 1.053328960551880300e-04 1.071127098839497194e-05 1.825739855121355504e-05 3.617260977625846863e-02 4.681977152358740568e-04
6.100000000000000000e+02 5.885765131097286940e-05 9.451246114622335881e-06 1.662891190790105611e-05 1.041298673953860998e-04 9.451246114622335881e-06 1.662891190790105611e-05 3.597103059291839600e-02 4.629940958693623543e-04
6.200000000000000000e+02 5.799593782285228372e-05 8.673428965266793966e-06 1.534695002192165703e-05 1.026081808959133923e-04 8.673428965266793966e-06 1.534695002192165703e-05 3.586955368518829346e-02 4.603854904416948557e-04
6.300000000000000000e+02 5.713959762942977250e-05 7.981685484992340207e-06 1.436717229807982221e-05 1.010744817904196680e-04 7.981685484992340207e-06 1.436717229807982221e-05 3.571597114205360413e-02 4.564513801597058773e-04
6.400000000000000000e+02 5.622927346848882735e-05 7.401646143989637494e-06 1.359682391921523958e-05 9.948248771252110600e-05 7.401646143989637494e-06 1.359682391921523958e-05 3.557185828685760498e-02 4.527753626462072134e-04
6.500000000000000000e+02 5.540881466004066169e-05 6.863123417133465409e-06 1.285757389268837869e-05 9.802976273931562901e-05 6.863123417133465409e-06 1.285757389268837869e-05 3.543847426772117615e-02 4.493861342780292034e-04
6.600000000000000000e+02 5.462684202939271927e-05 6.411692538677016273e-06 1.214861822518287227e-05 9.664702520240098238e-05 6.411692538677016273e-06 1.214861822518287227e-05 3.531180322170257568e-02 4.461792996153235435e-04
6.700000000000000000e+02 5.386619523051194847e-05 6.018007297825533897e-06 1.153543962573166937e-05 9.530146053293719888e-05 6.018007297825533897e-06 1.153543962573166937e-05 3.521826118230819702e-02 4.438186006154865026e-04
6.800000000000000000e+02 5.307423634803853929e-05 5.666580818797228858e-06 1.097132189897820354e-05 9.389071783516556025e-05 5.666580818797228858e-06 1.097132189897820354e-05 3.513352945446968079e-02 4.416854935698211193e-04
6.900000000000000000e+02 5.222999243414960802e-05 5.316305760061368346e-06 1.049944694386795163e-05 9.240467625204473734e-05 5.316305760061368346e-06 1.049944694386795163e-05 3.503661975264549255e-02 4.392522969283163548e-04
7.000000000000000000e+02 5.156800398253835738e-05 5.001421413908246905e-06 9.964007404050789773e-06 9.123361814999952912e-05 5.001421413908246905e-06 9.964007404050789773e-06 3.495737537741661072e-02 4.372675612103193998e-04
7.100000000000000000e+02 5.084004806121811271e-05 4.703538252215366811e-06 9.497306564298924059e-06 8.994629752123728395e-05 4.703538252215366811e-06 9.497306564298924059e-06 3.482739627361297607e-02 4.340219602454453707e-04
7.200000000000000000e+02 5.012031033402308822e-05 4.435974460648139939e-06 9.085133569897152483e-06 8.866448479238897562e-05 4.435974460648139939e-06 9.085133569897152483e-06 3.475340455770492554e-02 4.321796586737036705e-04
7.300000000000000000e+02 4.936505138175562024e-05 4.191717380308546126e-06 8.690987669979222119e-06 8.733785216463729739e-05 4.191717380308546126e-06 8.690987669979222119e-06 3.466763347387313843e-02 4.300490254536271095e-04
7.400000000000000000e+02 4.869202894042246044e-05 3.900266165146604180e-06 8.317178981087636203e-06 8.614430407760664821e-05 3.900266165146604180e-06 8.317178981087636203e-06 3.454414010047912598e-02 4.269907076377421618e-04
7.500000000000000000e+02 4.803915362572297454e-05 3.696642806971794926e-06 7.925445970613509417e-06 8.499128307448700070e-05 3.696642806971794926e-06 7.925445970613509417e-06 3.443722426891326904e-02 4.243517178110778332e-04
7.500000000000000000e+02 3.946097785956226289e-05 3.696642806971794926e-06 7.925445970613509417e-06 8.499128307448700070e-05 3.696642806971794926e-06 7.925445970613509417e-06 3.443722426891326904e-02 4.243517178110778332e-04
7.600000000000000000e+02 1.439205370843410492e-04 6.739482050761580467e-04 1.092646503821015358e-03 2.814693725667893887e-04 6.739482050761580467e-04 1.092646503821015358e-03 5.516617372632026672e-02 1.088968594558537006e-03
7.700000000000000000e+02 7.152010221034288406e-05 4.075943434145301580e-04 6.432777154259383678e-04 1.360812602797523141e-04 4.075943434145301580e-04 6.432777154259383678e-04 4.541414231061935425e-02 7.379923481494188309e-04
7.800000000000000000e+02 4.999897282687015831e-05 1.020484633045271039e-04 2.041772822849452496e-04 1.072685336112044752e-04 1.020484633045271039e-04 2.041772822849452496e-04 3.724066168069839478e-02 4.962544771842658520e-04
7.900000000000000000e+02 3.946108699892647564e-05 3.093959094258025289e-05 2.471114021318498999e-05 8.355499448953196406e-05 3.093959094258025289e-05 2.471114021318498999e-05 3.513960167765617371e-02 4.418382013682276011e-04
8.000000000000000000e+02 4.047289257869124413e-05 2.101111567753832787e-05 3.183177614118903875e-05 8.714896830497309566e-05 2.101111567753832787e-05 3.183177614118903875e-05 3.455154225230216980e-02 4.271736543159931898e-04
8.100000000000000000e+02 3.593218207242898643e-05 7.175002338044578210e-06 8.756961506151128560e-06 7.736581756034865975e-05 7.175002338044578210e-06 8.756961506151128560e-06 3.357418254017829895e-02 4.033485893160104752e-04
8.200000000000000000e+02 3.612062573665753007e-05 4.503074251260841265e-06 9.774828868103213608e-06 7.770427328068763018e-05 4.503074251260841265e-06 9.774828868103213608e-06 3.337507322430610657e-02 3.985787334386259317e-04
8.300000000000000000e+02 3.540343823260627687e-05 3.514665195325505920e-06 7.175932751124491915e-06 7.620943506481125951e-05 3.514665195325505920e-06 7.175932751124491915e-06 3.367405012249946594e-02 4.057517799083143473e-04
8.400000000000000000e+02 3.474655386526137590e-05 2.338141030122642405e-06 5.936204615863971412e-06 7.482049113605171442e-05 2.338141030122642405e-06 5.936204615863971412e-06 3.342525288462638855e-02 3.997781604994088411e-04
8.500000000000000000e+02 3.430411015870049596e-05 2.108482021867530420e-06 5.302806584950303659e-06 7.387721416307613254e-05 2.108482021867530420e-06 5.302806584950303659e-06 3.332408890128135681e-02 3.973618731833994389e-04
8.600000000000000000e+02 3.392138387425802648e-05 1.889667487375845667e-06 4.980303856427781284e-06 7.306016777874901891e-05 1.889667487375845667e-06 4.980303856427781284e-06 3.324907273054122925e-02 3.955748979933559895e-04
8.700000000000000000e+02 3.364160875207744539e-05 1.785783410923613701e-06 4.663784693548223004e-06 7.245321467053145170e-05 1.785783410923613701e-06 4.663784693548223004e-06 3.319013118743896484e-02 3.941736649721860886e-04
8.800000000000000000e+02 3.324294812045991421e-05 1.641774360905401409e-06 4.480986717680934817e-06 7.159585220506414771e-05 1.641774360905401409e-06 4.480986717680934817e-06 3.313370421528816223e-02 3.928345977328717709e-04
8.900000000000000000e+02 3.289464439149014652e-05 1.539049890197929926e-06 4.282155259716091678e-06 7.084383105393499136e-05 1.539049890197929926e-06 4.282155259716091678e-06 3.305847570300102234e-02 3.910527739208191633e-04
9.000000000000000000e+02 3.253664908697828650e-05 1.447024146727926563e-06 4.108481334696989506e-06 7.007801468716934323e-05 1.447024146727926563e-06 4.108481334696989506e-06 3.301893919706344604e-02 3.901179297827184200e-04
9.100000000000000000e+02 3.220053258701227605e-05 1.343919507235113997e-06 3.948706307710381225e-06 6.935301644261926413e-05 1.343919507235113997e-06 3.948706307710381225e-06 3.296428918838500977e-02 3.888275823555886745e-04
9.200000000000000000e+02 3.189387280144728720e-05 1.258354700439667795e-06 3.781913392231217586e-06 6.869443313917145133e-05 1.258354700439667795e-06 3.781913392231217586e-06 3.288172930479049683e-02 3.868823405355215073e-04
9.300000000000000000e+02 3.152785575366578996e-05 1.184428924716485199e-06 3.634102768046432175e-06 6.790435872972011566e-05 1.184428924716485199e-06 3.634102768046432175e-06 3.280554339289665222e-02 3.850916109513491392e-04
9.400000000000000000e+02 3.119013126706704497e-05 1.136911009780305903e-06 3.490769813652150333e-06 6.717588257743045688e-05 1.136911009780305903e-06 3.490769813652150333e-06 3.274479508399963379e-02 3.836668038275092840e-04
9.500000000000000000e+02 3.084574564127251506e-05 1.070077132681035437e-06 3.373964545971830375e-06 6.643697997787967324e-05 1.070077132681035437e-06 3.373964545971830375e-06 3.267116844654083252e-02 3.819433622993528843e-04
9.600000000000000000e+02 3.047639438591431826e-05 1.016722535496228375e-06 3.259980530856410041e-06 6.564019713550806046e-05 1.016722535496228375e-06 3.259980530856410041e-06 3.261231631040573120e-02 3.805686137638986111e-04
9.700000000000000000e+02 3.015698530361987650e-05 9.501374620413116645e-07 3.133003474431461655e-06 6.495336856460198760e-05 9.501374620413116645e-07 3.133003474431461655e-06 3.253901004791259766e-02 3.788596077356487513e-04
9.800000000000000000e+02 2.980868703161831945e-05 9.380256642543827184e-07 3.000762262672651559e-06 6.420238787541165948e-05 9.380256642543827184e-07 3.000762262672651559e-06 3.247110545635223389e-02 3.772800555452704430e-04
9.900000000000000000e+02 2.949394729512277991e-05 8.671117370795400348e-07 2.895303623517975211e-06 6.352215132210403681e-05 8.671117370795400348e-07 2.895303623517975211e-06 3.239580243825912476e-02 3.755321959033608437e-04
1.000000000000000000e+03 2.919849430327303708e-05 8.148102210725483019e-07 2.780405338853597641e-06 6.288856093306094408e-05 8.148102210725483019e-07 2.780405338853597641e-06 3.232470899820327759e-02 3.738856466952711344e-04
