# step, loss_train, loss_test, metrics_test
0.000000000000000000e+00 1.878347516059875488e+00 2.762767314910888672e+00 1.878347516059875488e+00 2.762767314910888672e+00 1.050749540328979492e+00 2.760165929794311523e+00
1.000000000000000000e+01 6.574010252952575684e-01 1.009512543678283691e+00 6.574010252952575684e-01 1.009512543678283691e+00 6.355068087577819824e-01 1.009664893150329590e+00
2.000000000000000000e+01 2.485547363758087158e-01 7.907342910766601562e-01 2.485547363758087158e-01 7.907342910766601562e-01 5.621705055236816406e-01 7.900831699371337891e-01
3.000000000000000000e+01 1.358056962490081787e-01 4.727950096130371094e-01 1.358056962490081787e-01 4.727950096130371094e-01 4.346101582050323486e-01 4.722114801406860352e-01
4.000000000000000000e+01 8.585742861032485962e-02 1.803703308105468750e-01 8.585742861032485962e-02 1.803703308105468750e-01 2.684847116470336914e-01 1.802087426185607910e-01
5.000000000000000000e+01 2.093916200101375580e-02 3.097243793308734894e-02 2.093916200101375580e-02 3.097243793308734894e-02 1.116019561886787415e-01 3.113725781440734863e-02
6.000000000000000000e+01 2.664627879858016968e-02 2.109026350080966949e-02 2.664627879858016968e-02 2.109026350080966949e-02 9.217736124992370605e-02 2.124150656163692474e-02
7.000000000000000000e+01 1.017138175666332245e-02 1.435775775462388992e-02 1.017138175666332245e-02 1.435775775462388992e-02 7.620441913604736328e-02 1.451767701655626297e-02
8.000000000000000000e+01 8.613331243395805359e-03 1.284233387559652328e-02 8.613331243395805359e-03 1.284233387559652328e-02 7.215066999197006226e-02 1.301420107483863831e-02
9.000000000000000000e+01 6.416157819330692291e-03 1.105738244950771332e-02 6.416157819330692291e-03 1.105738244950771332e-02 6.698051095008850098e-02 1.121588982641696930e-02
1.000000000000000000e+02 5.614256951957941055e-03 1.017894130200147629e-02 5.614256951957941055e-03 1.017894130200147629e-02 6.420580297708511353e-02 1.030588615685701370e-02
1.100000000000000000e+02 4.814956802874803543e-03 9.473244659602642059e-03 4.814956802874803543e-03 9.473244659602642059e-03 6.194161996245384216e-02 9.591839276254177094e-03
1.200000000000000000e+02 4.407238680869340897e-03 8.822322823107242584e-03 4.407238680869340897e-03 8.822322823107242584e-03 5.980613082647323608e-02 8.941867388784885406e-03
1.300000000000000000e+02 4.102890845388174057e-03 8.237295784056186676e-03 4.102890845388174057e-03 8.237295784056186676e-03 5.781262740492820740e-02 8.355688303709030151e-03
1.400000000000000000e+02 3.821678925305604935e-03 7.776962593197822571e-03 3.821678925305604935e-03 7.776962593197822571e-03 5.617547407746315002e-02 7.889151573181152344e-03
1.500000000000000000e+02 3.559965407475829124e-03 7.401927839964628220e-03 3.559965407475829124e-03 7.401927839964628220e-03 5.479936674237251282e-02 7.507369853556156158e-03
1.600000000000000000e+02 3.355183871462941170e-03 7.055429276078939438e-03 3.355183871462941170e-03 7.055429276078939438e-03 5.350193381309509277e-02 7.156088482588529587e-03
1.700000000000000000e+02 3.201386192813515663e-03 6.726185325533151627e-03 3.201386192813515663e-03 6.726185325533151627e-03 5.224177613854408264e-02 6.822958122938871384e-03
1.800000000000000000e+02 3.071783576160669327e-03 6.429345812648534775e-03 3.071783576160669327e-03 6.429345812648534775e-03 5.107763037085533142e-02 6.522261071950197220e-03
1.900000000000000000e+02 2.954128896817564964e-03 6.167561747133731842e-03 2.954128896817564964e-03 6.167561747133731842e-03 5.002723261713981628e-02 6.256764288991689682e-03
2.000000000000000000e+02 2.850718097761273384e-03 5.930601619184017181e-03 2.850718097761273384e-03 5.930601619184017181e-03 4.905712231993675232e-02 6.016457919031381607e-03
2.100000000000000000e+02 2.762001007795333862e-03 5.711711477488279343e-03 2.762001007795333862e-03 5.711711477488279343e-03 4.814411327242851257e-02 5.794594995677471161e-03
2.200000000000000000e+02 2.683424856513738632e-03 5.510142073035240173e-03 2.683424856513738632e-03 5.510142073035240173e-03 4.728801921010017395e-02 5.590349901467561722e-03
2.300000000000000000e+02 2.611840842291712761e-03 5.324623081833124161e-03 2.611840842291712761e-03 5.324623081833124161e-03 4.648636654019355774e-02 5.402416456490755081e-03
2.400000000000000000e+02 2.546276431530714035e-03 5.152454599738121033e-03 2.546276431530714035e-03 5.152454599738121033e-03 4.573015496134757996e-02 5.228079389780759811e-03
2.500000000000000000e+02 2.485694130882620811e-03 4.991600289940834045e-03 2.485694130882620811e-03 4.991600289940834045e-03 4.501251131296157837e-02 5.065278150141239166e-03
2.600000000000000000e+02 2.428882755339145660e-03 4.840664099901914597e-03 2.428882755339145660e-03 4.840664099901914597e-03 4.432889074087142944e-02 4.912590142339468002e-03
2.700000000000000000e+02 2.374908421188592911e-03 4.698384553194046021e-03 2.374908421188592911e-03 4.698384553194046021e-03 4.367499798536300659e-02 4.768727812916040421e-03
2.800000000000000000e+02 2.323090331628918648e-03 4.563573747873306274e-03 2.323090331628918648e-03 4.563573747873306274e-03 4.304656758904457092e-02 4.632482305169105530e-03
2.900000000000000000e+02 2.272926503792405128e-03 4.435137845575809479e-03 2.272926503792405128e-03 4.435137845575809479e-03 4.243949428200721741e-02 4.502743482589721680e-03
3.000000000000000000e+02 2.223975956439971924e-03 4.312150180339813232e-03 2.223975956439971924e-03 4.312150180339813232e-03 4.185022413730621338e-02 4.378569778054952621e-03
3.100000000000000000e+02 2.175869885832071304e-03 4.193815402686595917e-03 2.175869885832071304e-03 4.193815402686595917e-03 4.127556085586547852e-02 4.259148146957159042e-03
3.200000000000000000e+02 2.128315623849630356e-03 4.079421516507863998e-03 2.128315623849630356e-03 4.079421516507863998e-03 4.071256518363952637e-02 4.143752157688140869e-03
3.300000000000000000e+02 2.081103855744004250e-03 3.968314733356237411e-03 2.081103855744004250e-03 3.968314733356237411e-03 4.015842080116271973e-02 4.031716845929622650e-03
3.400000000000000000e+02 2.034058328717947006e-03 3.859938820824027061e-03 2.034058328717947006e-03 3.859938820824027061e-03 3.961061686277389526e-02 3.922473173588514328e-03
3.500000000000000000e+02 1.987053314223885536e-03 3.753795055672526360e-03 1.987053314223885536e-03 3.753795055672526360e-03 3.906681761145591736e-02 3.815512405708432198e-03
3.600000000000000000e+02 1.939998008310794830e-03 3.649459453299641609e-03 1.939998008310794830e-03 3.649459453299641609e-03 3.852494433522224426e-02 3.710400545969605446e-03
3.700000000000000000e+02 1.892831875011324883e-03 3.546566935256123543e-03 1.892831875011324883e-03 3.546566935256123543e-03 3.798309341073036194e-02 3.606762038543820381e-03
3.800000000000000000e+02 1.845534308813512325e-03 3.444803413003683090e-03 1.845534308813512325e-03 3.444803413003683090e-03 3.743955492973327637e-02 3.504274412989616394e-03
3.900000000000000000e+02 1.798114506527781487e-03 3.343912772834300995e-03 1.798114506527781487e-03 3.343912772834300995e-03 3.689281269907951355e-02 3.402673639357089996e-03
4.000000000000000000e+02 1.750612398609519005e-03 3.243693383410573006e-03 1.750612398609519005e-03 3.243693383410573006e-03 3.634157404303550720e-02 3.301750170066952705e-03
4.100000000000000000e+02 1.703088986687362194e-03 3.143999958410859108e-03 1.703088986687362194e-03 3.143999958410859108e-03 3.578477352857589722e-02 3.201351501047611237e-03
4.200000000000000000e+02 1.655635423958301544e-03 3.044739598408341408e-03 1.655635423958301544e-03 3.044739598408341408e-03 3.522159531712532043e-02 3.101378679275512695e-03
4.300000000000000000e+02 1.608365681022405624e-03 2.945874352008104324e-03 1.608365681022405624e-03 2.945874352008104324e-03 3.465145453810691833e-02 3.001786302775144577e-03
4.400000000000000000e+02 1.561413169838488102e-03 2.847416792064905167e-03 1.561413169838488102e-03 2.847416792064905167e-03 3.407405316829681396e-02 2.902581589296460152e-03
4.500000000000000000e+02 1.514923060312867165e-03 2.749433508142828941e-03 1.514923060312867165e-03 2.749433508142828941e-03 3.348938748240470886e-02 2.803826704621315002e-03
4.600000000000000000e+02 1.469060429371893406e-03 2.652029739692807198e-03 1.469060429371893406e-03 2.652029739692807198e-03 3.289767727255821228e-02 2.705622930079698563e-03
4.700000000000000000e+02 1.423983834683895111e-03 2.555364277213811874e-03 1.423983834683895111e-03 2.555364277213811874e-03 3.229949995875358582e-02 2.608124632388353348e-03
4.800000000000000000e+02 1.379850669763982296e-03 2.459630370140075684e-03 1.379850669763982296e-03 2.459630370140075684e-03 3.169569000601768494e-02 2.511522499844431877e-03
4.900000000000000000e+02 1.336812507361173630e-03 2.365044783800840378e-03 1.336812507361173630e-03 2.365044783800840378e-03 3.108729235827922821e-02 2.416031667962670326e-03
5.000000000000000000e+02 1.294994493946433067e-03 2.271852688863873482e-03 1.294994493946433067e-03 2.271852688863873482e-03 3.047564998269081116e-02 2.321895677596330643e-03
5.100000000000000000e+02 1.254506758414208889e-03 2.180296229198575020e-03 1.254506758414208889e-03 2.180296229198575020e-03 2.986217848956584930e-02 2.229357603937387466e-03
5.200000000000000000e+02 1.215430209413170815e-03 2.090616151690483093e-03 1.215430209413170815e-03 2.090616151690483093e-03 2.924840152263641357e-02 2.138656564056873322e-03
5.300000000000000000e+02 1.177798258140683174e-03 2.003050642088055611e-03 1.177798258140683174e-03 2.003050642088055611e-03 2.863598614931106567e-02 2.050034003332257271e-03
5.400000000000000000e+02 1.141633023507893085e-03 1.917795278131961823e-03 1.141633023507893085e-03 1.917795278131961823e-03 2.802642062306404114e-02 1.963685732334852219e-03
5.500000000000000000e+02 1.106904004700481892e-03 1.835023867897689342e-03 1.106904004700481892e-03 1.835023867897689342e-03 2.742118574678897858e-02 1.879789633676409721e-03
5.600000000000000000e+02 1.073553576134145260e-03 1.754878903739154339e-03 1.073553576134145260e-03 1.754878903739154339e-03 2.682165615260601044e-02 1.798490062355995178e-03
5.700000000000000000e+02 1.041505136527121067e-03 1.677453168667852879e-03 1.041505136527121067e-03 1.677453168667852879e-03 2.622895874083042145e-02 1.719882944598793983e-03
5.800000000000000000e+02 1.010654959827661514e-03 1.602807780727744102e-03 1.010654959827661514e-03 1.602807780727744102e-03 2.564408071339130402e-02 1.644034986384212971e-03
5.900000000000000000e+02 9.808944305405020714e-04 1.530968467704951763e-03 9.808944305405020714e-04 1.530968467704951763e-03 2.506779879331588745e-02 1.570974709466099739e-03
6.000000000000000000e+02 9.521109750494360924e-04 1.461923005990684032e-03 9.521109750494360924e-04 1.461923005990684032e-03 2.450065873563289642e-02 1.500694546848535538e-03
6.100000000000000000e+02 9.241966763511300087e-04 1.395641476847231388e-03 9.241966763511300087e-04 1.395641476847231388e-03 2.394310571253299713e-02 1.433170051313936710e-03
6.200000000000000000e+02 8.970560738816857338e-04 1.332069514319300652e-03 8.970560738816857338e-04 1.332069514319300652e-03 2.339538559317588806e-02 1.368349883705377579e-03
6.300000000000000000e+02 8.706143707968294621e-04 1.271131099201738834e-03 8.706143707968294621e-04 1.271131099201738834e-03 2.285757847130298615e-02 1.306162332184612751e-03
6.400000000000000000e+02 8.448077715002000332e-04 1.212750212289392948e-03 8.448077715002000332e-04 1.212750212289392948e-03 2.232976444065570831e-02 1.246536849066615105e-03
6.500000000000000000e+02 8.195950067602097988e-04 1.156841055490076542e-03 8.195950067602097988e-04 1.156841055490076542e-03 2.181191742420196533e-02 1.189390546642243862e-03
6.600000000000000000e+02 7.949543651193380356e-04 1.103310496546328068e-03 7.949543651193380356e-04 1.103310496546328068e-03 2.130391821265220642e-02 1.134633901529014111e-03
6.700000000000000000e+02 7.708736811764538288e-04 1.052073319442570210e-03 7.708736811764538288e-04 1.052073319442570210e-03 2.080570347607135773e-02 1.082185306586325169e-03
6.800000000000000000e+02 7.473547011613845825e-04 1.003043493255972862e-03 7.473547011613845825e-04 1.003043493255972862e-03 2.031717821955680847e-02 1.031961641274392605e-03
6.900000000000000000e+02 7.244103471748530865e-04 9.561363840475678444e-04 7.244103471748530865e-04 9.561363840475678444e-04 1.983822882175445557e-02 9.838809492066502571e-04
7.000000000000000000e+02 7.020561024546623230e-04 9.112767875194549561e-04 7.020561024546623230e-04 9.112767875194549561e-04 1.936881430447101593e-02 9.378704125992953777e-04
7.100000000000000000e+02 6.803116993978619576e-04 8.683894411660730839e-04 6.803116993978619576e-04 8.683894411660730839e-04 1.890886388719081879e-02 8.938563405536115170e-04
7.200000000000000000e+02 6.591959390789270401e-04 8.274082210846245289e-04 6.591959390789270401e-04 8.274082210846245289e-04 1.845839805901050568e-02 8.517749374732375145e-04
7.300000000000000000e+02 6.387314060702919960e-04 7.882626377977430820e-04 6.387314060702919960e-04 7.882626377977430820e-04 1.801735907793045044e-02 8.115569944493472576e-04
7.400000000000000000e+02 6.189303821884095669e-04 7.508980343118309975e-04 6.189303821884095669e-04 7.508980343118309975e-04 1.758584752678871155e-02 7.731493096798658371e-04
7.500000000000000000e+02 5.998071865178644657e-04 7.152554462663829327e-04 5.998071865178644657e-04 7.152554462663829327e-04 1.716390624642372131e-02 7.364938501268625259e-04
7.600000000000000000e+02 5.813694442622363567e-04 6.812806241214275360e-04 5.813694442622363567e-04 6.812806241214275360e-04 1.675162836909294128e-02 7.015372975729405880e-04
7.700000000000000000e+02 5.636223941110074520e-04 6.489205406978726387e-04 5.636223941110074520e-04 6.489205406978726387e-04 1.634910702705383301e-02 6.682282546535134315e-04
7.800000000000000000e+02 5.465643480420112610e-04 6.181270582601428032e-04 5.465643480420112610e-04 6.181270582601428032e-04 1.595647633075714111e-02 6.365180597640573978e-04
7.900000000000000000e+02 5.301905912347137928e-04 5.888508749194443226e-04 5.301905912347137928e-04 5.888508749194443226e-04 1.557386200875043869e-02 6.063584587536752224e-04
8.000000000000000000e+02 5.144938477315008640e-04 5.610418738797307014e-04 5.144938477315008640e-04 5.610418738797307014e-04 1.520137023180723190e-02 5.776999169029295444e-04
8.100000000000000000e+02 4.994602059014141560e-04 5.346548859961330891e-04 4.994602059014141560e-04 5.346548859961330891e-04 1.483915559947490692e-02 5.504972650669515133e-04
8.200000000000000000e+02 4.850721743423491716e-04 5.096436943858861923e-04 4.850721743423491716e-04 5.096436943858861923e-04 1.448735222220420837e-02 5.247046356089413166e-04
8.300000000000000000e+02 4.713149974122643471e-04 4.859576583839952946e-04 4.713149974122643471e-04 4.859576583839952946e-04 1.414602808654308319e-02 5.002715042792260647e-04
8.400000000000000000e+02 4.581649845931679010e-04 4.635532677639275789e-04 4.581649845931679010e-04 4.635532677639275789e-04 1.381531823426485062e-02 4.771539825014770031e-04
8.500000000000000000e+02 4.456014139577746391e-04 4.423808131832629442e-04 4.456014139577746391e-04 4.423808131832629442e-04 1.349527575075626373e-02 4.553027974907308817e-04
8.600000000000000000e+02 4.336002166382968426e-04 4.223931464366614819e-04 4.336002166382968426e-04 4.223931464366614819e-04 1.318595372140407562e-02 4.346702189650386572e-04
8.700000000000000000e+02 4.221385461278259754e-04 4.035410529468208551e-04 4.221385461278259754e-04 4.035410529468208551e-04 1.288735680282115936e-02 4.152068286202847958e-04
8.800000000000000000e+02 4.111900634597986937e-04 3.857788105960935354e-04 4.111900634597986937e-04 3.857788105960935354e-04 1.259951386600732803e-02 3.968664386775344610e-04
8.900000000000000000e+02 4.007322131656110287e-04 3.690560115501284599e-04 4.007322131656110287e-04 3.690560115501284599e-04 1.232234481722116470e-02 3.795976517722010612e-04
9.000000000000000000e+02 3.907397913280874491e-04 3.533251583576202393e-04 3.907397913280874491e-04 3.533251583576202393e-04 1.205579750239849091e-02 3.633529413491487503e-04
9.100000000000000000e+02 3.811890783254057169e-04 3.385384043212980032e-04 3.811890783254057169e-04 3.385384043212980032e-04 1.179976109415292740e-02 3.480833256617188454e-04
9.200000000000000000e+02 3.720573149621486664e-04 3.246487758588045835e-04 3.720573149621486664e-04 3.246487758588045835e-04 1.155410613864660263e-02 3.337408998049795628e-04
9.300000000000000000e+02 3.633222950156778097e-04 3.116092702839523554e-04 3.633222950156778097e-04 3.116092702839523554e-04 1.131865661591291428e-02 3.202775842510163784e-04
9.400000000000000000e+02 3.549631510395556688e-04 2.993728849105536938e-04 3.549631510395556688e-04 2.993728849105536938e-04 1.109320297837257385e-02 3.076455905102193356e-04
9.500000000000000000e+02 3.469584044069051743e-04 2.878968953154981136e-04 3.469584044069051743e-04 2.878968953154981136e-04 1.087756175547838211e-02 2.958012046292424202e-04
9.600000000000000000e+02 3.392897488083690405e-04 2.771358122117817402e-04 3.392897488083690405e-04 2.771358122117817402e-04 1.067145168781280518e-02 2.846975985448807478e-04
9.700000000000000000e+02 3.319377137813717127e-04 2.670485991984605789e-04 3.319377137813717127e-04 2.670485991984605789e-04 1.047462690621614456e-02 2.742924261838197708e-04
9.800000000000000000e+02 3.248852153774350882e-04 2.575939579401165247e-04 3.248852153774350882e-04 2.575939579401165247e-04 1.028679497539997101e-02 2.645434287842363119e-04
9.900000000000000000e+02 3.181157226208597422e-04 2.487332385499030352e-04 3.181157226208597422e-04 2.487332385499030352e-04 1.010766532272100449e-02 2.554103266447782516e-04
1.000000000000000000e+03 3.116133448202162981e-04 2.404287370154634118e-04 3.116133448202162981e-04 2.404287370154634118e-04 9.936929680407047272e-03 2.468546153977513313e-04
1.010000000000000000e+03 3.053640539292246103e-04 2.326446119695901871e-04 3.053640539292246103e-04 2.326446119695901871e-04 9.774268604815006256e-03 2.388390712440013885e-04
1.020000000000000000e+03 2.993537927977740765e-04 2.253463899251073599e-04 2.993537927977740765e-04 2.253463899251073599e-04 9.619349613785743713e-03 2.313279837835580111e-04
1.030000000000000000e+03 2.935695229098200798e-04 2.185034245485439897e-04 2.935695229098200798e-04 2.185034245485439897e-04 9.471874684095382690e-03 2.242893533548340201e-04
1.040000000000000000e+03 2.879987296182662249e-04 2.120837016263976693e-04 2.879987296182662249e-04 2.120837016263976693e-04 9.331495501101016998e-03 2.176904090447351336e-04
1.050000000000000000e+03 2.826298004947602749e-04 2.060599072137847543e-04 2.826298004947602749e-04 2.060599072137847543e-04 9.197909384965896606e-03 2.115022944053635001e-04
1.060000000000000000e+03 2.774526656139642000e-04 2.004039124585688114e-04 2.774526656139642000e-04 2.004039124585688114e-04 9.070779196918010712e-03 2.056960220215842128e-04
1.070000000000000000e+03 2.724571386352181435e-04 1.950906298588961363e-04 2.724571386352181435e-04 1.950906298588961363e-04 8.949793875217437744e-03 2.002455148613080382e-04
1.080000000000000000e+03 2.676329750102013350e-04 1.900972420116886497e-04 2.676329750102013350e-04 1.900972420116886497e-04 8.834663778543472290e-03 1.951267768163233995e-04
1.090000000000000000e+03 2.629719965625554323e-04 1.854005677159875631e-04 2.629719965625554323e-04 1.854005677159875631e-04 8.725074119865894318e-03 1.903158845379948616e-04
1.100000000000000000e+03 2.584657922852784395e-04 1.809799287002533674e-04 2.584657922852784395e-04 1.809799287002533674e-04 8.620729669928550720e-03 1.857910683611407876e-04
1.110000000000000000e+03 2.541062422096729279e-04 1.768163783708587289e-04 2.541062422096729279e-04 1.768163783708587289e-04 8.521368727087974548e-03 1.815329451346769929e-04
1.120000000000000000e+03 2.498857211321592331e-04 1.728918141452595592e-04 2.498857211321592331e-04 1.728918141452595592e-04 8.426711894571781158e-03 1.775223354343324900e-04
1.130000000000000000e+03 2.457980881445109844e-04 1.691890647634863853e-04 2.457980881445109844e-04 1.691890647634863853e-04 8.336485363543033600e-03 1.737411803333088756e-04
1.140000000000000000e+03 2.418363292235881090e-04 1.656927488511428237e-04 2.418363292235881090e-04 1.656927488511428237e-04 8.250458166003227234e-03 1.701738801784813404e-04
1.150000000000000000e+03 2.379947836743667722e-04 1.623885182198137045e-04 2.379947836743667722e-04 1.623885182198137045e-04 8.168388158082962036e-03 1.668051409069448709e-04
1.160000000000000000e+03 2.342676598345860839e-04 1.592623302713036537e-04 2.342676598345860839e-04 1.592623302713036537e-04 8.090038783848285675e-03 1.636205852264538407e-04
1.170000000000000000e+03 2.306492533534765244e-04 1.563026016810908914e-04 2.306492533534765244e-04 1.563026016810908914e-04 8.015210740268230438e-03 1.606078149052336812e-04
1.180000000000000000e+03 2.271345729241147637e-04 1.534969778731465340e-04 2.271345729241147637e-04 1.534969778731465340e-04 7.943686097860336304e-03 1.577541843289509416e-04
1.190000000000000000e+03 2.237193839391693473e-04 1.508348359493538737e-04 2.237193839391693473e-04 1.508348359493538737e-04 7.875267416238784790e-03 1.550484448671340942e-04
1.200000000000000000e+03 2.203985932283103466e-04 1.483064115745946765e-04 2.203985932283103466e-04 1.483064115745946765e-04 7.809777744114398956e-03 1.524804392829537392e-04
1.210000000000000000e+03 2.171683154301717877e-04 1.459021295886486769e-04 2.171683154301717877e-04 1.459021295886486769e-04 7.747039664536714554e-03 1.500404468970373273e-04
1.220000000000000000e+03 2.140249707736074924e-04 1.436132151866331697e-04 2.140249707736074924e-04 1.436132151866331697e-04 7.686873897910118103e-03 1.477189653087407351e-04
1.230000000000000000e+03 2.109641209244728088e-04 1.414325233781710267e-04 2.109641209244728088e-04 1.414325233781710267e-04 7.629156578332185745e-03 1.455090095987543464e-04
1.240000000000000000e+03 2.079829282592982054e-04 1.393517595715820789e-04 2.079829282592982054e-04 1.393517595715820789e-04 7.573704700917005539e-03 1.434014557162299752e-04
1.250000000000000000e+03 2.050775074167177081e-04 1.373647683067247272e-04 2.050775074167177081e-04 1.373647683067247272e-04 7.520404178649187088e-03 1.413901336491107941e-04
1.260000000000000000e+03 2.022451517404988408e-04 1.354650012217462063e-04 2.022451517404988408e-04 1.354650012217462063e-04 7.469118107110261917e-03 1.394682476529851556e-04
1.270000000000000000e+03 1.994825870497152209e-04 1.336465211352333426e-04 1.994825870497152209e-04 1.336465211352333426e-04 7.419721689075231552e-03 1.376296422677114606e-04
1.280000000000000000e+03 1.967873831745237112e-04 1.319042348768562078e-04 1.967873831745237112e-04 1.319042348768562078e-04 7.372110150754451752e-03 1.358689914923161268e-04
1.290000000000000000e+03 1.941565715242177248e-04 1.302324089920148253e-04 1.941565715242177248e-04 1.302324089920148253e-04 7.326156366616487503e-03 1.341804309049621224e-04
1.300000000000000000e+03 1.915877801366150379e-04 1.286267943214625120e-04 1.915877801366150379e-04 1.286267943214625120e-04 7.281767204403877258e-03 1.325593621004372835e-04
1.310000000000000000e+03 1.890790590550750494e-04 1.270834327442571521e-04 1.890790590550750494e-04 1.270834327442571521e-04 7.238859776407480240e-03 1.310017396463081241e-04
1.320000000000000000e+03 1.866275124484673142e-04 1.255977549590170383e-04 1.866275124484673142e-04 1.255977549590170383e-04 7.197331637144088745e-03 1.295030233450233936e-04
1.330000000000000000e+03 1.842315832618623972e-04 1.241662685060873628e-04 1.842315832618623972e-04 1.241662685060873628e-04 7.157103624194860458e-03 1.280593860428780317e-04
1.340000000000000000e+03 1.818889722926542163e-04 1.227854954777285457e-04 1.818889722926542163e-04 1.227854954777285457e-04 7.118093315511941910e-03 1.266671752091497183e-04
1.350000000000000000e+03 1.795978605514392257e-04 1.214519434142857790e-04 1.795978605514392257e-04 1.214519434142857790e-04 7.080228999257087708e-03 1.253231748705729842e-04
1.360000000000000000e+03 1.773561962181702256e-04 1.201634004246443510e-04 1.773561962181702256e-04 1.201634004246443510e-04 7.043454796075820923e-03 1.240246929228305817e-04
1.370000000000000000e+03 1.751626405166462064e-04 1.189167305710725486e-04 1.751626405166462064e-04 1.189167305710725486e-04 7.007698062807321548e-03 1.227686734637245536e-04
1.380000000000000000e+03 1.730154472170397639e-04 1.177093872684054077e-04 1.730154472170397639e-04 1.177093872684054077e-04 6.972894538193941116e-03 1.215522424899972975e-04
1.390000000000000000e+03 1.709130883682519197e-04 1.165387075161561370e-04 1.709130883682519197e-04 1.165387075161561370e-04 6.938987877219915390e-03 1.203729916596785188e-04
1.400000000000000000e+03 1.688538759481161833e-04 1.154032579506747425e-04 1.688538759481161833e-04 1.154032579506747425e-04 6.905941292643547058e-03 1.192291747429408133e-04
1.410000000000000000e+03 1.668365002842620015e-04 1.143002955359406769e-04 1.668365002842620015e-04 1.143002955359406769e-04 6.873691920191049576e-03 1.181182087748311460e-04
1.420000000000000000e+03 1.648596662562340498e-04 1.132282559410668910e-04 1.648596662562340498e-04 1.132282559410668910e-04 6.842201109975576401e-03 1.170384202850982547e-04
1.430000000000000000e+03 1.629219623282551765e-04 1.121852619689889252e-04 1.629219623282551765e-04 1.121852619689889252e-04 6.811420898884534836e-03 1.159877574536949396e-04
1.440000000000000000e+03 1.610226172488182783e-04 1.111695673898793757e-04 1.610226172488182783e-04 1.111695673898793757e-04 6.781308911740779877e-03 1.149645177065394819e-04
1.450000000000000000e+03 1.591598120285198092e-04 1.101800808100961149e-04 1.591598120285198092e-04 1.101800808100961149e-04 6.751846056431531906e-03 1.139677042374387383e-04
1.460000000000000000e+03 1.573327026562765241e-04 1.092153761419467628e-04 1.573327026562765241e-04 1.092153761419467628e-04 6.722988095134496689e-03 1.129955853684805334e-04
1.470000000000000000e+03 1.555402559461072087e-04 1.082738745026290417e-04 1.555402559461072087e-04 1.082738745026290417e-04 6.694700103253126144e-03 1.120466913562268019e-04
1.480000000000000000e+03 1.537816569907590747e-04 1.073541934601962566e-04 1.537816569907590747e-04 1.073541934601962566e-04 6.666945293545722961e-03 1.111195670091547072e-04
1.490000000000000000e+03 1.520557416370138526e-04 1.064550378941930830e-04 1.520557416370138526e-04 1.064550378941930830e-04 6.639691535383462906e-03 1.102129390346817672e-04
1.500000000000000000e+03 1.503615203546360135e-04 1.055760440067388117e-04 1.503615203546360135e-04 1.055760440067388117e-04 6.612933706492185593e-03 1.093263999791815877e-04
1.510000000000000000e+03 1.486979745095595717e-04 1.047158875735476613e-04 1.486979745095595717e-04 1.047158875735476613e-04 6.586638744920492172e-03 1.084587056539021432e-04
1.520000000000000000e+03 1.470645802328363061e-04 1.038734917528927326e-04 1.470645802328363061e-04 1.038734917528927326e-04 6.560772657394409180e-03 1.076085391105152667e-04
1.530000000000000000e+03 1.454602024750784039e-04 1.030481944326311350e-04 1.454602024750784039e-04 1.030481944326311350e-04 6.535329855978488922e-03 1.067755583790130913e-04
1.540000000000000000e+03 1.438840845366939902e-04 1.022392971208319068e-04 1.438840845366939902e-04 1.022392971208319068e-04 6.510284263640642166e-03 1.059587084455415606e-04
1.550000000000000000e+03 1.423356879968196154e-04 1.014456065604463220e-04 1.423356879968196154e-04 1.014456065604463220e-04 6.485609337687492371e-03 1.051570507115684450e-04
1.560000000000000000e+03 1.408140669809654355e-04 1.006666643661446869e-04 1.408140669809654355e-04 1.006666643661446869e-04 6.461290642619132996e-03 1.043699157889932394e-04
1.570000000000000000e+03 1.393183774780482054e-04 9.990235412260517478e-05 1.393183774780482054e-04 9.990235412260517478e-05 6.437331438064575195e-03 1.035973255056887865e-04
1.580000000000000000e+03 1.378483284497633576e-04 9.915084228850901127e-05 1.378483284497633576e-04 9.915084228850901127e-05 6.413677241653203964e-03 1.028373953886330128e-04
1.590000000000000000e+03 1.364029158139601350e-04 9.841290011536329985e-05 1.364029158139601350e-04 9.841290011536329985e-05 6.390357855707406998e-03 1.020909257931634784e-04
1.600000000000000000e+03 1.349816157016903162e-04 9.768690506462007761e-05 1.349816157016903162e-04 9.768690506462007761e-05 6.367326714098453522e-03 1.013563596643507481e-04
1.610000000000000000e+03 1.335841225227341056e-04 9.697290079202502966e-05 1.335841225227341056e-04 9.697290079202502966e-05 6.344575900584459305e-03 1.006333550321869552e-04
1.620000000000000000e+03 1.322094758506864309e-04 9.627011604607105255e-05 1.322094758506864309e-04 9.627011604607105255e-05 6.322099827229976654e-03 9.992162085836753249e-05
1.630000000000000000e+03 1.308570645051077008e-04 9.557821613270789385e-05 1.308570645051077008e-04 9.557821613270789385e-05 6.299887783825397491e-03 9.922072058543562889e-05
1.640000000000000000e+03 1.295267575187608600e-04 9.489688818575814366e-05 1.295267575187608600e-04 9.489688818575814366e-05 6.277926731854677200e-03 9.853017400018870831e-05
1.650000000000000000e+03 1.282175071537494659e-04 9.422573202755302191e-05 1.282175071537494659e-04 9.422573202755302191e-05 6.256208755075931549e-03 9.784964640857651830e-05
1.660000000000000000e+03 1.269290805794298649e-04 9.356451482744887471e-05 1.269290805794298649e-04 9.356451482744887471e-05 6.234728265553712845e-03 9.717887587612494826e-05
1.670000000000000000e+03 1.256610121345147491e-04 9.291239257436245680e-05 1.256610121345147491e-04 9.291239257436245680e-05 6.213464774191379547e-03 9.651713480707257986e-05
1.680000000000000000e+03 1.244126469828188419e-04 9.226951078744605184e-05 1.244126469828188419e-04 9.226951078744605184e-05 6.192418280988931656e-03 9.586440864950418472e-05
1.690000000000000000e+03 1.231835776707157493e-04 9.163525828626006842e-05 1.231835776707157493e-04 9.163525828626006842e-05 6.171582266688346863e-03 9.522036998532712460e-05
1.700000000000000000e+03 1.219737023347988725e-04 9.100927127292379737e-05 1.219737023347988725e-04 9.100927127292379737e-05 6.150937173515558243e-03 9.458437853027135134e-05
1.710000000000000000e+03 1.207821551361121237e-04 9.039157885126769543e-05 1.207821551361121237e-04 9.039157885126769543e-05 6.130489055067300797e-03 9.395654342370107770e-05
1.720000000000000000e+03 1.196086595882661641e-04 8.978196274256333709e-05 1.196086595882661641e-04 8.978196274256333709e-05 6.110232789069414139e-03 9.333668276667594910e-05
1.730000000000000000e+03 1.184526772703975439e-04 8.917961531551554799e-05 1.184526772703975439e-04 8.917961531551554799e-05 6.090145558118820190e-03 9.272398892790079117e-05
1.740000000000000000e+03 1.173141208710148931e-04 8.858477667672559619e-05 1.173141208710148931e-04 8.858477667672559619e-05 6.070235278457403183e-03 9.211872384184971452e-05
1.750000000000000000e+03 1.161923428298905492e-04 8.799714851193130016e-05 1.161923428298905492e-04 8.799714851193130016e-05 6.050495430827140808e-03 9.152056009043008089e-05
1.760000000000000000e+03 1.150869793491438031e-04 8.741639612708240747e-05 1.150869793491438031e-04 8.741639612708240747e-05 6.030918098986148834e-03 9.092925756704062223e-05
1.770000000000000000e+03 1.139979285653680563e-04 8.684245403856039047e-05 1.139979285653680563e-04 8.684245403856039047e-05 6.011497694998979568e-03 9.034457616508007050e-05
1.780000000000000000e+03 1.129244628828018904e-04 8.627494389656931162e-05 1.129244628828018904e-04 8.627494389656931162e-05 5.992226768285036087e-03 8.976628305390477180e-05
1.790000000000000000e+03 1.118665677495300770e-04 8.571404032409191132e-05 1.118665677495300770e-04 8.571404032409191132e-05 5.973111372441053391e-03 8.919448009692132473e-05
1.800000000000000000e+03 1.108237265725620091e-04 8.515897934557870030e-05 1.108237265725620091e-04 8.515897934557870030e-05 5.954129621386528015e-03 8.862849063007161021e-05
1.810000000000000000e+03 1.097956483135931194e-04 8.460976823698729277e-05 1.097956483135931194e-04 8.460976823698729277e-05 5.935284774750471115e-03 8.806833648122847080e-05
1.820000000000000000e+03 1.087821947294287384e-04 8.406682900385931134e-05 1.087821947294287384e-04 8.406682900385931134e-05 5.916585214436054230e-03 8.751430141273885965e-05
1.830000000000000000e+03 1.077829074347391725e-04 8.352902659680694342e-05 1.077829074347391725e-04 8.352902659680694342e-05 5.898007191717624664e-03 8.696557051734998822e-05
1.840000000000000000e+03 1.067976409103721380e-04 8.299717592308297753e-05 1.067976409103721380e-04 8.299717592308297753e-05 5.879562813788652420e-03 8.642248576506972313e-05
1.850000000000000000e+03 1.058256239048205316e-04 8.247062942245975137e-05 1.058256239048205316e-04 8.247062942245975137e-05 5.861241370439529419e-03 8.588472701376304030e-05
1.860000000000000000e+03 1.048671329044736922e-04 8.194925612770020962e-05 1.048671329044736922e-04 8.194925612770020962e-05 5.843042396008968353e-03 8.535222150385379791e-05
1.870000000000000000e+03 1.039217167999595404e-04 8.143299055518582463e-05 1.039217167999595404e-04 8.143299055518582463e-05 5.824955645948648453e-03 8.482461998937651515e-05
1.880000000000000000e+03 1.029890045174397528e-04 8.092186180874705315e-05 1.029890045174397528e-04 8.092186180874705315e-05 5.806989967823028564e-03 8.430220623267814517e-05
1.890000000000000000e+03 1.020689669530838728e-04 8.041544788284227252e-05 1.020689669530838728e-04 8.041544788284227252e-05 5.789130926132202148e-03 8.378447819268330932e-05
1.900000000000000000e+03 1.011610220302827656e-04 7.991401071194559336e-05 1.011610220302827656e-04 7.991401071194559336e-05 5.771385505795478821e-03 8.327161776833236217e-05
1.910000000000000000e+03 1.002654244075529277e-04 7.941704097902402282e-05 1.002654244075529277e-04 7.941704097902402282e-05 5.753739271312952042e-03 8.276317385025322437e-05
1.920000000000000000e+03 9.938135917764157057e-05 7.892467692727223039e-05 9.938135917764157057e-05 7.892467692727223039e-05 5.736201070249080658e-03 8.225939382100477815e-05
1.930000000000000000e+03 9.850889910012483597e-05 7.843685307307168841e-05 9.850889910012483597e-05 7.843685307307168841e-05 5.718769505620002747e-03 8.176019764505326748e-05
1.940000000000000000e+03 9.764794231159612536e-05 7.795329293003305793e-05 9.764794231159612536e-05 7.795329293003305793e-05 5.701431538909673691e-03 8.126520697260275483e-05
1.950000000000000000e+03 9.679811046225950122e-05 7.747393829049542546e-05 9.679811046225950122e-05 7.747393829049542546e-05 5.684185773134231567e-03 8.077432721620425582e-05
1.960000000000000000e+03 9.595895244274288416e-05 7.699889829382300377e-05 9.595895244274288416e-05 7.699889829382300377e-05 5.667043849825859070e-03 8.028786396607756615e-05
1.970000000000000000e+03 9.513088298263028264e-05 7.652770727872848511e-05 9.513088298263028264e-05 7.652770727872848511e-05 5.649984814226627350e-03 7.980523514561355114e-05
1.980000000000000000e+03 9.431295620743185282e-05 7.606075814692303538e-05 9.431295620743185282e-05 7.606075814692303538e-05 5.633025895804166794e-03 7.932687003631144762e-05
1.990000000000000000e+03 9.350560867460444570e-05 7.559767982456833124e-05 9.350560867460444570e-05 7.559767982456833124e-05 5.616151262074708939e-03 7.885230297688394785e-05
2.000000000000000000e+03 9.270833834307268262e-05 7.513845775974914432e-05 9.270833834307268262e-05 7.513845775974914432e-05 5.599363241344690323e-03 7.838158489903435111e-05
2.010000000000000000e+03 9.192110155709087849e-05 7.468297553714364767e-05 9.192110155709087849e-05 7.468297553714364767e-05 5.582661833614110947e-03 7.791471580276265740e-05
2.020000000000000000e+03 9.114343265537172556e-05 7.423150964314118028e-05 9.114343265537172556e-05 7.423150964314118028e-05 5.566052161157131195e-03 7.745175389572978020e-05
2.030000000000000000e+03 9.037552808877080679e-05 7.378330337814986706e-05 9.037552808877080679e-05 7.378330337814986706e-05 5.549510475248098373e-03 7.699209527345374227e-05
2.040000000000000000e+03 8.961695857578888535e-05 7.333869143621996045e-05 8.961695857578888535e-05 7.333869143621996045e-05 5.533050280064344406e-03 7.653605280211195350e-05
2.050000000000000000e+03 8.886783325579017401e-05 7.289759378181770444e-05 8.886783325579017401e-05 7.289759378181770444e-05 5.516669247299432755e-03 7.608353189425542951e-05
2.060000000000000000e+03 8.812754822429269552e-05 7.246010500239208341e-05 8.812754822429269552e-05 7.246010500239208341e-05 5.500372499227523804e-03 7.563468534499406815e-05
2.070000000000000000e+03 8.739641634747385979e-05 7.202572305686771870e-05 8.739641634747385979e-05 7.202572305686771870e-05 5.484139546751976013e-03 7.518891652580350637e-05
2.080000000000000000e+03 8.667395013617351651e-05 7.159476808737963438e-05 8.667395013617351651e-05 7.159476808737963438e-05 5.467983894050121307e-03 7.474656013073399663e-05
2.090000000000000000e+03 8.596012048656120896e-05 7.116729102563112974e-05 8.596012048656120896e-05 7.116729102563112974e-05 5.451907869428396225e-03 7.430768891936168075e-05
2.100000000000000000e+03 8.525465818820521235e-05 7.074299355736002326e-05 8.525465818820521235e-05 7.074299355736002326e-05 5.435904953628778458e-03 7.387210644083097577e-05
2.110000000000000000e+03 8.455754868919029832e-05 7.032179564703255892e-05 8.455754868919029832e-05 7.032179564703255892e-05 5.419969093054533005e-03 7.343960896832868457e-05
2.120000000000000000e+03 8.386857371078804135e-05 6.990358815528452396e-05 8.386857371078804135e-05 6.990358815528452396e-05 5.404095631092786789e-03 7.301008008653298020e-05
2.130000000000000000e+03 8.318771870108321309e-05 6.948842201381921768e-05 8.318771870108321309e-05 6.948842201381921768e-05 5.388294346630573273e-03 7.258375262608751655e-05
2.140000000000000000e+03 8.251468534581363201e-05 6.907649367349222302e-05 8.251468534581363201e-05 6.907649367349222302e-05 5.372562911361455917e-03 7.216055382741615176e-05
2.150000000000000000e+03 8.184961188817396760e-05 6.866727926535531878e-05 8.184961188817396760e-05 6.866727926535531878e-05 5.356892943382263184e-03 7.174022175604477525e-05
2.160000000000000000e+03 8.119195990730077028e-05 6.826104799984022975e-05 8.119195990730077028e-05 6.826104799984022975e-05 5.341283977031707764e-03 7.132275641197338700e-05
2.170000000000000000e+03 8.054199861362576485e-05 6.785779260098934174e-05 8.054199861362576485e-05 6.785779260098934174e-05 5.325742997229099274e-03 7.090832514222711325e-05
2.180000000000000000e+03 7.989924051798880100e-05 6.745746213709935546e-05 7.989924051798880100e-05 6.745746213709935546e-05 5.310269538313150406e-03 7.049687701510265470e-05
2.190000000000000000e+03 7.926380931166931987e-05 6.705962005071341991e-05 7.926380931166931987e-05 6.705962005071341991e-05 5.294847302138805389e-03 7.008801185293123126e-05
2.200000000000000000e+03 7.863553037168458104e-05 6.666496483376249671e-05 7.863553037168458104e-05 6.666496483376249671e-05 5.279497709125280380e-03 6.968221714487299323e-05
2.210000000000000000e+03 7.801433821441605687e-05 6.627260881941765547e-05 7.801433821441605687e-05 6.627260881941765547e-05 5.264196079224348068e-03 6.927888898644596338e-05
2.220000000000000000e+03 7.740009459666907787e-05 6.588304677279666066e-05 7.740009459666907787e-05 6.588304677279666066e-05 5.248955450952053070e-03 6.887832569191232324e-05
2.230000000000000000e+03 7.679264672333374619e-05 6.549604586325585842e-05 7.679264672333374619e-05 6.549604586325585842e-05 5.233768373727798462e-03 6.848033081041648984e-05
2.240000000000000000e+03 7.619177631568163633e-05 6.511199171654880047e-05 7.619177631568163633e-05 6.511199171654880047e-05 5.218652542680501938e-03 6.808532634750008583e-05
2.250000000000000000e+03 7.559749064967036247e-05 6.473052053479477763e-05 7.559749064967036247e-05 6.473052053479477763e-05 5.203595384955406189e-03 6.769301398890092969e-05
2.260000000000000000e+03 7.500952779082581401e-05 6.435138493543490767e-05 7.500952779082581401e-05 6.435138493543490767e-05 5.188584327697753906e-03 6.730301538482308388e-05
2.270000000000000000e+03 7.442825881298631430e-05 6.397492688847705722e-05 7.442825881298631430e-05 6.397492688847705722e-05 5.173634737730026245e-03 6.691573071293532848e-05
2.280000000000000000e+03 7.385312346741557121e-05 6.360047700582072139e-05 7.385312346741557121e-05 6.360047700582072139e-05 5.158720538020133972e-03 6.653050513705238700e-05
2.290000000000000000e+03 7.328420906560495496e-05 6.322903209365904331e-05 7.328420906560495496e-05 6.322903209365904331e-05 5.143878050148487091e-03 6.614821904804557562e-05
2.300000000000000000e+03 7.272150105563923717e-05 6.285960989771410823e-05 7.272150105563923717e-05 6.285960989771410823e-05 5.129080265760421753e-03 6.576817395398393273e-05
2.310000000000000000e+03 7.216468657134100795e-05 6.249266152735799551e-05 7.216468657134100795e-05 6.249266152735799551e-05 5.114334169775247574e-03 6.539054447785019875e-05
2.320000000000000000e+03 7.161388202803209424e-05 6.212799780769273639e-05 7.161388202803209424e-05 6.212799780769273639e-05 5.099636502563953400e-03 6.501524330815300345e-05
2.330000000000000000e+03 7.106886914698407054e-05 6.176598981255665421e-05 7.106886914698407054e-05 6.176598981255665421e-05 5.084999836981296539e-03 6.464258331106975675e-05
2.340000000000000000e+03 7.052935688989236951e-05 6.140613550087437034e-05 7.052935688989236951e-05 6.140613550087437034e-05 5.070412997156381607e-03 6.427223706850782037e-05
2.350000000000000000e+03 6.999574543442577124e-05 6.104825297370553017e-05 6.999574543442577124e-05 6.104825297370553017e-05 5.055860150605440140e-03 6.390381895471364260e-05
2.360000000000000000e+03 6.946761277504265308e-05 6.069285882404074073e-05 6.946761277504265308e-05 6.069285882404074073e-05 5.041365511715412140e-03 6.353794742608442903e-05
2.370000000000000000e+03 6.894488615216687322e-05 6.033960380591452122e-05 6.894488615216687322e-05 6.033960380591452122e-05 5.026917438954114914e-03 6.317428051261231303e-05
2.380000000000000000e+03 6.842765287728980184e-05 5.998889901093207300e-05 6.842765287728980184e-05 5.998889901093207300e-05 5.012523382902145386e-03 6.281300738919526339e-05
2.390000000000000000e+03 6.791570194764062762e-05 5.964006777503527701e-05 6.791570194764062762e-05 5.964006777503527701e-05 4.998169839382171631e-03 6.245377880986779928e-05
2.400000000000000000e+03 6.740878598066046834e-05 5.929351755185052752e-05 6.740878598066046834e-05 5.929351755185052752e-05 4.983867984265089035e-03 6.209688581293448806e-05
2.410000000000000000e+03 6.690718873869627714e-05 5.894909190828911960e-05 6.690718873869627714e-05 5.894909190828911960e-05 4.969611298292875290e-03 6.174213922349736094e-05
2.420000000000000000e+03 6.641064828727394342e-05 5.860673263669013977e-05 6.641064828727394342e-05 5.860673263669013977e-05 4.955397918820381165e-03 6.138947355793789029e-05
2.430000000000000000e+03 6.591904821107164025e-05 5.826655615237541497e-05 6.591904821107164025e-05 5.826655615237541497e-05 4.941238556057214737e-03 6.103913619881495833e-05
2.440000000000000000e+03 6.543247582158073783e-05 5.792830415884964168e-05 6.543247582158073783e-05 5.792830415884964168e-05 4.927114583551883698e-03 6.069069058867171407e-05
2.450000000000000000e+03 6.495077832369133830e-05 5.759234045399352908e-05 6.495077832369133830e-05 5.759234045399352908e-05 4.913047887384891510e-03 6.034464240656234324e-05
2.460000000000000000e+03 6.447388295782729983e-05 5.725837399950250983e-05 6.447388295782729983e-05 5.725837399950250983e-05 4.899017047137022018e-03 6.000046778353862464e-05
2.470000000000000000e+03 6.400172424037009478e-05 5.692611011909320951e-05 6.400172424037009478e-05 5.692611011909320951e-05 4.885022528469562531e-03 5.965817035757936537e-05
2.480000000000000000e+03 6.353414210025221109e-05 5.659610906150192022e-05 6.353414210025221109e-05 5.659610906150192022e-05 4.871078766882419586e-03 5.931807390879839659e-05
2.490000000000000000e+03 6.307132571237161756e-05 5.626791244139894843e-05 6.307132571237161756e-05 5.626791244139894843e-05 4.857177380472421646e-03 5.897999290027655661e-05
2.500000000000000000e+03 6.261302769416943192e-05 5.594173126155510545e-05 6.261302769416943192e-05 5.594173126155510545e-05 4.843313246965408325e-03 5.864376726094633341e-05
