# step, loss_train, loss_test, metrics_test
0.000000000000000000e+00 2.336012385785579681e-02 5.152967572212219238e-01 4.443618655204772949e-01 2.336012385785579681e-02 5.152967572212219238e-01 4.443618655204772949e-01 1.139475226402282715e+00 4.646001458168029785e-01
0.000000000000000000e+00 2.336012385785579681e-02 5.152967572212219238e-01 4.443618655204772949e-01 2.336012385785579681e-02 5.152967572212219238e-01 4.443618655204772949e-01 1.139475226402282715e+00 4.646001458168029785e-01
0.000000000000000000e+00 2.336012385785579681e-02 5.152967572212219238e-01 4.443618655204772949e-01 2.336012385785579681e-02 5.152967572212219238e-01 4.443618655204772949e-01 1.139475226402282715e+00 4.646001458168029785e-01
0.000000000000000000e+00 2.336012385785579681e-02 5.152967572212219238e-01 4.443618655204772949e-01 2.336012385785579681e-02 5.152967572212219238e-01 4.443618655204772949e-01 1.139475226402282715e+00 4.646001458168029785e-01
0.000000000000000000e+00 2.336012385785579681e-02 5.152967572212219238e-01 4.443618655204772949e-01 2.336012385785579681e-02 5.152967572212219238e-01 4.443618655204772949e-01 1.139475226402282715e+00 4.646001458168029785e-01
1.000000000000000000e+01 2.673331089317798615e-02 7.085210829973220825e-02 1.019607782363891602e-01 2.673331089317798615e-02 7.085210829973220825e-02 1.019607782363891602e-01 5.287047624588012695e-01 1.000221222639083862e-01
2.000000000000000000e+01 1.377121079713106155e-03 4.467863216996192932e-02 3.009273856878280640e-02 1.377121079713106155e-03 4.467863216996192932e-02 3.009273856878280640e-02 3.743833601474761963e-01 5.015367642045021057e-02
3.000000000000000000e+01 7.042747456580400467e-04 3.323213011026382446e-02 1.383203454315662384e-02 7.042747456580400467e-04 3.323213011026382446e-02 1.383203454315662384e-02 3.098807334899902344e-01 3.436044603586196899e-02
4.000000000000000000e+01 1.119010034017264843e-03 1.895191892981529236e-02 8.940622210502624512e-03 1.119010034017264843e-03 1.895191892981529236e-02 8.940622210502624512e-03 2.518010139465332031e-01 2.268739230930805206e-02
5.000000000000000000e+01 1.376388594508171082e-03 1.066144835203886032e-02 4.136645235121250153e-03 1.376388594508171082e-03 1.066144835203886032e-02 4.136645235121250153e-03 1.896136403083801270e-01 1.286497153341770172e-02
5.000000000000000000e+01 1.603272394277155399e-03 1.066144835203886032e-02 4.136645235121250153e-03 1.376388594508171082e-03 1.066144835203886032e-02 4.136645235121250153e-03 1.896136403083801270e-01 1.286497153341770172e-02
6.000000000000000000e+01 2.275967970490455627e-03 3.407156560570001602e-03 4.215620458126068115e-03 2.548072952777147293e-03 3.407156560570001602e-03 4.215620458126068115e-03 1.184544563293457031e-01 5.020793993026018143e-03
7.000000000000000000e+01 1.131024095229804516e-03 1.745702349580824375e-03 1.518725766800343990e-03 1.481839339248836040e-03 1.745702349580824375e-03 1.518725766800343990e-03 8.546964079141616821e-02 2.613927004858851433e-03
8.000000000000000000e+01 5.140614812262356281e-04 9.223280358128249645e-04 7.441003690473735332e-04 7.040096097625792027e-04 9.223280358128249645e-04 7.441003690473735332e-04 6.939500570297241211e-02 1.723161898553371429e-03
9.000000000000000000e+01 3.961523470934480429e-04 7.199812098406255245e-04 4.696597461588680744e-04 5.423105903901159763e-04 7.199812098406255245e-04 4.696597461588680744e-04 6.285002827644348145e-02 1.413450576364994049e-03
1.000000000000000000e+02 3.327310550957918167e-04 4.852854763157665730e-04 3.537466691341251135e-04 4.547985736280679703e-04 4.852854763157665730e-04 3.537466691341251135e-04 5.846317112445831299e-02 1.223022234626114368e-03
1.000000000000000000e+02 2.637363795656710863e-04 4.852854763157665730e-04 3.537466691341251135e-04 4.547985736280679703e-04 4.852854763157665730e-04 3.537466691341251135e-04 5.846317112445831299e-02 1.223022234626114368e-03
1.100000000000000000e+02 3.235748736187815666e-03 2.771915867924690247e-03 5.479748826473951340e-03 2.674880903214216232e-03 2.771915867924690247e-03 5.479748826473951340e-03 1.033469215035438538e-01 3.821771824732422829e-03
1.200000000000000000e+02 4.467157414183020592e-04 1.120609347708523273e-03 9.927318897098302841e-04 7.856669835746288300e-04 1.120609347708523273e-03 9.927318897098302841e-04 7.093893736600875854e-02 1.800689962692558765e-03
1.300000000000000000e+02 5.623290780931711197e-04 7.814803975634276867e-04 5.857503856532275677e-04 7.157820509746670723e-04 7.814803975634276867e-04 5.857503856532275677e-04 6.242778524756431580e-02 1.394522027112543583e-03
1.400000000000000000e+02 2.182799653382971883e-04 3.356501401867717505e-04 2.564479073043912649e-04 3.861261357087641954e-04 3.356501401867717505e-04 2.564479073043912649e-04 5.496057122945785522e-02 1.080866553820669651e-03
1.500000000000000000e+02 2.472186752129346132e-04 2.877302176784723997e-04 2.421798271825537086e-04 3.930418170057237148e-04 2.877302176784723997e-04 2.421798271825537086e-04 5.165206268429756165e-02 9.546517976559698582e-04
1.500000000000000000e+02 2.133668458554893732e-04 2.877302176784723997e-04 2.421798271825537086e-04 3.930418170057237148e-04 2.877302176784723997e-04 2.421798271825537086e-04 5.165206268429756165e-02 9.546517976559698582e-04
1.600000000000000000e+02 1.517562195658683777e-03 1.975741004571318626e-03 1.255871611647307873e-03 2.188952406868338585e-03 1.975741004571318626e-03 1.255871611647307873e-03 8.181063085794448853e-02 2.394909970462322235e-03
1.700000000000000000e+02 2.279694163007661700e-04 5.314832087606191635e-04 6.617628969252109528e-04 3.510109381750226021e-04 5.314832087606191635e-04 6.617628969252109528e-04 5.748679488897323608e-02 1.182512729428708553e-03
1.800000000000000000e+02 2.039126848103478551e-04 3.607861872296780348e-04 2.369396534049883485e-04 3.095941501669585705e-04 3.607861872296780348e-04 2.369396534049883485e-04 5.310344696044921875e-02 1.009055529721081257e-03
1.900000000000000000e+02 1.499634090578183532e-04 2.021056425292044878e-04 1.419304317096248269e-04 2.901999687310308218e-04 2.021056425292044878e-04 1.419304317096248269e-04 4.923630505800247192e-02 8.674422279000282288e-04
2.000000000000000000e+02 1.354909036308526993e-04 1.505658437963575125e-04 1.358292502118274570e-04 2.849663724191486835e-04 1.505658437963575125e-04 1.358292502118274570e-04 4.543821886181831360e-02 7.387749501504004002e-04
2.000000000000000000e+02 1.354909036308526993e-04 1.505658437963575125e-04 1.358292502118274570e-04 2.849663724191486835e-04 1.505658437963575125e-04 1.358292502118274570e-04 4.543821886181831360e-02 7.387749501504004002e-04
2.100000000000000000e+02 1.507422071881592274e-03 1.326779951341450214e-03 2.493780571967363358e-03 9.787478484213352203e-04 1.326779951341450214e-03 2.493780571967363358e-03 7.791540026664733887e-02 2.172282431274652481e-03
2.200000000000000000e+02 2.301070926478132606e-04 5.242840270511806011e-04 5.034940550103783607e-04 3.832491638604551554e-04 5.242840270511806011e-04 5.034940550103783607e-04 5.841911584138870239e-02 1.221179962158203125e-03
2.300000000000000000e+02 1.587237493367865682e-04 3.586128004826605320e-04 3.453224489931017160e-04 3.016027621924877167e-04 3.586128004826605320e-04 3.453224489931017160e-04 5.260027945041656494e-02 9.900240693241357803e-04
2.400000000000000000e+02 1.341160241281613708e-04 1.964310213224962354e-04 1.305258920183405280e-04 2.545811585150659084e-04 1.964310213224962354e-04 1.305258920183405280e-04 4.908222705125808716e-02 8.620216394774615765e-04
2.500000000000000000e+02 1.164540008176118135e-04 1.249704364454373717e-04 1.062137162080034614e-04 2.490905753802508116e-04 1.249704364454373717e-04 1.062137162080034614e-04 4.579316452145576477e-02 7.503621745854616165e-04
2.500000000000000000e+02 1.084414761862717569e-04 1.249704364454373717e-04 1.062137162080034614e-04 2.490905753802508116e-04 1.249704364454373717e-04 1.062137162080034614e-04 4.579316452145576477e-02 7.503621745854616165e-04
2.600000000000000000e+02 2.312258147867396474e-04 9.772924240678548813e-04 2.944097155705094337e-03 4.175955837126821280e-04 9.772924240678548813e-04 2.944097155705094337e-03 6.813178211450576782e-02 1.660997862927615643e-03
2.700000000000000000e+02 1.198681420646607876e-04 6.582340574823319912e-04 1.425011432729661465e-03 2.674165589269250631e-04 6.582340574823319912e-04 1.425011432729661465e-03 5.775802582502365112e-02 1.193697447888553143e-03
2.800000000000000000e+02 8.735217124922201037e-05 2.620707382448017597e-04 3.420547000132501125e-04 2.207156358053907752e-04 2.620707382448017597e-04 3.420547000132501125e-04 4.939443618059158325e-02 8.730230620130896568e-04
2.900000000000000000e+02 8.814488683128729463e-05 1.226515014423057437e-04 1.251550420420244336e-04 2.226945071015506983e-04 1.226515014423057437e-04 1.251550420420244336e-04 4.613129422068595886e-02 7.614841451868414879e-04
3.000000000000000000e+02 8.598482236266136169e-05 9.684509859653189778e-05 8.200803858926519752e-05 2.168194332625716925e-04 9.684509859653189778e-05 8.200803858926519752e-05 4.498397931456565857e-02 7.240781560540199280e-04
3.000000000000000000e+02 7.510276918765157461e-05 9.684509859653189778e-05 8.200803858926519752e-05 2.168194332625716925e-04 9.684509859653189778e-05 8.200803858926519752e-05 4.498397931456565857e-02 7.240781560540199280e-04
3.100000000000000000e+02 1.430367410648614168e-04 1.362490933388471603e-03 1.957493601366877556e-03 2.946210734080523252e-04 1.362490933388471603e-03 1.957493601366877556e-03 7.953983545303344727e-02 2.263804897665977478e-03
3.200000000000000000e+02 1.339182636002078652e-04 6.435123505070805550e-04 1.135430997237563133e-03 2.736318274401128292e-04 6.435123505070805550e-04 1.135430997237563133e-03 6.384858489036560059e-02 1.458720653317868710e-03
3.300000000000000000e+02 8.216450805775821209e-05 1.873347209766507149e-04 2.674133284017443657e-04 2.263056812807917595e-04 1.873347209766507149e-04 2.674133284017443657e-04 5.011655762791633606e-02 8.987359469756484032e-04
3.400000000000000000e+02 7.955765613587573171e-05 1.282926095882430673e-04 9.659237548476085067e-05 2.261717454530298710e-04 1.282926095882430673e-04 9.659237548476085067e-05 4.807479679584503174e-02 8.269982645288109779e-04
3.500000000000000000e+02 7.138728688005357981e-05 7.543979154434055090e-05 6.838228728156536818e-05 2.058718091575428843e-04 7.543979154434055090e-05 6.838228728156536818e-05 4.528396949172019958e-02 7.337676361203193665e-04
3.500000000000000000e+02 6.350250623654574156e-05 7.543979154434055090e-05 6.838228728156536818e-05 2.058718091575428843e-04 7.543979154434055090e-05 6.838228728156536818e-05 4.528396949172019958e-02 7.337676361203193665e-04
3.600000000000000000e+02 6.831245264038443565e-05 3.892084641847759485e-04 5.893283523619174957e-04 1.905862154671922326e-04 3.892084641847759485e-04 5.893283523619174957e-04 5.226948112249374390e-02 9.776108199730515480e-04
3.700000000000000000e+02 7.435609586536884308e-05 3.972276754211634398e-04 3.356343659106642008e-04 2.061297855107113719e-04 3.972276754211634398e-04 3.356343659106642008e-04 5.607065185904502869e-02 1.124969800002872944e-03
3.800000000000000000e+02 6.248257705010473728e-05 1.722968154354020953e-04 1.594382483744993806e-04 1.825923827709630132e-04 1.722968154354020953e-04 1.594382483744993806e-04 4.409483820199966431e-02 6.957370787858963013e-04
3.900000000000000000e+02 6.269671575864776969e-05 9.780431719264015555e-05 8.022746624192222953e-05 2.014897909248247743e-04 9.780431719264015555e-05 8.022746624192222953e-05 4.470001533627510071e-02 7.149653974920511246e-04
4.000000000000000000e+02 6.065699926693923771e-05 5.511613198905251920e-05 6.523355841636657715e-05 1.948573772097006440e-04 5.511613198905251920e-05 6.523355841636657715e-05 4.281905665993690491e-02 6.560603505931794643e-04
4.000000000000000000e+02 6.065699926693923771e-05 5.511613198905251920e-05 6.523355841636657715e-05 1.948573772097006440e-04 5.511613198905251920e-05 6.523355841636657715e-05 4.281905665993690491e-02 6.560603505931794643e-04
4.100000000000000000e+02 2.917663659900426865e-04 1.621153205633163452e-03 2.938671503216028214e-03 4.930877475999295712e-04 1.621153205633163452e-03 2.938671503216028214e-03 6.875782459974288940e-02 1.691663404926657677e-03
4.200000000000000000e+02 6.331415352178737521e-05 3.485241031739860773e-04 3.290876338724046946e-04 1.804270723368972540e-04 3.485241031739860773e-04 3.290876338724046946e-04 4.981818795204162598e-02 8.880665409378707409e-04
4.300000000000000000e+02 7.044487574603408575e-05 1.560154923936352134e-04 1.789691596059128642e-04 2.008880983339622617e-04 1.560154923936352134e-04 1.789691596059128642e-04 5.108068510890007019e-02 9.336477378383278847e-04
4.400000000000000000e+02 6.364617001963779330e-05 1.179760583909228444e-04 1.151671895058825612e-04 2.000121894525364041e-04 1.179760583909228444e-04 1.151671895058825612e-04 4.832610115408897400e-02 8.356667240150272846e-04
4.500000000000000000e+02 5.494948709383606911e-05 6.193195440573617816e-05 6.160879274830222130e-05 1.791329850675538182e-04 6.193195440573617816e-05 6.160879274830222130e-05 4.317932203412055969e-02 6.671465234830975533e-04
4.500000000000000000e+02 5.404382318374700844e-05 6.193195440573617816e-05 6.160879274830222130e-05 1.791329850675538182e-04 6.193195440573617816e-05 6.160879274830222130e-05 4.317932203412055969e-02 6.671465234830975533e-04
4.600000000000000000e+02 1.784317864803597331e-04 1.240055426023900509e-03 1.742878812365233898e-03 2.410772285657003522e-04 1.240055426023900509e-03 1.742878812365233898e-03 6.316915154457092285e-02 1.427840674296021461e-03
4.700000000000000000e+02 1.575528149260208011e-04 3.430730139371007681e-04 3.366842865943908691e-04 2.350199938518926501e-04 3.430730139371007681e-04 3.366842865943908691e-04 4.960552975535392761e-02 8.805010002106428146e-04
4.800000000000000000e+02 8.631899254396557808e-05 9.155057341558858752e-05 1.091540252673439682e-04 1.899678172776475549e-04 9.155057341558858752e-05 1.091540252673439682e-04 4.665324464440345764e-02 7.788132061250507832e-04
4.900000000000000000e+02 6.524757191073149443e-05 8.346002869075164199e-05 9.174575825454667211e-05 1.875451125670224428e-04 8.346002869075164199e-05 9.174575825454667211e-05 4.238934442400932312e-02 6.429586210288107395e-04
5.000000000000000000e+02 4.591231117956340313e-05 4.431934212334454060e-05 4.554870974970981479e-05 1.676440006121993065e-04 4.431934212334454060e-05 4.554870974970981479e-05 4.340293630957603455e-02 6.740744574926793575e-04
5.000000000000000000e+02 4.158882438787259161e-05 4.431934212334454060e-05 4.554870974970981479e-05 1.676440006121993065e-04 4.431934212334454060e-05 4.554870974970981479e-05 4.340293630957603455e-02 6.740744574926793575e-04
5.100000000000000000e+02 5.022863115300424397e-05 4.059218044858425856e-04 6.589803961105644703e-04 1.707741466816514730e-04 4.059218044858425856e-04 6.589803961105644703e-04 5.443653091788291931e-02 1.060353242792189121e-03
5.200000000000000000e+02 6.239520735107362270e-05 3.227625857107341290e-04 2.641102473717182875e-04 1.889173872768878937e-04 3.227625857107341290e-04 2.641102473717182875e-04 4.950546845793724060e-02 8.769523701630532742e-04
5.300000000000000000e+02 4.788807564182206988e-05 9.201403008773922920e-05 8.919355605030432343e-05 1.654963998589664698e-04 9.201403008773922920e-05 8.919355605030432343e-05 4.323680698871612549e-02 6.689240690320730209e-04
5.400000000000000000e+02 4.323960820329375565e-05 5.836959098814986646e-05 5.670820974046364427e-05 1.732423843350261450e-04 5.836959098814986646e-05 5.670820974046364427e-05 4.062764346599578857e-02 5.906264414079487324e-04
5.500000000000000000e+02 4.456353053683415055e-05 3.937635119655169547e-05 3.972098420490510762e-05 1.681212888797745109e-04 3.937635119655169547e-05 3.972098420490510762e-05 4.060745611786842346e-02 5.900397081859409809e-04
5.500000000000000000e+02 4.082119630766101182e-05 3.937635119655169547e-05 3.972098420490510762e-05 1.681212888797745109e-04 3.937635119655169547e-05 3.972098420490510762e-05 4.060745611786842346e-02 5.900397081859409809e-04
5.600000000000000000e+02 1.169934694189578295e-04 8.228874648921191692e-04 1.104674069210886955e-03 1.802502665668725967e-04 8.228874648921191692e-04 1.104674069210886955e-03 5.677962303161621094e-02 1.153598423115909100e-03
5.700000000000000000e+02 8.266012446256354451e-05 3.700209199450910091e-04 2.492296334821730852e-04 1.813952258089557290e-04 3.700209199450910091e-04 2.492296334821730852e-04 4.773781076073646545e-02 8.154448587447404861e-04
5.800000000000000000e+02 4.372014154796488583e-05 1.027851467370055616e-04 1.061994043993763626e-04 1.509336725575849414e-04 1.027851467370055616e-04 1.061994043993763626e-04 4.202050343155860901e-02 6.318182568065822124e-04
5.900000000000000000e+02 3.701469177030958235e-05 4.593660196405835450e-05 4.577804793370887637e-05 1.534194889245554805e-04 4.593660196405835450e-05 4.577804793370887637e-05 3.883511573076248169e-02 5.396583583205938339e-04
6.000000000000000000e+02 3.599683986976742744e-05 3.538832606864161789e-05 3.282196485088206828e-05 1.535249029984697700e-04 3.538832606864161789e-05 3.282196485088206828e-05 4.024287685751914978e-02 5.794923054054379463e-04
6.000000000000000000e+02 3.599683986976742744e-05 3.538832606864161789e-05 3.282196485088206828e-05 1.535249029984697700e-04 3.538832606864161789e-05 3.282196485088206828e-05 4.024287685751914978e-02 5.794923054054379463e-04
6.100000000000000000e+02 1.130579694290645421e-04 7.600776734761893749e-04 9.229380520991981030e-04 1.920042122947052121e-04 7.600776734761893749e-04 9.229380520991981030e-04 5.322120711207389832e-02 1.013535656966269016e-03
6.200000000000000000e+02 6.974251300562173128e-05 3.829001507256180048e-04 3.596440365072339773e-04 1.634445070521906018e-04 3.829001507256180048e-04 3.596440365072339773e-04 4.421561956405639648e-02 6.995536969043314457e-04
6.300000000000000000e+02 5.353701271815225482e-05 1.365661155432462692e-04 2.031202457146719098e-04 1.476356846978887916e-04 1.365661155432462692e-04 2.031202457146719098e-04 4.020138457417488098e-02 5.782979424111545086e-04
6.400000000000000000e+02 4.838399036088958383e-05 6.208518607309088111e-05 5.714776125387288630e-05 1.514309260528534651e-04 6.208518607309088111e-05 5.714776125387288630e-05 3.734000027179718018e-02 4.989054286852478981e-04
6.500000000000000000e+02 3.679901055875234306e-05 3.622903750510886312e-05 3.527125591062940657e-05 1.445117377443239093e-04 3.622903750510886312e-05 3.527125591062940657e-05 3.753412514925003052e-02 5.041063996031880379e-04
6.500000000000000000e+02 3.547073356457985938e-05 3.622903750510886312e-05 3.527125591062940657e-05 1.445117377443239093e-04 3.622903750510886312e-05 3.527125591062940657e-05 3.753412514925003052e-02 5.041063996031880379e-04
6.600000000000000000e+02 1.930572179844602942e-04 7.025261293165385723e-04 5.108541226945817471e-04 3.745009307749569416e-04 7.025261293165385723e-04 5.108541226945817471e-04 5.908817425370216370e-02 1.249311491847038269e-03
6.700000000000000000e+02 5.055607107351534069e-05 2.494083018973469734e-04 3.154789155814796686e-04 2.088480687234550714e-04 2.494083018973469734e-04 3.154789155814796686e-04 4.855772107839584351e-02 8.436965290457010269e-04
6.800000000000000000e+02 4.119256846024654806e-05 9.588477405486628413e-05 8.663145854370668530e-05 1.684117742115631700e-04 9.588477405486628413e-05 8.663145854370668530e-05 4.078586399555206299e-02 5.952356732450425625e-04
6.900000000000000000e+02 3.210158320143818855e-05 4.710099892690777779e-05 4.485258978093042970e-05 1.460723287891596556e-04 4.710099892690777779e-05 4.485258978093042970e-05 3.676586598157882690e-02 4.836812440771609545e-04
7.000000000000000000e+02 2.986430445162113756e-05 2.441947617626283318e-05 2.516297536203637719e-05 1.391005062032490969e-04 2.441947617626283318e-05 2.516297536203637719e-05 3.671427071094512939e-02 4.823247436434030533e-04
7.000000000000000000e+02 2.812271668517496437e-05 2.441947617626283318e-05 2.516297536203637719e-05 1.391005062032490969e-04 2.441947617626283318e-05 2.516297536203637719e-05 3.671427071094512939e-02 4.823247436434030533e-04
7.100000000000000000e+02 3.812564318650402129e-05 3.336821682751178741e-04 3.310711763333529234e-04 1.592388143762946129e-04 3.336821682751178741e-04 3.310711763333529234e-04 4.923684149980545044e-02 8.674611453898251057e-04
7.200000000000000000e+02 2.972865877381991595e-05 1.082218514056876302e-04 1.282734156120568514e-04 1.469136914238333702e-04 1.082218514056876302e-04 1.282734156120568514e-04 3.865882381796836853e-02 5.347698461264371872e-04
7.300000000000000000e+02 2.976142241095658392e-05 6.419861892936751246e-05 8.591928781243041158e-05 1.272226509172469378e-04 6.419861892936751246e-05 8.591928781243041158e-05 3.587552905082702637e-02 4.605388967320322990e-04
7.400000000000000000e+02 2.773004234768450260e-05 3.075858330703340471e-05 3.282486795797012746e-05 1.328521466348320246e-04 3.075858330703340471e-05 3.282486795797012746e-05 3.571449965238571167e-02 4.564137780107557774e-04
7.500000000000000000e+02 2.649808448040857911e-05 1.741412052069790661e-05 1.882326796476263553e-05 1.357031578663736582e-04 1.741412052069790661e-05 1.882326796476263553e-05 3.398137539625167847e-02 4.131917376071214676e-04
7.500000000000000000e+02 2.469659193593543023e-05 1.741412052069790661e-05 1.882326796476263553e-05 1.357031578663736582e-04 1.741412052069790661e-05 1.882326796476263553e-05 3.398137539625167847e-02 4.131917376071214676e-04
7.600000000000000000e+02 1.672622602200135589e-04 1.179805840365588665e-03 1.663535833358764648e-03 3.842471633106470108e-04 1.179805840365588665e-03 1.663535833358764648e-03 7.119490951299667358e-02 1.813708688132464886e-03
7.700000000000000000e+02 1.139428641181439161e-04 4.360706661827862263e-04 5.640320014208555222e-04 2.440765238134190440e-04 4.360706661827862263e-04 5.640320014208555222e-04 4.867511987686157227e-02 8.477810188196599483e-04
7.800000000000000000e+02 3.685749106807634234e-05 1.085086478269658983e-04 1.346671924693509936e-04 1.349316589767113328e-04 1.085086478269658983e-04 1.346671924693509936e-04 3.993790969252586365e-02 5.707425880245864391e-04
7.900000000000000000e+02 2.715370465011801571e-05 3.650948565336875618e-05 3.189793278579600155e-05 1.351835817331448197e-04 3.650948565336875618e-05 3.189793278579600155e-05 3.630247712135314941e-02 4.715656396001577377e-04
8.000000000000000000e+02 2.273213067383039743e-05 2.292763929290231317e-05 2.000137646973598748e-05 1.273920643143355846e-04 2.292763929290231317e-05 2.000137646973598748e-05 3.542891889810562134e-02 4.491438157856464386e-04
8.000000000000000000e+02 2.273213067383039743e-05 2.292763929290231317e-05 2.000137646973598748e-05 1.273920643143355846e-04 2.292763929290231317e-05 2.000137646973598748e-05 3.542891889810562134e-02 4.491438157856464386e-04
8.100000000000000000e+02 5.750042691943235695e-05 3.348280733916908503e-04 3.771790943574160337e-04 1.504987012594938278e-04 3.348280733916908503e-04 3.771790943574160337e-04 5.086710676550865173e-02 9.258565842173993587e-04
8.200000000000000000e+02 4.074324533576145768e-05 1.776701246853917837e-04 1.119663429562933743e-04 1.340883900411427021e-04 1.776701246853917837e-04 1.119663429562933743e-04 4.204151034355163574e-02 6.324502173811197281e-04
8.300000000000000000e+02 3.049074803129769862e-05 5.419814988272264600e-05 5.339279232430271804e-05 1.421910710632801056e-04 5.419814988272264600e-05 5.339279232430271804e-05 3.831221908330917358e-02 5.252236151136457920e-04
8.400000000000000000e+02 2.364830652368254960e-05 2.878492341551464051e-05 2.477066300343722105e-05 1.187157831736840308e-04 2.878492341551464051e-05 2.477066300343722105e-05 3.678780049085617065e-02 4.842586349695920944e-04
8.500000000000000000e+02 2.145147300325334072e-05 1.389537646900862455e-05 1.428818177373614162e-05 1.203232313855551183e-04 1.389537646900862455e-05 1.428818177373614162e-05 3.337442129850387573e-02 3.985631337855011225e-04
8.500000000000000000e+02 3.781625855481252074e-05 1.389537646900862455e-05 1.428818177373614162e-05 1.203232313855551183e-04 1.389537646900862455e-05 1.428818177373614162e-05 3.337442129850387573e-02 3.985631337855011225e-04
8.600000000000000000e+02 8.924400026444345713e-05 4.221727140247821808e-04 4.387839871924370527e-04 1.581674878252670169e-04 4.221727140247821808e-04 4.387839871924370527e-04 5.088899657130241394e-02 9.266537963412702084e-04
8.700000000000000000e+02 5.243593113846145570e-05 2.183374454034492373e-04 3.017835260834544897e-04 1.528430439066141844e-04 2.183374454034492373e-04 3.017835260834544897e-04 4.482393339276313782e-02 7.189348107203841209e-04
8.800000000000000000e+02 3.017073868250008672e-05 9.969976235879585147e-05 1.333173131570219994e-04 1.117838110076263547e-04 9.969976235879585147e-05 1.333173131570219994e-04 4.070368781685829163e-02 5.928396712988615036e-04
8.900000000000000000e+02 2.254790888400748372e-05 4.248248296789824963e-05 6.179467891342937946e-05 1.096609703381545842e-04 4.248248296789824963e-05 6.179467891342937946e-05 3.732049092650413513e-02 4.983842372894287109e-04
9.000000000000000000e+02 2.072137976938392967e-05 1.758607686497271061e-05 2.658295306900981814e-05 1.079826542991213500e-04 1.758607686497271061e-05 2.658295306900981814e-05 3.537382185459136963e-02 4.477478796616196632e-04
9.000000000000000000e+02 2.074390795314684510e-05 1.758607686497271061e-05 2.658294943103101104e-05 1.079826542991213500e-04 1.758607686497271061e-05 2.658295306900981814e-05 3.537382185459136963e-02 4.477478796616196632e-04
9.100000000000000000e+02 7.038488547550514340e-05 4.635578661691397429e-04 1.158751314505934715e-03 1.341287133982405066e-04 4.635578661691397429e-04 1.158750848844647408e-03 4.771601408720016479e-02 8.147003827616572380e-04
9.200000000000000000e+02 3.418837877688929439e-05 2.522502036299556494e-04 2.507982717361301184e-04 1.187882662634365261e-04 2.522502036299556494e-04 2.507983008399605751e-04 4.110366106033325195e-02 6.045479094609618187e-04
9.300000000000000000e+02 4.365960921859368682e-05 8.280298061436042190e-05 1.018935145111754537e-04 1.321373274549841881e-04 8.280298061436042190e-05 1.018935217871330678e-04 3.507068380713462830e-02 4.401067562866955996e-04
9.400000000000000000e+02 1.842172423494048417e-05 6.753225170541554689e-05 5.481189873535186052e-05 1.035279346979223192e-04 6.753225170541554689e-05 5.481190601130947471e-05 3.641862049698829651e-02 4.745878395624458790e-04
9.500000000000000000e+02 1.885197889350820333e-05 1.822336162149440497e-05 1.828062522690743208e-05 1.037968831951729953e-04 1.822336162149440497e-05 1.828062340791802853e-05 3.371033072471618652e-02 4.066265537403523922e-04
9.500000000000000000e+02 1.845036604208871722e-05 1.822336162149440497e-05 1.828062522690743208e-05 1.037968831951729953e-04 1.822336162149440497e-05 1.828062340791802853e-05 3.371033072471618652e-02 4.066265537403523922e-04
9.600000000000000000e+02 8.733825234230607748e-05 2.890095638576894999e-04 3.426379698794335127e-04 1.436012535123154521e-04 2.890095638576894999e-04 3.426381445024162531e-04 4.007221758365631104e-02 5.745877861045300961e-04
9.700000000000000000e+02 1.807586340873967856e-05 5.394154504756443202e-05 4.664859807235188782e-05 1.145567584899254143e-04 5.394154504756443202e-05 4.664861262426711619e-05 3.341204673051834106e-02 3.994623257312923670e-04
9.800000000000000000e+02 2.622646752570290118e-05 3.584526712074875832e-05 5.088447142043150961e-05 1.264480961253866553e-04 3.584526712074875832e-05 5.088447142043150961e-05 3.532043471932411194e-02 4.463974619284272194e-04
9.900000000000000000e+02 1.686301584413740784e-05 1.701781184237916023e-05 1.551334935356862843e-05 1.099344299291260540e-04 1.701781184237916023e-05 1.551335299154743552e-05 3.338701277971267700e-02 3.988639800809323788e-04
1.000000000000000000e+03 1.587376937095541507e-05 1.297969720326364040e-05 1.405911643814761192e-05 1.065126052708365023e-04 1.297969720326364040e-05 1.405911643814761192e-05 3.207798674702644348e-02 3.682000096887350082e-04
1.000000000000000000e+03 1.587376937095541507e-05 1.297969720326364040e-05 1.405911643814761192e-05 1.065126052708365023e-04 1.297969720326364040e-05 1.405911643814761192e-05 3.207798674702644348e-02 3.682000096887350082e-04
1.010000000000000000e+03 6.921102612977847457e-05 5.496455123648047447e-04 6.739824311807751656e-04 1.681902067502960563e-04 5.496455123648047447e-04 6.739822565577924252e-04 5.697900801897048950e-02 1.161714317277073860e-03
1.020000000000000000e+03 3.502613253658637404e-05 1.982530666282400489e-04 3.160024643875658512e-04 1.292621454922482371e-04 1.982530666282400489e-04 3.160024934913963079e-04 4.484342038631439209e-02 7.195600774139165878e-04
1.030000000000000000e+03 2.619885162857826799e-05 1.034072120091877878e-04 1.007797109195962548e-04 1.276429975405335426e-04 1.034072120091877878e-04 1.007797109195962548e-04 3.702159598469734192e-02 4.904332454316318035e-04
1.040000000000000000e+03 1.811187576095107943e-05 3.531103357090614736e-05 3.688651486299932003e-05 1.106705094571225345e-04 3.531103357090614736e-05 3.688650394906289876e-05 3.673963248729705811e-02 4.829913377761840820e-04
1.050000000000000000e+03 1.796662945707794279e-05 1.345103555649984628e-05 1.739113031362649053e-05 1.129622905864380300e-04 1.345103555649984628e-05 1.739113213261589408e-05 3.350103273987770081e-02 4.015929589513689280e-04
1.050000000000000000e+03 2.593266617623157799e-05 1.345103555649984628e-05 1.739113031362649053e-05 1.129622905864380300e-04 1.345103555649984628e-05 1.739113213261589408e-05 3.350103273987770081e-02 4.015929589513689280e-04
1.060000000000000000e+03 1.016591850202530622e-04 6.987833767198026180e-04 1.012490247376263142e-03 1.233866059919819236e-04 6.987833767198026180e-04 1.012490480206906796e-03 4.771252349019050598e-02 8.145812898874282837e-04
1.070000000000000000e+03 3.809894769801758230e-05 1.582755940034985542e-04 1.623205607756972313e-04 1.293840759899467230e-04 1.582755940034985542e-04 1.623205171199515462e-04 3.607347980141639709e-02 4.656350647564977407e-04
1.080000000000000000e+03 2.371523078181780875e-05 1.077332562999799848e-04 7.969455327838659286e-05 1.120752567658200860e-04 1.077332562999799848e-04 7.969453145051375031e-05 3.726343438029289246e-02 4.968615830875933170e-04
1.090000000000000000e+03 3.060361996176652610e-05 3.234272298868745565e-05 2.667831176950130612e-05 1.125828566728159785e-04 3.234272298868745565e-05 2.667831722646951675e-05 3.333504870533943176e-02 3.976232546847313643e-04
1.100000000000000000e+03 1.583504490554332733e-05 1.853856883826665580e-05 2.336213401576969773e-05 1.093073296942748129e-04 1.853856883826665580e-05 2.336214492970611900e-05 3.168839216232299805e-02 3.593106521293520927e-04
1.100000000000000000e+03 1.508240166003815830e-05 1.853856883826665580e-05 2.336213401576969773e-05 1.093073296942748129e-04 1.853856883826665580e-05 2.336214492970611900e-05 3.168839216232299805e-02 3.593106521293520927e-04
1.110000000000000000e+03 8.578794222557917237e-05 5.315672606229782104e-04 8.004657574929296970e-04 1.561270037200301886e-04 5.315672606229782104e-04 8.004656992852687836e-04 5.361976101994514465e-02 1.028772676363587379e-03
1.120000000000000000e+03 8.207892824430018663e-05 2.733730361796915531e-04 3.277273790445178747e-04 1.905639655888080597e-04 2.733730361796915531e-04 3.277274663560092449e-04 4.377621784806251526e-02 6.857189582660794258e-04
1.130000000000000000e+03 1.678408989391755313e-05 4.796721259481273592e-05 4.968489520251750946e-05 1.107589414459653199e-04 4.796721259481273592e-05 4.968490247847512364e-05 3.471691533923149109e-02 4.312726960051804781e-04
1.140000000000000000e+03 1.665655327087733895e-05 4.483566590351983905e-05 2.791522092593368143e-05 1.025497258524410427e-04 4.483566590351983905e-05 2.791521728795487434e-05 3.319200873374938965e-02 3.942183102481067181e-04
1.150000000000000000e+03 1.445452289772219956e-05 1.914923632284626365e-05 1.224071638716850430e-05 1.067396660801023245e-04 1.914923632284626365e-05 1.224071547767380252e-05 3.129005804657936096e-02 3.503341285977512598e-04
1.150000000000000000e+03 1.382563732477137819e-05 1.914923632284626365e-05 1.224071638716850430e-05 1.067396660801023245e-04 1.914923632284626365e-05 1.224071547767380252e-05 3.129005804657936096e-02 3.503341285977512598e-04
1.160000000000000000e+03 4.102290768059901893e-05 2.208717196481302381e-04 3.123968781437724829e-04 1.111536330427043140e-04 2.208717196481302381e-04 3.123968490399420261e-04 3.425706550478935242e-02 4.199233371764421463e-04
1.170000000000000000e+03 1.729376526782289147e-05 1.013686633086763322e-04 9.566871449351310730e-05 1.102747846744023263e-04 1.013686633086763322e-04 9.566872176947072148e-05 3.342700749635696411e-02 3.998200700152665377e-04
1.180000000000000000e+03 1.963909562618937343e-05 2.979092641908209771e-05 2.474559005349874496e-05 1.011463682516478002e-04 2.979092641908209771e-05 2.474558823450934142e-05 3.204050287604331970e-02 3.673400788102298975e-04
1.190000000000000000e+03 1.553610127302818000e-05 2.259377470181789249e-05 2.444168239890132099e-05 1.053014639182947576e-04 2.259377470181789249e-05 2.444168967485893518e-05 3.236632794141769409e-02 3.748491581063717604e-04
1.200000000000000000e+03 1.367988534184405580e-05 8.708505447430070490e-06 9.500899068370927125e-06 1.019578703562729061e-04 8.708505447430070490e-06 9.500899068370927125e-06 3.119759261608123779e-02 3.482665924821048975e-04
1.200000000000000000e+03 1.367988534184405580e-05 8.708505447430070490e-06 9.500899068370927125e-06 1.019578703562729061e-04 8.708505447430070490e-06 9.500899068370927125e-06 3.119759261608123779e-02 3.482665924821048975e-04
1.210000000000000000e+03 1.186662047985009849e-04 8.218288421630859375e-04 9.898144053295254707e-04 3.042063908651471138e-04 8.218288421630859375e-04 9.898144053295254707e-04 5.539460852742195129e-02 1.098005915991961956e-03
1.220000000000000000e+03 8.430290472460910678e-05 1.741426822263747454e-04 2.825261617545038462e-04 2.194991247961297631e-04 1.741426822263747454e-04 2.825262199621647596e-04 3.712115809321403503e-02 4.930747672915458679e-04
1.230000000000000000e+03 1.824196624511387199e-05 8.933518256526440382e-05 9.783022687770426273e-05 1.077432098099961877e-04 8.933518256526440382e-05 9.783021232578903437e-05 3.299086540937423706e-02 3.894547407981008291e-04
1.240000000000000000e+03 1.415737369825365022e-05 2.998535637743771076e-05 2.670807407412212342e-05 1.051318904501385987e-04 2.998535637743771076e-05 2.670807771210093051e-05 2.982965484261512756e-02 3.183949156664311886e-04
1.250000000000000000e+03 1.415332462784135714e-05 1.834592876548413187e-05 1.326139135926496238e-05 1.049245183821767569e-04 1.834592876548413187e-05 1.326138863078085706e-05 2.813520468771457672e-02 2.832499740179628134e-04
1.250000000000000000e+03 3.768881651922129095e-05 1.834592876548413187e-05 1.326139135926496238e-05 1.049245183821767569e-04 1.834592876548413187e-05 1.326138863078085706e-05 2.813520468771457672e-02 2.832499740179628134e-04
1.260000000000000000e+03 7.586630090372636914e-05 3.702998510561883450e-04 2.425852144369855523e-04 1.522346137790009379e-04 3.702998510561883450e-04 2.425853017484769225e-04 4.379164800047874451e-02 6.862023728899657726e-04
1.270000000000000000e+03 2.499804213584866375e-05 9.456020779907703400e-05 8.304786024382337928e-05 1.374093990307301283e-04 9.456020779907703400e-05 8.304786024382337928e-05 3.194048628211021423e-02 3.650503349490463734e-04
1.280000000000000000e+03 2.363085513934493065e-05 7.274702511494979262e-05 3.239862780901603401e-05 1.132341567426919937e-04 7.274702511494979262e-05 3.239862780901603401e-05 3.276878967881202698e-02 3.842293226625770330e-04
1.290000000000000000e+03 1.815558789530768991e-05 3.801181810558773577e-05 2.197697540395893157e-05 1.153075718320906162e-04 3.801181810558773577e-05 2.197697540395893157e-05 2.894447743892669678e-02 2.997789415530860424e-04
1.300000000000000000e+03 1.802133374440018088e-05 2.659311940078623593e-05 2.047074667643755674e-05 1.126515053329057992e-04 2.659311940078623593e-05 2.047075031441636384e-05 2.918737009167671204e-02 3.048313374165445566e-04
1.300000000000000000e+03 2.020759529841598123e-05 2.659311940078623593e-05 2.047074667643755674e-05 1.126515053329057992e-04 2.659311940078623593e-05 2.047075031441636384e-05 2.918737009167671204e-02 3.048313374165445566e-04
1.310000000000000000e+03 5.373791282181628048e-05 4.142846155446022749e-04 3.406571049708873034e-04 1.592365879332646728e-04 4.142846155446022749e-04 3.406571922823786736e-04 4.531561955809593201e-02 7.347937207669019699e-04
1.320000000000000000e+03 2.293129546160344034e-05 9.812265489017590880e-05 8.710694237379357219e-05 1.340854214504361153e-04 9.812265489017590880e-05 8.710694964975118637e-05 3.279780223965644836e-02 3.849099157378077507e-04
1.330000000000000000e+03 1.707285991869866848e-05 5.751625212724320590e-05 4.371666364022530615e-05 1.123302354244515300e-04 5.751625212724320590e-05 4.371666727820411325e-05 3.123170696198940277e-02 3.490286180749535561e-04
1.340000000000000000e+03 2.477900306985247880e-05 3.123809437965974212e-05 2.337799560336861759e-05 1.123145921155810356e-04 3.123809437965974212e-05 2.337799378437921405e-05 2.801921777427196503e-02 2.809193101711571217e-04
1.350000000000000000e+03 2.612256866996176541e-05 3.876154005411081016e-05 2.328178197785746306e-05 1.139580854214727879e-04 3.876154005411081016e-05 2.328178743482567370e-05 2.830513194203376770e-02 2.866816939786076546e-04
1.350000000000000000e+03 2.904945540649350733e-05 3.876154005411081016e-05 2.328178197785746306e-05 1.139580854214727879e-04 3.876154005411081016e-05 2.328178743482567370e-05 2.830513194203376770e-02 2.866816939786076546e-04
1.360000000000000000e+03 1.161470136139541864e-04 1.891653373604640365e-04 2.377232158323749900e-04 2.133818488800898194e-04 1.891653373604640365e-04 2.377232303842902184e-04 3.580913320183753967e-02 4.588357405737042427e-04
1.370000000000000000e+03 2.147898885596077889e-05 1.102435417124070227e-04 4.804284981219097972e-05 1.099128712667152286e-04 1.102435417124070227e-04 4.804284981219097972e-05 3.365347906947135925e-02 4.052561125718057156e-04
1.380000000000000000e+03 3.313566776341758668e-05 6.136646697996184230e-05 5.065130972070619464e-05 1.122979228966869414e-04 6.136646697996184230e-05 5.065130244474858046e-05 3.313118219375610352e-02 3.927747602574527264e-04
1.390000000000000000e+03 2.039953142229933292e-05 3.529962123138830066e-05 2.161098018405027688e-05 1.190977127407677472e-04 3.529962123138830066e-05 2.161098200303968042e-05 3.157907724380493164e-02 3.568358952179551125e-04
1.400000000000000000e+03 1.918582165671978146e-05 3.209976785001344979e-05 1.784584128472488374e-05 1.122189714806154370e-04 3.209976785001344979e-05 1.784584128472488374e-05 3.229790553450584412e-02 3.732660261448472738e-04
1.400000000000000000e+03 1.918582165671978146e-05 3.209976785001344979e-05 1.784584128472488374e-05 1.122189714806154370e-04 3.209976785001344979e-05 1.784584128472488374e-05 3.229790553450584412e-02 3.732660261448472738e-04
1.410000000000000000e+03 2.363606472499668598e-05 1.647822064114734530e-04 1.168782473541796207e-04 1.262723380932584405e-04 1.647822064114734530e-04 1.168782473541796207e-04 3.597487881779670715e-02 4.630931653082370758e-04
1.420000000000000000e+03 3.257667049183510244e-05 1.117775464081205428e-04 7.031090353848412633e-05 1.320052106166258454e-04 1.117775464081205428e-04 7.031090353848412633e-05 2.917789854109287262e-02 3.046334604732692242e-04
1.430000000000000000e+03 1.738622995617333800e-05 3.546363586792722344e-05 2.813815081026405096e-05 1.130287200794555247e-04 3.546363586792722344e-05 2.813815626723226160e-05 2.581380680203437805e-02 2.384370454819872975e-04
1.440000000000000000e+03 1.463292483094846830e-05 3.588849358493462205e-05 2.249473800475243479e-05 1.096023843274451792e-04 3.588849358493462205e-05 2.249473618576303124e-05 2.826936542987823486e-02 2.859577361959964037e-04
1.450000000000000000e+03 1.319831335422350094e-05 1.886123936856165528e-05 1.587831866345368326e-05 1.061766743077896535e-04 1.886123936856165528e-05 1.587831320648547262e-05 2.860174886882305145e-02 2.927216119132936001e-04
1.450000000000000000e+03 1.814868119254242629e-05 1.886123936856165528e-05 1.587831866345368326e-05 1.061766743077896535e-04 1.886123936856165528e-05 1.587831320648547262e-05 2.860174886882305145e-02 2.927216119132936001e-04
1.460000000000000000e+03 5.914619032409973443e-05 1.445353991584852338e-04 1.874743320513516665e-04 1.520444784546270967e-04 1.445353991584852338e-04 1.874744048109278083e-04 3.639378771185874939e-02 4.739409196190536022e-04
1.470000000000000000e+03 5.256580334389582276e-05 1.422529749106615782e-04 9.763236448634415865e-05 1.338794536422938108e-04 1.422529749106615782e-04 9.763236448634415865e-05 3.447204828262329102e-02 4.252103390172123909e-04
1.480000000000000000e+03 1.883138247649185359e-05 5.974441228318028152e-05 6.206136458786204457e-05 1.085160984075628221e-04 5.974441228318028152e-05 6.206137186381965876e-05 2.884736657142639160e-02 2.977707190439105034e-04
1.490000000000000000e+03 1.528967550257220864e-05 3.422831287025474012e-05 2.043190943368244916e-05 1.069129211828112602e-04 3.422831287025474012e-05 2.043190761469304562e-05 2.863497287034988403e-02 2.934020594693720341e-04
1.500000000000000000e+03 1.335937577096046880e-05 1.192333638755371794e-05 1.021447860694024712e-05 1.021636926452629268e-04 1.192333638755371794e-05 1.021447951643494889e-05 2.660536952316761017e-02 2.532842918299138546e-04
1.500000000000000000e+03 1.410369804943911731e-05 1.192333638755371794e-05 1.021447860694024712e-05 1.021636926452629268e-04 1.192333638755371794e-05 1.021447951643494889e-05 2.660536952316761017e-02 2.532842918299138546e-04
1.510000000000000000e+03 3.023518729605711997e-05 1.683149894233793020e-04 1.494284369982779026e-04 8.912928024074062705e-05 1.683149894233793020e-04 1.494284515501931310e-04 3.056999295949935913e-02 3.343954158481210470e-04
1.520000000000000000e+03 3.585428203223273158e-05 8.227189391618594527e-05 6.126978405518457294e-05 1.096261839848011732e-04 8.227189391618594527e-05 6.126978405518457294e-05 2.834123000502586365e-02 2.874134224839508533e-04
1.530000000000000000e+03 1.553988113300874829e-05 5.936548041063360870e-05 3.565678707673214376e-05 1.053519081324338913e-04 5.936548041063360870e-05 3.565677980077452958e-05 2.441957220435142517e-02 2.133761008735746145e-04
1.540000000000000000e+03 1.621408591745421290e-05 3.172287324559874833e-05 2.514978768886066973e-05 9.316598152508959174e-05 3.172287324559874833e-05 2.514979132683947682e-05 2.616661600768566132e-02 2.449992462061345577e-04
1.550000000000000000e+03 1.765989691193681210e-05 2.755895911832340062e-05 2.172708809666801244e-05 1.010478226817212999e-04 2.755895911832340062e-05 2.172709173464681953e-05 2.489862218499183655e-02 2.218299923697486520e-04
1.550000000000000000e+03 1.724238245515152812e-05 2.755895911832340062e-05 2.172708809666801244e-05 1.010478226817212999e-04 2.755895911832340062e-05 2.172709173464681953e-05 2.489862218499183655e-02 2.218299923697486520e-04
1.560000000000000000e+03 6.119342288002371788e-05 1.985511771636083722e-04 2.754712477326393127e-04 1.296331320190802217e-04 1.985511771636083722e-04 2.754711895249783993e-04 3.133444488048553467e-02 3.513287520036101341e-04
1.570000000000000000e+03 1.940101537911687046e-05 9.579266770742833614e-05 9.139432950178161263e-05 9.379800758324563503e-05 9.579266770742833614e-05 9.139432222582399845e-05 2.788039483129978180e-02 2.781425719149410725e-04
1.580000000000000000e+03 1.051715480571147054e-05 2.804284486046526581e-05 2.290862175868824124e-05 9.120950562646612525e-05 2.804284486046526581e-05 2.290862175868824124e-05 2.445689961314201355e-02 2.140288997907191515e-04
1.590000000000000000e+03 1.478690955991623923e-05 1.918031557579524815e-05 2.073118412226904184e-05 1.038699992932379246e-04 1.918031557579524815e-05 2.073118412226904184e-05 2.442464046180248260e-02 2.134646783815696836e-04
1.600000000000000000e+03 1.177027752419235185e-05 1.669652192504145205e-05 1.432510816812282428e-05 9.686763223726302385e-05 1.669652192504145205e-05 1.432511089660692960e-05 2.457391843199729919e-02 2.160819421987980604e-04
