# step, loss_train, loss_test, metrics_test
0.000000000000000000e+00 1.849694609642028809e+00 2.411676406860351562e+00 1.849694609642028809e+00 2.411676406860351562e+00 1.012758731842041016e+00 2.410966873168945312e+00
1.000000000000000000e+01 2.238973528146743774e-01 1.453595280647277832e+00 2.238973528146743774e-01 1.453595280647277832e+00 7.863519787788391113e-01 1.453493833541870117e+00
2.000000000000000000e+01 1.687263846397399902e-01 1.019995450973510742e+00 1.687263846397399902e-01 1.019995450973510742e+00 6.586858034133911133e-01 1.019848942756652832e+00
3.000000000000000000e+01 6.793442368507385254e-02 7.377824187278747559e-01 6.793442368507385254e-02 7.377824187278747559e-01 5.601680874824523926e-01 7.375915646553039551e-01
4.000000000000000000e+01 3.786351904273033142e-02 4.739855229854583740e-01 3.786351904273033142e-02 4.739855229854583740e-01 4.490561485290527344e-01 4.740023910999298096e-01
5.000000000000000000e+01 4.055343940854072571e-02 2.095636129379272461e-01 4.055343940854072571e-02 2.095636129379272461e-01 2.987620830535888672e-01 2.098119556903839111e-01
6.000000000000000000e+01 4.238616302609443665e-02 6.224084645509719849e-02 4.238616302609443665e-02 6.224084645509719849e-02 1.638409048318862915e-01 6.309920549392700195e-02
7.000000000000000000e+01 2.168134041130542755e-02 5.640542507171630859e-02 2.168134041130542755e-02 5.640542507171630859e-02 1.562629044055938721e-01 5.739724636077880859e-02
8.000000000000000000e+01 1.081339456140995026e-02 4.634232074022293091e-02 1.081339456140995026e-02 4.634232074022293091e-02 1.414561420679092407e-01 4.703518748283386230e-02
9.000000000000000000e+01 1.243493519723415375e-02 3.778461739420890808e-02 1.243493519723415375e-02 3.778461739420890808e-02 1.277969479560852051e-01 3.839018195867538452e-02
1.000000000000000000e+02 9.088355116546154022e-03 3.492614999413490295e-02 9.088355116546154022e-03 3.492614999413490295e-02 1.230398640036582947e-01 3.558532521128654480e-02
1.100000000000000000e+02 7.584571372717618942e-03 3.174365311861038208e-02 7.584571372717618942e-03 3.174365311861038208e-02 1.173704415559768677e-01 3.238147869706153870e-02
1.200000000000000000e+02 7.027453277260065079e-03 2.820331975817680359e-02 7.027453277260065079e-03 2.820331975817680359e-02 1.106708720326423645e-01 2.879028394818305969e-02
1.300000000000000000e+02 6.999698933213949203e-03 2.471431903541088104e-02 6.999698933213949203e-03 2.471431903541088104e-02 1.036497130990028381e-01 2.525314316153526306e-02
1.400000000000000000e+02 6.452519446611404419e-03 2.221911586821079254e-02 6.452519446611404419e-03 2.221911586821079254e-02 9.832873940467834473e-02 2.272690087556838989e-02
1.500000000000000000e+02 6.122528575360774994e-03 1.990972273051738739e-02 6.122528575360774994e-03 1.990972273051738739e-02 9.311947971582412720e-02 2.038263529539108276e-02
1.600000000000000000e+02 5.752738099545240402e-03 1.793734543025493622e-02 5.752738099545240402e-03 1.793734543025493622e-02 8.841750770807266235e-02 1.837620325386524200e-02
1.700000000000000000e+02 5.333825014531612396e-03 1.626322045922279358e-02 5.333825014531612396e-03 1.626322045922279358e-02 8.421898633241653442e-02 1.667244546115398407e-02
1.800000000000000000e+02 4.931762348860502243e-03 1.479037106037139893e-02 4.931762348860502243e-03 1.479037106037139893e-02 8.034319430589675903e-02 1.517320983111858368e-02
1.900000000000000000e+02 4.560325294733047485e-03 1.348700188100337982e-02 4.560325294733047485e-03 1.348700188100337982e-02 7.674600929021835327e-02 1.384493522346019745e-02
2.000000000000000000e+02 4.226827993988990784e-03 1.231946051120758057e-02 4.226827993988990784e-03 1.231946051120758057e-02 7.337252050638198853e-02 1.265453360974788666e-02
2.100000000000000000e+02 3.921866882592439651e-03 1.127993967384099960e-02 3.921866882592439651e-03 1.127993967384099960e-02 7.023169100284576416e-02 1.159432437270879745e-02
2.200000000000000000e+02 3.637616289779543877e-03 1.035923976451158524e-02 3.637616289779543877e-03 1.035923976451158524e-02 6.732594966888427734e-02 1.065477356314659119e-02
2.300000000000000000e+02 3.370871767401695251e-03 9.541014209389686584e-03 3.370871767401695251e-03 9.541014209389686584e-03 6.463194638490676880e-02 9.819146245718002319e-03
2.400000000000000000e+02 3.124707844108343124e-03 8.811611682176589966e-03 3.124707844108343124e-03 8.811611682176589966e-03 6.213194876909255981e-02 9.074218571186065674e-03
2.500000000000000000e+02 2.897310303524136543e-03 8.157116360962390900e-03 2.897310303524136543e-03 8.157116360962390900e-03 5.979831889271736145e-02 8.405376225709915161e-03
2.600000000000000000e+02 2.687944099307060242e-03 7.568689063191413879e-03 2.687944099307060242e-03 7.568689063191413879e-03 5.761865526437759399e-02 7.803788408637046814e-03
2.700000000000000000e+02 2.493217354640364647e-03 7.037741132080554962e-03 2.493217354640364647e-03 7.037741132080554962e-03 5.557698756456375122e-02 7.260546553879976273e-03
2.800000000000000000e+02 2.314928686246275902e-03 6.560514681041240692e-03 2.314928686246275902e-03 6.560514681041240692e-03 5.367402732372283936e-02 6.771854590624570847e-03
2.900000000000000000e+02 2.150833373889327049e-03 6.125650834292173386e-03 2.150833373889327049e-03 6.125650834292173386e-03 5.187803134322166443e-02 6.326247937977313995e-03
3.000000000000000000e+02 2.001354703679680824e-03 5.731594283133745193e-03 2.001354703679680824e-03 5.731594283133745193e-03 5.019384995102882385e-02 5.922161042690277100e-03
3.100000000000000000e+02 1.863363198935985565e-03 5.371544510126113892e-03 1.863363198935985565e-03 5.371544510126113892e-03 4.860253259539604187e-02 5.552608054131269455e-03
3.200000000000000000e+02 1.737024402245879173e-03 5.044465418905019760e-03 1.737024402245879173e-03 5.044465418905019760e-03 4.710944741964340210e-02 5.216692574322223663e-03
3.300000000000000000e+02 1.621642033569514751e-03 4.744431935250759125e-03 1.621642033569514751e-03 4.744431935250759125e-03 4.569581151008605957e-02 4.908309783786535263e-03
3.400000000000000000e+02 1.515213050879538059e-03 4.470120649784803391e-03 1.515213050879538059e-03 4.470120649784803391e-03 4.436338320374488831e-02 4.626244306564331055e-03
3.500000000000000000e+02 1.418503816239535809e-03 4.217930138111114502e-03 1.418503816239535809e-03 4.217930138111114502e-03 4.310120269656181335e-02 4.366746172308921814e-03
3.600000000000000000e+02 1.328969607129693031e-03 3.987084608525037766e-03 1.328969607129693031e-03 3.987084608525037766e-03 4.191231355071067810e-02 4.129168111830949783e-03
3.700000000000000000e+02 1.247222535312175751e-03 3.775383578613400459e-03 1.247222535312175751e-03 3.775383578613400459e-03 4.079101234674453735e-02 3.911184147000312805e-03
3.800000000000000000e+02 1.172418938949704170e-03 3.579510608687996864e-03 1.172418938949704170e-03 3.579510608687996864e-03 3.972562029957771301e-02 3.709544194862246513e-03
3.900000000000000000e+02 1.103041693568229675e-03 3.399970708414912224e-03 1.103041693568229675e-03 3.399970708414912224e-03 3.872247412800788879e-02 3.524564206600189209e-03
4.000000000000000000e+02 1.039478578604757786e-03 3.234733827412128448e-03 1.039478578604757786e-03 3.234733827412128448e-03 3.777601197361946106e-02 3.354373853653669357e-03
4.100000000000000000e+02 9.813850047066807747e-04 3.082385752350091934e-03 9.813850047066807747e-04 3.082385752350091934e-03 3.688200935721397400e-02 3.197484416887164116e-03
4.200000000000000000e+02 9.277765639126300812e-04 2.942388877272605896e-03 9.277765639126300812e-04 2.942388877272605896e-03 3.604153916239738464e-02 3.053415333852171898e-03
4.300000000000000000e+02 8.789704297669231892e-04 2.813225146383047104e-03 8.789704297669231892e-04 2.813225146383047104e-03 3.524883836507797241e-02 2.920578001067042351e-03
4.400000000000000000e+02 8.340787608176469803e-04 2.694593509659171104e-03 8.340787608176469803e-04 2.694593509659171104e-03 3.450468182563781738e-02 2.798564266413450241e-03
4.500000000000000000e+02 7.931960280984640121e-04 2.585375448688864708e-03 7.931960280984640121e-04 2.585375448688864708e-03 3.380626812577247620e-02 2.686418592929840088e-03
4.600000000000000000e+02 7.557799108326435089e-04 2.486207988113164902e-03 7.557799108326435089e-04 2.486207988113164902e-03 3.316024690866470337e-02 2.584727015346288681e-03
4.700000000000000000e+02 7.217997917905449867e-04 2.395238960161805153e-03 7.217997917905449867e-04 2.395238960161805153e-03 3.255666792392730713e-02 2.491489984095096588e-03
4.800000000000000000e+02 6.910225492902100086e-04 2.312265103682875633e-03 6.910225492902100086e-04 2.312265103682875633e-03 3.199763223528862000e-02 2.406660700216889381e-03
4.900000000000000000e+02 6.630322895944118500e-04 2.236897591501474380e-03 6.630322895944118500e-04 2.236897591501474380e-03 3.148127719759941101e-02 2.329614013433456421e-03
5.000000000000000000e+02 6.374638760462403297e-04 2.168389735743403435e-03 6.374638760462403297e-04 2.168389735743403435e-03 3.100612945854663849e-02 2.259822795167565346e-03
5.100000000000000000e+02 6.143202190287411213e-04 2.106768777593970299e-03 6.143202190287411213e-04 2.106768777593970299e-03 3.057276085019111633e-02 2.197093563154339790e-03
5.200000000000000000e+02 5.926668527536094189e-04 2.051798393949866295e-03 5.926668527536094189e-04 2.051798393949866295e-03 3.018199838697910309e-02 2.141288947314023972e-03
5.300000000000000000e+02 5.733125144615769386e-04 2.001423155888915062e-03 5.733125144615769386e-04 2.001423155888915062e-03 2.981996908783912659e-02 2.090227557346224785e-03
5.400000000000000000e+02 5.554226227104663849e-04 1.956280786544084549e-03 5.554226227104663849e-04 1.956280786544084549e-03 2.949264273047447205e-02 2.044591587036848068e-03
5.500000000000000000e+02 5.383948446251451969e-04 1.915896544232964516e-03 5.383948446251451969e-04 1.915896544232964516e-03 2.919721044600009918e-02 2.003835048526525497e-03
5.600000000000000000e+02 5.225764471106231213e-04 1.879899296909570694e-03 5.225764471106231213e-04 1.879899296909570694e-03 2.893272601068019867e-02 1.967695774510502815e-03
5.700000000000000000e+02 5.075775552541017532e-04 1.847138977609574795e-03 5.075775552541017532e-04 1.847138977609574795e-03 2.868944033980369568e-02 1.934743835590779781e-03
5.800000000000000000e+02 4.936935147270560265e-04 1.817476120777428150e-03 4.936935147270560265e-04 1.817476120777428150e-03 2.846843749284744263e-02 1.905050594359636307e-03
5.900000000000000000e+02 4.803241172339767218e-04 1.790945651009678841e-03 4.803241172339767218e-04 1.790945651009678841e-03 2.827009931206703186e-02 1.878598588518798351e-03
6.000000000000000000e+02 4.675140371546149254e-04 1.766672590747475624e-03 4.675140371546149254e-04 1.766672590747475624e-03 2.808711305260658264e-02 1.854357076808810234e-03
6.100000000000000000e+02 4.554727056529372931e-04 1.744518638588488102e-03 4.554727056529372931e-04 1.744518638588488102e-03 2.791978232562541962e-02 1.832328271120786667e-03
6.200000000000000000e+02 4.438209289219230413e-04 1.724325469695031643e-03 4.438209289219230413e-04 1.724325469695031643e-03 2.776699513196945190e-02 1.812328817322850227e-03
6.300000000000000000e+02 4.326644702814519405e-04 1.705624745227396488e-03 4.326644702814519405e-04 1.705624745227396488e-03 2.762478217482566833e-02 1.793811796233057976e-03
6.400000000000000000e+02 4.219288239255547523e-04 1.688828575424849987e-03 4.219288239255547523e-04 1.688828575424849987e-03 2.749730087816715240e-02 1.777294673956930637e-03
6.500000000000000000e+02 4.116656491532921791e-04 1.672879210673272610e-03 4.116656491532921791e-04 1.672879210673272610e-03 2.737498097121715546e-02 1.761517254635691643e-03
6.600000000000000000e+02 4.020813503302633762e-04 1.657791901379823685e-03 4.020813503302633762e-04 1.657791901379823685e-03 2.725910395383834839e-02 1.746635884046554565e-03
6.700000000000000000e+02 3.925456549040973186e-04 1.644171541556715965e-03 3.925456549040973186e-04 1.644171541556715965e-03 2.715486474335193634e-02 1.733302720822393894e-03
6.800000000000000000e+02 3.834890958387404680e-04 1.631300663575530052e-03 3.834890958387404680e-04 1.631300663575530052e-03 2.705593965947628021e-02 1.720697269774973392e-03
6.900000000000000000e+02 3.750205796677619219e-04 1.618901966139674187e-03 3.750205796677619219e-04 1.618901966139674187e-03 2.696046605706214905e-02 1.708575291559100151e-03
7.000000000000000000e+02 3.667209821287542582e-04 1.607323996722698212e-03 3.667209821287542582e-04 1.607323996722698212e-03 2.687063068151473999e-02 1.697207451798021793e-03
7.100000000000000000e+02 3.587376559153199196e-04 1.596359303221106529e-03 3.587376559153199196e-04 1.596359303221106529e-03 2.678582072257995605e-02 1.686511095613241196e-03
7.200000000000000000e+02 3.511485701892524958e-04 1.585944555699825287e-03 3.511485701892524958e-04 1.585944555699825287e-03 2.670495025813579559e-02 1.676342333666980267e-03
7.300000000000000000e+02 3.438629209995269775e-04 1.575993606820702553e-03 3.438629209995269775e-04 1.575993606820702553e-03 2.662767469882965088e-02 1.666654949076473713e-03
7.400000000000000000e+02 3.368799516465514898e-04 1.566381310112774372e-03 3.368799516465514898e-04 1.566381310112774372e-03 2.655316330492496490e-02 1.657340559177100658e-03
7.500000000000000000e+02 3.301665419712662697e-04 1.557224080897867680e-03 3.301665419712662697e-04 1.557224080897867680e-03 2.648156508803367615e-02 1.648415112867951393e-03
7.600000000000000000e+02 3.237045893911272287e-04 1.548434607684612274e-03 3.237045893911272287e-04 1.548434607684612274e-03 2.641291730105876923e-02 1.639879541471600533e-03
7.700000000000000000e+02 3.176372265443205833e-04 1.539815217256546021e-03 3.176372265443205833e-04 1.539815217256546021e-03 2.634522318840026855e-02 1.631484716199338436e-03
7.800000000000000000e+02 3.115297004114836454e-04 1.531727844849228859e-03 3.115297004114836454e-04 1.531727844849228859e-03 2.628178335726261139e-02 1.623636926524341106e-03
7.900000000000000000e+02 3.058579168282449245e-04 1.523608807474374771e-03 3.058579168282449245e-04 1.523608807474374771e-03 2.621755748987197876e-02 1.615711254999041557e-03
8.000000000000000000e+02 3.002402954734861851e-04 1.516003045253455639e-03 3.002402954734861851e-04 1.516003045253455639e-03 2.615802362561225891e-02 1.608381629921495914e-03
8.100000000000000000e+02 2.950676134787499905e-04 1.508386456407606602e-03 2.950676134787499905e-04 1.508386456407606602e-03 2.609739080071449280e-02 1.600933726876974106e-03
8.200000000000000000e+02 2.899668179452419281e-04 1.500986283645033836e-03 2.899668179452419281e-04 1.500986283645033836e-03 2.603907138109207153e-02 1.593786873854696751e-03
8.300000000000000000e+02 2.851546450983732939e-04 1.493689953349530697e-03 2.851546450983732939e-04 1.493689953349530697e-03 2.598077803850173950e-02 1.586658647283911705e-03
8.400000000000000000e+02 2.804307732731103897e-04 1.486625871621072292e-03 2.804307732731103897e-04 1.486625871621072292e-03 2.592402510344982147e-02 1.579734496772289276e-03
8.500000000000000000e+02 2.758877235464751720e-04 1.479729427956044674e-03 2.758877235464751720e-04 1.479729427956044674e-03 2.586949616670608521e-02 1.573095796629786491e-03
8.600000000000000000e+02 2.714216534513980150e-04 1.473063486628234386e-03 2.714216534513980150e-04 1.473063486628234386e-03 2.581601776182651520e-02 1.566598890349268913e-03
8.700000000000000000e+02 2.673763665370643139e-04 1.466255635023117065e-03 2.673763665370643139e-04 1.466255635023117065e-03 2.576111257076263428e-02 1.559941563755273819e-03
8.800000000000000000e+02 2.631951647344976664e-04 1.459795981645584106e-03 2.631951647344976664e-04 1.459795981645584106e-03 2.570899948477745056e-02 1.553636859171092510e-03
8.900000000000000000e+02 2.594144025351852179e-04 1.453179051168262959e-03 2.594144025351852179e-04 1.453179051168262959e-03 2.565584145486354828e-02 1.547218766063451767e-03
9.000000000000000000e+02 2.555657119955867529e-04 1.446877839043736458e-03 2.555657119955867529e-04 1.446877839043736458e-03 2.560413256287574768e-02 1.540987985208630562e-03
9.100000000000000000e+02 2.519504050724208355e-04 1.440501655451953411e-03 2.519504050724208355e-04 1.440501655451953411e-03 2.555290423333644867e-02 1.534828334115445614e-03
9.200000000000000000e+02 2.484857104718685150e-04 1.434231642633676529e-03 2.484857104718685150e-04 1.434231642633676529e-03 2.550173737108707428e-02 1.528687775135040283e-03
9.300000000000000000e+02 2.449501480441540480e-04 1.428212737664580345e-03 2.449501480441540480e-04 1.428212737664580345e-03 2.545227669179439545e-02 1.522763865068554878e-03
9.400000000000000000e+02 2.418663934804499149e-04 1.421899301931262016e-03 2.418663934804499149e-04 1.421899301931262016e-03 2.540020085871219635e-02 1.516538904979825020e-03
9.500000000000000000e+02 2.387079875916242599e-04 1.415825448930263519e-03 2.387079875916242599e-04 1.415825448930263519e-03 2.535016089677810669e-02 1.510569243691861629e-03
9.600000000000000000e+02 2.356671611778438091e-04 1.409724238328635693e-03 2.356671611778438091e-04 1.409724238328635693e-03 2.529970370233058929e-02 1.504561863839626312e-03
9.700000000000000000e+02 2.327956026419997215e-04 1.403645146638154984e-03 2.327956026419997215e-04 1.403645146638154984e-03 2.524890378117561340e-02 1.498526078648865223e-03
9.800000000000000000e+02 2.299268671777099371e-04 1.397738233208656311e-03 2.299268671777099371e-04 1.397738233208656311e-03 2.520015835762023926e-02 1.492745359428226948e-03
9.900000000000000000e+02 2.271283592563122511e-04 1.391850295476615429e-03 2.271283592563122511e-04 1.391850295476615429e-03 2.515058778226375580e-02 1.486878376454114914e-03
1.000000000000000000e+03 2.246231306344270706e-04 1.385767478495836258e-03 2.246231306344270706e-04 1.385767478495836258e-03 2.509940043091773987e-02 1.480832230299711227e-03
1.010000000000000000e+03 2.218301378889009356e-04 1.380145899020135403e-03 2.218301378889009356e-04 1.380145899020135403e-03 2.505308762192726135e-02 1.475372584536671638e-03
1.020000000000000000e+03 2.195678098360076547e-04 1.374039100483059883e-03 2.195678098360076547e-04 1.374039100483059883e-03 2.500132471323013306e-02 1.469282200559973717e-03
1.030000000000000000e+03 2.170394873246550560e-04 1.368276891298592091e-03 2.170394873246550560e-04 1.368276891298592091e-03 2.495220676064491272e-02 1.463514636270701885e-03
1.040000000000000000e+03 2.148107596440240741e-04 1.362299546599388123e-03 2.148107596440240741e-04 1.362299546599388123e-03 2.490147016942501068e-02 1.457569422200322151e-03
1.050000000000000000e+03 2.125958126271143556e-04 1.356448163278400898e-03 2.125958126271143556e-04 1.356448163278400898e-03 2.485169842839241028e-02 1.451748423278331757e-03
1.060000000000000000e+03 2.102042635669931769e-04 1.350836479105055332e-03 2.102042635669931769e-04 1.350836479105055332e-03 2.480419911444187164e-02 1.446204143576323986e-03
1.070000000000000000e+03 2.083154686260968447e-04 1.344746560789644718e-03 2.083154686260968447e-04 1.344746560789644718e-03 2.475183270871639252e-02 1.440104213543236256e-03
1.080000000000000000e+03 2.060717524727806449e-04 1.339119276963174343e-03 2.060717524727806449e-04 1.339119276963174343e-03 2.470360696315765381e-02 1.434498000890016556e-03
1.090000000000000000e+03 2.042428968707099557e-04 1.333070220425724983e-03 2.042428968707099557e-04 1.333070220425724983e-03 2.465139515697956085e-02 1.428440678864717484e-03
1.100000000000000000e+03 2.023690467467531562e-04 1.327159116044640541e-03 2.023690467467531562e-04 1.327159116044640541e-03 2.459972724318504333e-02 1.422459259629249573e-03
1.110000000000000000e+03 2.003717236220836639e-04 1.321424730122089386e-03 2.003717236220836639e-04 1.321424730122089386e-03 2.455017343163490295e-02 1.416734186932444572e-03
1.120000000000000000e+03 1.986020215554162860e-04 1.315487199462950230e-03 1.986020215554162860e-04 1.315487199462950230e-03 2.449844405055046082e-02 1.410770113579928875e-03
1.130000000000000000e+03 1.970323646673932672e-04 1.309378189034759998e-03 1.970323646673932672e-04 1.309378189034759998e-03 2.444463595747947693e-02 1.404579845257103443e-03
1.140000000000000000e+03 1.950749574461951852e-04 1.303700264543294907e-03 1.950749574461951852e-04 1.303700264543294907e-03 2.439538016915321350e-02 1.398924854584038258e-03
1.150000000000000000e+03 1.936389307957142591e-04 1.297522219829261303e-03 1.936389307957142591e-04 1.297522219829261303e-03 2.434081584215164185e-02 1.392674166709184647e-03
1.160000000000000000e+03 1.919638889376074076e-04 1.291593303903937340e-03 1.919638889376074076e-04 1.291593303903937340e-03 2.428807318210601807e-02 1.386645133607089520e-03
1.170000000000000000e+03 1.903348747873678803e-04 1.285639940761029720e-03 1.903348747873678803e-04 1.285639940761029720e-03 2.423570305109024048e-02 1.380671863444149494e-03
1.180000000000000000e+03 1.888996193883940578e-04 1.279471791349351406e-03 1.888996193883940578e-04 1.279471791349351406e-03 2.418066747486591339e-02 1.374408369883894920e-03
1.190000000000000000e+03 1.874347362900152802e-04 1.273369183763861656e-03 1.874347362900152802e-04 1.273369183763861656e-03 2.412611432373523712e-02 1.368213794194161892e-03
1.200000000000000000e+03 1.859150215750560164e-04 1.267337123863399029e-03 1.859150215750560164e-04 1.267337123863399029e-03 2.407195977866649628e-02 1.362078357487916946e-03
1.210000000000000000e+03 1.845769438659772277e-04 1.261133700609207153e-03 1.845769438659772277e-04 1.261133700609207153e-03 2.401611208915710449e-02 1.355765853077173233e-03
1.220000000000000000e+03 1.832366106100380421e-04 1.254865899682044983e-03 1.832366106100380421e-04 1.254865899682044983e-03 2.395975030958652496e-02 1.349409460090100765e-03
1.230000000000000000e+03 1.819902390707284212e-04 1.248509041033685207e-03 1.819902390707284212e-04 1.248509041033685207e-03 2.390186302363872528e-02 1.342897070571780205e-03
1.240000000000000000e+03 1.804666972020640969e-04 1.242482569068670273e-03 1.804666972020640969e-04 1.242482569068670273e-03 2.384773083031177521e-02 1.336821238510310650e-03
1.250000000000000000e+03 1.794063282432034612e-04 1.235890900716185570e-03 1.794063282432034612e-04 1.235890900716185570e-03 2.378733269870281219e-02 1.330058439634740353e-03
1.260000000000000000e+03 1.781692408258095384e-04 1.229448127560317516e-03 1.781692408258095384e-04 1.229448127560317516e-03 2.372864633798599243e-02 1.323503674939274788e-03
1.270000000000000000e+03 1.770001690601930022e-04 1.222957391291856766e-03 1.770001690601930022e-04 1.222957391291856766e-03 2.366874553263187408e-02 1.316829817369580269e-03
1.280000000000000000e+03 1.759197475621476769e-04 1.216282835230231285e-03 1.759197475621476769e-04 1.216282835230231285e-03 2.360705845057964325e-02 1.309974933974444866e-03
1.290000000000000000e+03 1.745608460623770952e-04 1.209931680932641029e-03 1.745608460623770952e-04 1.209931680932641029e-03 2.354839071631431580e-02 1.303471974097192287e-03
1.300000000000000000e+03 1.734662364469841123e-04 1.203236635774374008e-03 1.734662364469841123e-04 1.203236635774374008e-03 2.348679676651954651e-02 1.296662143431603909e-03
1.310000000000000000e+03 1.723938912618905306e-04 1.196421682834625244e-03 1.723938912618905306e-04 1.196421682834625244e-03 2.342305704951286316e-02 1.289633684791624546e-03
1.320000000000000000e+03 1.713383244350552559e-04 1.189621980302035809e-03 1.713383244350552559e-04 1.189621980302035809e-03 2.335932292044162750e-02 1.282624900341033936e-03
1.330000000000000000e+03 1.704162132227793336e-04 1.182582112960517406e-03 1.704162132227793336e-04 1.182582112960517406e-03 2.329300530254840851e-02 1.275352668017148972e-03
1.340000000000000000e+03 1.693278754828497767e-04 1.175645156763494015e-03 1.693278754828497767e-04 1.175645156763494015e-03 2.322771586477756500e-02 1.268213032744824886e-03
1.350000000000000000e+03 1.685286697465926409e-04 1.168343587778508663e-03 1.685286697465926409e-04 1.168343587778508663e-03 2.315843105316162109e-02 1.260658726096153259e-03
1.360000000000000000e+03 1.673279475653544068e-04 1.161415362730622292e-03 1.673279475653544068e-04 1.161415362730622292e-03 2.309259027242660522e-02 1.253500580787658691e-03
1.370000000000000000e+03 1.664653536863625050e-04 1.154072699137032032e-03 1.664653536863625050e-04 1.154072699137032032e-03 2.302278578281402588e-02 1.245933817699551582e-03
1.380000000000000000e+03 1.655072555877268314e-04 1.146733528003096581e-03 1.655072555877268314e-04 1.146733528003096581e-03 2.295201085507869720e-02 1.238285447470843792e-03
1.390000000000000000e+03 1.644690346438437700e-04 1.139382016845047474e-03 1.644690346438437700e-04 1.139382016845047474e-03 2.288154140114784241e-02 1.230692956596612930e-03
1.400000000000000000e+03 1.636898377910256386e-04 1.131679746322333813e-03 1.636898377910256386e-04 1.131679746322333813e-03 2.280681021511554718e-02 1.222667517140507698e-03
1.410000000000000000e+03 1.627156452741473913e-04 1.124113914556801319e-03 1.627156452741473913e-04 1.124113914556801319e-03 2.273341268301010132e-02 1.214810414239764214e-03
1.420000000000000000e+03 1.617834059288725257e-04 1.116382540203630924e-03 1.617834059288725257e-04 1.116382540203630924e-03 2.265803143382072449e-02 1.206767396070063114e-03
1.430000000000000000e+03 1.608555758139118552e-04 1.108565367758274078e-03 1.608555758139118552e-04 1.108565367758274078e-03 2.258165366947650909e-02 1.198645448312163353e-03
1.440000000000000000e+03 1.600281830178573728e-04 1.100543304346501827e-03 1.600281830178573728e-04 1.100543304346501827e-03 2.250337041914463043e-02 1.190349110402166843e-03
1.450000000000000000e+03 1.592005282873287797e-04 1.092413091100752354e-03 1.592005282873287797e-04 1.092413091100752354e-03 2.242321334779262543e-02 1.181884319521486759e-03
1.460000000000000000e+03 1.582374825375154614e-04 1.084313844330608845e-03 1.582374825375154614e-04 1.084313844330608845e-03 2.234260365366935730e-02 1.173401949927210808e-03
1.470000000000000000e+03 1.573301560711115599e-04 1.076010754331946373e-03 1.573301560711115599e-04 1.076010754331946373e-03 2.226026915013790131e-02 1.164769753813743591e-03
1.480000000000000000e+03 1.565693091833963990e-04 1.067494158633053303e-03 1.565693091833963990e-04 1.067494158633053303e-03 2.217505313456058502e-02 1.155868871137499809e-03
1.490000000000000000e+03 1.557232753839343786e-04 1.058813417330384254e-03 1.557232753839343786e-04 1.058813417330384254e-03 2.208737283945083618e-02 1.146746217273175716e-03
1.500000000000000000e+03 1.549432199681177735e-04 1.050026970915496349e-03 1.549432199681177735e-04 1.050026970915496349e-03 2.199874445796012878e-02 1.137561979703605175e-03
1.510000000000000000e+03 1.539407676318660378e-04 1.041356474161148071e-03 1.539407676318660378e-04 1.041356474161148071e-03 2.191097289323806763e-02 1.128502422943711281e-03
1.520000000000000000e+03 1.531405869172886014e-04 1.032321481034159660e-03 1.531405869172886014e-04 1.032321481034159660e-03 2.181894332170486450e-02 1.119042513892054558e-03
1.530000000000000000e+03 1.524030376458540559e-04 1.022999291308224201e-03 1.524030376458540559e-04 1.022999291308224201e-03 2.172376215457916260e-02 1.109300879761576653e-03
1.540000000000000000e+03 1.516000629635527730e-04 1.013717264868319035e-03 1.516000629635527730e-04 1.013717264868319035e-03 2.162769250571727753e-02 1.099510933272540569e-03
1.550000000000000000e+03 1.506079279351979494e-04 1.004463760182261467e-03 1.506079279351979494e-04 1.004463760182261467e-03 2.153199911117553711e-02 1.089802943170070648e-03
1.560000000000000000e+03 1.499623031122609973e-04 9.946622885763645172e-04 1.499623031122609973e-04 9.946622885763645172e-04 2.142983675003051758e-02 1.079486100934445858e-03
1.570000000000000000e+03 1.490476715844124556e-04 9.850066853687167168e-04 1.490476715844124556e-04 9.850066853687167168e-04 2.132946066558361053e-02 1.069397083483636379e-03
1.580000000000000000e+03 1.485650136601179838e-04 9.752099285833537579e-04 1.485650136601179838e-04 9.752099285833537579e-04 2.122682891786098480e-02 1.059130299836397171e-03
1.590000000000000000e+03 1.557089854031801224e-04 9.651472792029380798e-04 1.557089854031801224e-04 9.651472792029380798e-04 2.111971937119960785e-02 1.048468635417521000e-03
1.600000000000000000e+03 4.623546265065670013e-04 9.902507299557328224e-04 4.623546265065670013e-04 9.902507299557328224e-04 2.136625535786151886e-02 1.073089661076664925e-03
1.610000000000000000e+03 2.746583777479827404e-04 9.705478441901504993e-04 2.746583777479827404e-04 9.705478441901504993e-04 2.115729264914989471e-02 1.052202656865119934e-03
1.620000000000000000e+03 1.653885265113785863e-04 9.383577271364629269e-04 1.653885265113785863e-04 9.383577271364629269e-04 2.081718109548091888e-02 1.018645591102540493e-03
1.630000000000000000e+03 1.456989411963149905e-04 9.265377884730696678e-04 1.456989411963149905e-04 9.265377884730696678e-04 2.069229632616043091e-02 1.006460166536271572e-03
1.640000000000000000e+03 1.476077741244807839e-04 9.175240411423146725e-04 1.476077741244807839e-04 9.175240411423146725e-04 2.059340104460716248e-02 9.968628874048590660e-04
1.650000000000000000e+03 1.451897405786439776e-04 9.046174236573278904e-04 1.451897405786439776e-04 9.046174236573278904e-04 2.045436203479766846e-02 9.834474185481667519e-04
1.660000000000000000e+03 1.425833906978368759e-04 8.940872503444552422e-04 1.425833906978368759e-04 8.940872503444552422e-04 2.033979631960391998e-02 9.724615374580025673e-04
1.670000000000000000e+03 1.407772506354376674e-04 8.825936820358037949e-04 1.407772506354376674e-04 8.825936820358037949e-04 2.021448127925395966e-02 9.605155792087316513e-04
1.680000000000000000e+03 1.402012130711227655e-04 8.713270653970539570e-04 1.402012130711227655e-04 8.713270653970539570e-04 2.009001001715660095e-02 9.487232891842722893e-04
1.690000000000000000e+03 1.426805974915623665e-04 8.598282583989202976e-04 1.426805974915623665e-04 8.598282583989202976e-04 1.996149122714996338e-02 9.366238955408334732e-04
1.700000000000000000e+03 2.968681801576167345e-04 8.647979120723903179e-04 2.968681801576167345e-04 8.647979120723903179e-04 2.000661380589008331e-02 9.408629848621785641e-04
1.710000000000000000e+03 1.381663605570793152e-04 8.437928045168519020e-04 1.381663605570793152e-04 8.437928045168519020e-04 1.977592334151268005e-02 9.192904108203947544e-04
1.720000000000000000e+03 2.610403462313115597e-04 8.428545552305877209e-04 2.610403462313115597e-04 8.428545552305877209e-04 1.973639614880084991e-02 9.156191954389214516e-04
1.730000000000000000e+03 1.374358253087848425e-04 8.195159025490283966e-04 1.374358253087848425e-04 8.195159025490283966e-04 1.947900839149951935e-02 8.918932289816439152e-04
1.740000000000000000e+03 1.483456144342198968e-04 8.103286963887512684e-04 1.483456144342198968e-04 8.103286963887512684e-04 1.937247440218925476e-02 8.821639930829405785e-04
1.750000000000000000e+03 1.342840550933033228e-04 7.947389967739582062e-04 1.342840550933033228e-04 7.947389967739582062e-04 1.919406466186046600e-02 8.659905870445072651e-04
1.760000000000000000e+03 1.355292479274794459e-04 7.822713232599198818e-04 1.355292479274794459e-04 7.822713232599198818e-04 1.904896646738052368e-02 8.529470651410520077e-04
1.770000000000000000e+03 1.340257294941693544e-04 7.706062169745564461e-04 1.340257294941693544e-04 7.706062169745564461e-04 1.891414634883403778e-02 8.409160654991865158e-04
1.780000000000000000e+03 1.332912215730175376e-04 7.581602549180388451e-04 1.332912215730175376e-04 7.581602549180388451e-04 1.876717992126941681e-02 8.278987952508032322e-04
1.790000000000000000e+03 1.332877000095322728e-04 7.461361819878220558e-04 1.332877000095322728e-04 7.461361819878220558e-04 1.862344332039356232e-02 8.152658119797706604e-04
1.800000000000000000e+03 1.329443184658885002e-04 7.339720032177865505e-04 1.329443184658885002e-04 7.339720032177865505e-04 1.847679726779460907e-02 8.024769485928118229e-04
1.810000000000000000e+03 1.401569170411676168e-04 7.221288979053497314e-04 1.401569170411676168e-04 7.221288979053497314e-04 1.833142153918743134e-02 7.898988551460206509e-04
1.820000000000000000e+03 7.710870704613626003e-04 7.848094101063907146e-04 7.710870704613626003e-04 7.848094101063907146e-04 1.902973279356956482e-02 8.512254571542143822e-04
1.830000000000000000e+03 5.133321392349898815e-04 7.712115184403955936e-04 5.133321392349898815e-04 7.712115184403955936e-04 1.887014508247375488e-02 8.370081777684390545e-04
1.840000000000000000e+03 2.201127208536490798e-04 7.092033629305660725e-04 2.201127208536490798e-04 7.092033629305660725e-04 1.812766119837760925e-02 7.724364404566586018e-04
1.850000000000000000e+03 1.326588098891079426e-04 6.843562587164342403e-04 1.326588098891079426e-04 6.843562587164342403e-04 1.782546751201152802e-02 7.468975381925702095e-04
1.860000000000000000e+03 1.303357566939666867e-04 6.684255786240100861e-04 1.303357566939666867e-04 6.684255786240100861e-04 1.762184128165245056e-02 7.299310527741909027e-04
1.870000000000000000e+03 1.364884083159267902e-04 6.561218760907649994e-04 1.364884083159267902e-04 6.561218760907649994e-04 1.746815815567970276e-02 7.172548794187605381e-04
1.880000000000000000e+03 1.280344149563461542e-04 6.431345827877521515e-04 1.280344149563461542e-04 6.431345827877521515e-04 1.730404235422611237e-02 7.038406329229474068e-04
1.890000000000000000e+03 1.287097402382642031e-04 6.311673205345869064e-04 1.287097402382642031e-04 6.311673205345869064e-04 1.715184934437274933e-02 6.915141711942851543e-04
1.900000000000000000e+03 1.282846642425283790e-04 6.189191481098532677e-04 1.282846642425283790e-04 6.189191481098532677e-04 1.699144579470157623e-02 6.786406738683581352e-04
1.910000000000000000e+03 1.277872070204466581e-04 6.072616670280694962e-04 1.277872070204466581e-04 6.072616670280694962e-04 1.683823019266128540e-02 6.664568791165947914e-04
1.920000000000000000e+03 1.278286072192713618e-04 5.954477819614112377e-04 1.278286072192713618e-04 5.954477819614112377e-04 1.668009907007217407e-02 6.539981113746762276e-04
1.930000000000000000e+03 1.280230062548071146e-04 5.838361103087663651e-04 1.280230062548071146e-04 5.838361103087663651e-04 1.652248203754425049e-02 6.416966207325458527e-04
1.940000000000000000e+03 1.279988064197823405e-04 5.725690280087292194e-04 1.279988064197823405e-04 5.725690280087292194e-04 1.636775024235248566e-02 6.297340150922536850e-04
1.950000000000000000e+03 1.378400629619136453e-04 5.631559179164469242e-04 1.378400629619136453e-04 5.631559179164469242e-04 1.623798534274101257e-02 6.197884213179349899e-04
1.960000000000000000e+03 9.015474352054297924e-04 6.453261594288051128e-04 9.015474352054297924e-04 6.453261594288051128e-04 1.728977262973785400e-02 7.026802632026374340e-04
1.970000000000000000e+03 5.789119168184697628e-04 5.839976947754621506e-04 5.789119168184697628e-04 5.839976947754621506e-04 1.645394414663314819e-02 6.363839493133127689e-04
1.980000000000000000e+03 2.527681353967636824e-04 5.512743955478072166e-04 2.527681353967636824e-04 5.512743955478072166e-04 1.600486785173416138e-02 6.021204753778874874e-04
1.990000000000000000e+03 1.488195994170382619e-04 5.286987288855016232e-04 1.488195994170382619e-04 5.286987288855016232e-04 1.570145785808563232e-02 5.795076722279191017e-04
2.000000000000000000e+03 1.245374733116477728e-04 5.149057251401245594e-04 1.245374733116477728e-04 5.149057251401245594e-04 1.550687570124864578e-02 5.652334075421094894e-04
2.010000000000000000e+03 1.282467565033584833e-04 5.044336430728435516e-04 1.282467565033584833e-04 5.044336430728435516e-04 1.536052487790584564e-02 5.546146421693265438e-04
2.020000000000000000e+03 1.268546620849519968e-04 4.931467119604349136e-04 1.268546620849519968e-04 4.931467119604349136e-04 1.519643422216176987e-02 5.428284639492630959e-04
2.030000000000000000e+03 1.257764670299366117e-04 4.826121439691632986e-04 1.257764670299366117e-04 4.826121439691632986e-04 1.504269801080226898e-02 5.319009069353342056e-04
2.040000000000000000e+03 1.255137176485732198e-04 4.726204497274011374e-04 1.255137176485732198e-04 4.726204497274011374e-04 1.489429082721471786e-02 5.214574630372226238e-04
2.050000000000000000e+03 1.256476534763351083e-04 4.627926100511103868e-04 1.256476534763351083e-04 4.627926100511103868e-04 1.474680565297603607e-02 5.111815407872200012e-04
2.060000000000000000e+03 1.256287068827077746e-04 4.533847095444798470e-04 1.256287068827077746e-04 4.533847095444798470e-04 1.460214145481586456e-02 5.012014880776405334e-04
2.070000000000000000e+03 1.258020784007385373e-04 4.439605108927935362e-04 1.258020784007385373e-04 4.439605108927935362e-04 1.445614919066429138e-02 4.912296426482498646e-04
2.080000000000000000e+03 1.255688839592039585e-04 4.351338429842144251e-04 1.255688839592039585e-04 4.351338429842144251e-04 1.431689504534006119e-02 4.818112356588244438e-04
2.090000000000000000e+03 1.254990347661077976e-04 4.263416049070656300e-04 1.254990347661077976e-04 4.263416049070656300e-04 1.417778059840202332e-02 4.724934115074574947e-04
2.100000000000000000e+03 1.257970579899847507e-04 4.179150564596056938e-04 1.257970579899847507e-04 4.179150564596056938e-04 1.404179632663726807e-02 4.634731740225106478e-04
2.110000000000000000e+03 1.525815750937908888e-04 4.136735224165022373e-04 1.525815750937908888e-04 4.136735224165022373e-04 1.397579722106456757e-02 4.591265460476279259e-04
2.120000000000000000e+03 1.392323640175163746e-03 5.506899906322360039e-04 1.392323640175163746e-03 5.506899906322360039e-04 1.595996692776679993e-02 5.987468757666647434e-04
2.130000000000000000e+03 1.423146313754841685e-04 4.062659863848239183e-04 1.423146313754841685e-04 4.062659863848239183e-04 1.381423044949769974e-02 4.485725658014416695e-04
2.140000000000000000e+03 1.804045314202085137e-04 4.026562091894447803e-04 1.804045314202085137e-04 4.026562091894447803e-04 1.373752392828464508e-02 4.436046583577990532e-04
2.150000000000000000e+03 1.580232492415234447e-04 3.893995017278939486e-04 1.580232492415234447e-04 3.893995017278939486e-04 1.351782213896512985e-02 4.295292019378393888e-04
2.160000000000000000e+03 1.367839577142149210e-04 3.776296798605471849e-04 1.367839577142149210e-04 3.776296798605471849e-04 1.332888938486576080e-02 4.176064394414424896e-04
2.170000000000000000e+03 1.227744796779006720e-04 3.680211375467479229e-04 1.227744796779006720e-04 3.680211375467479229e-04 1.317440345883369446e-02 4.079821228515356779e-04
2.180000000000000000e+03 1.217974786413833499e-04 3.607434919103980064e-04 1.217974786413833499e-04 3.607434919103980064e-04 1.305645611137151718e-02 4.007097159046679735e-04
2.190000000000000000e+03 1.209805486723780632e-04 3.529094683472067118e-04 1.209805486723780632e-04 3.529094683472067118e-04 1.292490959167480469e-02 3.926759236492216587e-04
2.200000000000000000e+03 1.206900487886741757e-04 3.458749270066618919e-04 1.206900487886741757e-04 3.458749270066618919e-04 1.280330400913953781e-02 3.853216185234487057e-04
2.210000000000000000e+03 1.203105784952640533e-04 3.390183846931904554e-04 1.203105784952640533e-04 3.390183846931904554e-04 1.268365047872066498e-02 3.781531704589724541e-04
2.220000000000000000e+03 1.200589031213894486e-04 3.322798875160515308e-04 1.200589031213894486e-04 3.322798875160515308e-04 1.256415713578462601e-02 3.710615565069019794e-04
2.230000000000000000e+03 1.197303863591514528e-04 3.258001233916729689e-04 1.197303863591514528e-04 3.258001233916729689e-04 1.244611293077468872e-02 3.641218354459851980e-04
2.240000000000000000e+03 1.196254816022701561e-04 3.193011507391929626e-04 1.196254816022701561e-04 3.193011507391929626e-04 1.232842169702053070e-02 3.572680288925766945e-04
2.250000000000000000e+03 1.188575406558811665e-04 3.134477883577346802e-04 1.188575406558811665e-04 3.134477883577346802e-04 1.221953798085451126e-02 3.509852394927293062e-04
2.260000000000000000e+03 1.183289205073378980e-04 3.074770211242139339e-04 1.183289205073378980e-04 3.074770211242139339e-04 1.210913527756929398e-02 3.446715709287673235e-04
2.270000000000000000e+03 1.191177434520795941e-04 3.020738367922604084e-04 1.191177434520795941e-04 3.020738367922604084e-04 1.200921740382909775e-02 3.390070341993123293e-04
2.280000000000000000e+03 1.593789202161133289e-04 3.026472404599189758e-04 1.593789202161133289e-04 3.026472404599189758e-04 1.202427223324775696e-02 3.398575063329190016e-04
2.290000000000000000e+03 1.011231215670704842e-03 4.016828606836497784e-04 1.011231215670704842e-03 4.016828606836497784e-04 1.371140219271183014e-02 4.419192555360496044e-04
2.300000000000000000e+03 2.850294404197484255e-04 3.129665565211325884e-04 2.850294404197484255e-04 3.129665565211325884e-04 1.213677693158388138e-02 3.462469612713903189e-04
2.310000000000000000e+03 1.539651857456192374e-04 2.912851923611015081e-04 1.539651857456192374e-04 2.912851923611015081e-04 1.176025066524744034e-02 3.250965964980423450e-04
2.320000000000000000e+03 1.228946639457717538e-04 2.823044196702539921e-04 1.228946639457717538e-04 2.823044196702539921e-04 1.160081755369901657e-02 3.163416695315390825e-04
2.330000000000000000e+03 1.179007231257855892e-04 2.760560601018369198e-04 1.179007231257855892e-04 2.760560601018369198e-04 1.148352399468421936e-02 3.099770401604473591e-04
2.340000000000000000e+03 1.162730477517470717e-04 2.683346974663436413e-04 1.162730477517470717e-04 2.683346974663436413e-04 1.132275909185409546e-02 3.013587265741080046e-04
2.350000000000000000e+03 1.115120248869061470e-04 2.637180732563138008e-04 1.115120248869061470e-04 2.637180732563138008e-04 1.124192588031291962e-02 2.970712957903742790e-04
2.360000000000000000e+03 1.108441283577121794e-04 2.583136374596506357e-04 1.108441283577121794e-04 2.583136374596506357e-04 1.113461051136255264e-02 2.914266951847821474e-04
2.370000000000000000e+03 1.101236339309252799e-04 2.539662818890064955e-04 1.101236339309252799e-04 2.539662818890064955e-04 1.104928646236658096e-02 2.869773888960480690e-04
2.380000000000000000e+03 1.097433050745166838e-04 2.492963685654103756e-04 1.097433050745166838e-04 2.492963685654103756e-04 1.095220167189836502e-02 2.819565124809741974e-04
2.390000000000000000e+03 1.088388744392432272e-04 2.449565217830240726e-04 1.088388744392432272e-04 2.449565217830240726e-04 1.086363196372985840e-02 2.774146269075572491e-04
2.400000000000000000e+03 1.080691072274930775e-04 2.408306318102404475e-04 1.080691072274930775e-04 2.408306318102404475e-04 1.077825855463743210e-02 2.730714913923293352e-04
2.410000000000000000e+03 1.078267741831950843e-04 2.366706175962463021e-04 1.078267741831950843e-04 2.366706175962463021e-04 1.069118268787860870e-02 2.686771913431584835e-04
2.420000000000000000e+03 1.136052087531425059e-04 2.340909995837137103e-04 1.136052087531425059e-04 2.340909995837137103e-04 1.064194366335868835e-02 2.662080223672091961e-04
2.430000000000000000e+03 5.394864128902554512e-04 2.840926754288375378e-04 5.394864128902554512e-04 2.840926754288375378e-04 1.164301857352256775e-02 3.186473913956433535e-04
2.440000000000000000e+03 3.591470303945243359e-04 2.449983439873903990e-04 3.591470303945243359e-04 2.449983439873903990e-04 1.080202590674161911e-02 2.742771757766604424e-04
2.450000000000000000e+03 1.254465605597943068e-04 2.328335103811696172e-04 1.254465605597943068e-04 2.328335103811696172e-04 1.058041304349899292e-02 2.631385286804288626e-04
2.460000000000000000e+03 1.465542445657774806e-04 2.326005487702786922e-04 1.465542445657774806e-04 2.326005487702786922e-04 1.058446615934371948e-02 2.633401891216635704e-04
2.470000000000000000e+03 1.237278775079175830e-04 2.231454127468168736e-04 1.237278775079175830e-04 2.231454127468168736e-04 1.037448365241289139e-02 2.529951743781566620e-04
2.480000000000000000e+03 1.004570221994072199e-04 2.157831913791596889e-04 1.004570221994072199e-04 2.157831913791596889e-04 1.021349430084228516e-02 2.452042535878717899e-04
2.490000000000000000e+03 1.033688386087305844e-04 2.112604706780984998e-04 1.033688386087305844e-04 2.112604706780984998e-04 1.010911632329225540e-02 2.402180398348718882e-04
2.500000000000000000e+03 9.912987297866493464e-05 2.075409865938127041e-04 9.912987297866493464e-05 2.075409865938127041e-04 1.003549434244632721e-02 2.367318811593577266e-04
