# step, loss_train, loss_test, metrics_test
0.000000000000000000e+00 1.707848668098449707e+00 2.397731304168701172e+00 1.804747104644775391e+00 2.397731304168701172e+00 1.012624502182006836e+00 2.399584770202636719e+00
1.000000000000000000e+01 2.446109503507614136e-01 1.360178589820861816e+00 2.880262732505798340e-01 1.360178589820861816e+00 7.626248002052307129e-01 1.361009359359741211e+00
2.000000000000000000e+01 2.035483270883560181e-01 8.536985516548156738e-01 6.321161985397338867e-01 8.536985516548156738e-01 6.041312813758850098e-01 8.540865778923034668e-01
3.000000000000000000e+01 9.601914882659912109e-02 5.380509495735168457e-01 8.487291932106018066e-01 5.380509495735168457e-01 4.798328578472137451e-01 5.387895703315734863e-01
4.000000000000000000e+01 3.980451449751853943e-02 2.735732793807983398e-01 1.203911900520324707e+00 2.735732793807983398e-01 3.421621024608612061e-01 2.739700376987457275e-01
5.000000000000000000e+01 3.185207769274711609e-02 7.188659906387329102e-02 1.898718118667602539e+00 7.188659906387329102e-02 1.747902631759643555e-01 7.149467617273330688e-02
6.000000000000000000e+01 2.718738093972206116e-02 5.379554256796836853e-02 2.227094888687133789e+00 5.379554256796836853e-02 1.505855172872543335e-01 5.306469649076461792e-02
7.000000000000000000e+01 9.892988950014114380e-03 4.513392224907875061e-02 2.057521581649780273e+00 4.513392224907875061e-02 1.382579803466796875e-01 4.473214596509933472e-02
8.000000000000000000e+01 1.088645216077566147e-02 3.301102668046951294e-02 2.115358114242553711e+00 3.301102668046951294e-02 1.182961538434028625e-01 3.274767473340034485e-02
9.000000000000000000e+01 9.287266060709953308e-03 2.766458131372928619e-02 2.238353490829467773e+00 2.766458131372928619e-02 1.082247942686080933e-01 2.740897610783576965e-02
1.000000000000000000e+02 7.179833017289638519e-03 2.428644895553588867e-02 2.234879255294799805e+00 2.428644895553588867e-02 1.017374545335769653e-01 2.422149665653705597e-02
1.100000000000000000e+02 6.612125784158706665e-03 2.074118889868259430e-02 2.269016504287719727e+00 2.074118889868259430e-02 9.418705850839614868e-02 2.075972966849803925e-02
1.200000000000000000e+02 6.380762439221143723e-03 1.772910729050636292e-02 2.292320966720581055e+00 1.772910729050636292e-02 8.725238591432571411e-02 1.781533285975456238e-02
1.300000000000000000e+02 5.812486167997121811e-03 1.558671984821557999e-02 2.290873050689697266e+00 1.558671984821557999e-02 8.201508224010467529e-02 1.574079319834709167e-02
1.400000000000000000e+02 5.178818944841623306e-03 1.388837303966283798e-02 2.294455289840698242e+00 1.388837303966283798e-02 7.758025079965591431e-02 1.408450398594141006e-02
1.500000000000000000e+02 4.618186037987470627e-03 1.245124917477369308e-02 2.285668134689331055e+00 1.245124917477369308e-02 7.362201809883117676e-02 1.268395315855741501e-02
1.600000000000000000e+02 4.145083948969841003e-03 1.120357029139995575e-02 2.280873060226440430e+00 1.120357029139995575e-02 6.999938189983367920e-02 1.146641653031110764e-02
1.700000000000000000e+02 3.712095785886049271e-03 1.015207078307867050e-02 2.271953105926513672e+00 1.015207078307867050e-02 6.678181886672973633e-02 1.043651998043060303e-02
1.800000000000000000e+02 3.338619833812117577e-03 9.240816347301006317e-03 2.259817361831665039e+00 9.240816347301006317e-03 6.384904682636260986e-02 9.539993479847908020e-03
1.900000000000000000e+02 3.013694193214178085e-03 8.447392843663692474e-03 2.245233297348022461e+00 8.447392843663692474e-03 6.116357445716857910e-02 8.754372596740722656e-03
2.000000000000000000e+02 2.731697168201208115e-03 7.755101192742586136e-03 2.228073835372924805e+00 7.755101192742586136e-03 5.870552733540534973e-02 8.064867928624153137e-03
2.100000000000000000e+02 2.488063415512442589e-03 7.144156843423843384e-03 2.208731651306152344e+00 7.144156843423843384e-03 5.643457174301147461e-02 7.452975492924451828e-03
2.200000000000000000e+02 2.275602426379919052e-03 6.604791153222322464e-03 2.187831401824951172e+00 6.604791153222322464e-03 5.433864891529083252e-02 6.909662857651710510e-03
2.300000000000000000e+02 2.089689252898097038e-03 6.124801002442836761e-03 2.166102170944213867e+00 6.124801002442836761e-03 5.239508301019668579e-02 6.424219347536563873e-03
2.400000000000000000e+02 1.927122473716735840e-03 5.698666907846927643e-03 2.143937587738037109e+00 5.698666907846927643e-03 5.059816688299179077e-02 5.991130601614713669e-03
2.500000000000000000e+02 1.783938962034881115e-03 5.317161325365304947e-03 2.121900558471679688e+00 5.317161325365304947e-03 4.892648011445999146e-02 5.601795390248298645e-03
2.600000000000000000e+02 1.656932989135384560e-03 4.976916592568159103e-03 2.100003480911254883e+00 4.976916592568159103e-03 4.738039895892143250e-02 5.253353621810674667e-03
2.700000000000000000e+02 1.544386032037436962e-03 4.669321235269308090e-03 2.078228473663330078e+00 4.669321235269308090e-03 4.593327641487121582e-02 4.937353078275918961e-03
2.800000000000000000e+02 1.443717977963387966e-03 4.393989685922861099e-03 2.057271003723144531e+00 4.393989685922861099e-03 4.459374025464057922e-02 4.653578624129295349e-03
2.900000000000000000e+02 1.353488070890307426e-03 4.146573133766651154e-03 2.037257909774780273e+00 4.146573133766651154e-03 4.335108399391174316e-02 4.397837445139884949e-03
3.000000000000000000e+02 1.272414694540202618e-03 3.922785632312297821e-03 2.017591714859008789e+00 3.922785632312297821e-03 4.219225794076919556e-02 4.165861289948225021e-03
3.100000000000000000e+02 1.199224265292286873e-03 3.720872569829225540e-03 1.998185157775878906e+00 3.720872569829225540e-03 4.111614450812339783e-02 3.956071101129055023e-03
3.200000000000000000e+02 1.132677891291677952e-03 3.538925899192690849e-03 1.979986667633056641e+00 3.538925899192690849e-03 4.011946544051170349e-02 3.766600042581558228e-03
3.300000000000000000e+02 1.072230632416903973e-03 3.374208696186542511e-03 1.962678790092468262e+00 3.374208696186542511e-03 3.919296711683273315e-02 3.594641340896487236e-03
3.400000000000000000e+02 1.016976078972220421e-03 3.225053893402218819e-03 1.945769309997558594e+00 3.225053893402218819e-03 3.833368793129920959e-02 3.438749350607395172e-03
3.500000000000000000e+02 9.666790720075368881e-04 3.089500591158866882e-03 1.929771184921264648e+00 3.089500591158866882e-03 3.753346577286720276e-02 3.296678187325596809e-03
3.600000000000000000e+02 9.206006652675569057e-04 2.967039356008172035e-03 1.914203286170959473e+00 2.967039356008172035e-03 3.679483756422996521e-02 3.168203402310609818e-03
3.700000000000000000e+02 8.780384669080376625e-04 2.856448758393526077e-03 1.899300217628479004e+00 2.856448758393526077e-03 3.611338883638381958e-02 3.051938023418188095e-03
3.800000000000000000e+02 8.389201830141246319e-04 2.755693159997463226e-03 1.885320901870727539e+00 2.755693159997463226e-03 3.547950834035873413e-02 2.945740474388003349e-03
3.900000000000000000e+02 8.028209558688104153e-04 2.664243336766958237e-03 1.871775269508361816e+00 2.664243336766958237e-03 3.489417582750320435e-02 2.849345095455646515e-03
4.000000000000000000e+02 7.692725048400461674e-04 2.580492058768868446e-03 1.858847856521606445e+00 2.580492058768868446e-03 3.434889391064643860e-02 2.760988892987370491e-03
4.100000000000000000e+02 7.381962495855987072e-04 2.504340605810284615e-03 1.846462130546569824e+00 2.504340605810284615e-03 3.384497761726379395e-02 2.680573845282196999e-03
4.200000000000000000e+02 7.091641891747713089e-04 2.436209237203001976e-03 1.834470033645629883e+00 2.436209237203001976e-03 3.338597342371940613e-02 2.608359092846512794e-03
4.300000000000000000e+02 6.819795817136764526e-04 2.372888848185539246e-03 1.823205828666687012e+00 2.372888848185539246e-03 3.295471146702766418e-02 2.541407477110624313e-03
4.400000000000000000e+02 6.569584948010742664e-04 2.315455814823508263e-03 1.812254667282104492e+00 2.315455814823508263e-03 3.255746886134147644e-02 2.480507595464587212e-03
4.500000000000000000e+02 6.335065700113773346e-04 2.263125265017151833e-03 1.801725864410400391e+00 2.263125265017151833e-03 3.219081461429595947e-02 2.424952341243624687e-03
4.600000000000000000e+02 6.114066927693784237e-04 2.215132350102066994e-03 1.791852474212646484e+00 2.215132350102066994e-03 3.185094520449638367e-02 2.374017611145973206e-03
4.700000000000000000e+02 5.908753955736756325e-04 2.171069849282503128e-03 1.782130241394042969e+00 2.171069849282503128e-03 3.153504058718681335e-02 2.327158814296126366e-03
4.800000000000000000e+02 5.711824051104485989e-04 2.130801323801279068e-03 1.772823333740234375e+00 2.130801323801279068e-03 3.124414198100566864e-02 2.284422516822814941e-03
4.900000000000000000e+02 5.530684138648211956e-04 2.093540038913488388e-03 1.763976931571960449e+00 2.093540038913488388e-03 3.097154386341571808e-02 2.244734438136219978e-03
5.000000000000000000e+02 5.358209018595516682e-04 2.059531863778829575e-03 1.755249738693237305e+00 2.059531863778829575e-03 3.072086349129676819e-02 2.208544174209237099e-03
5.100000000000000000e+02 5.195906269364058971e-04 2.027805894613265991e-03 1.746949553489685059e+00 2.027805894613265991e-03 3.048565424978733063e-02 2.174854744225740433e-03
5.200000000000000000e+02 5.042834673076868057e-04 1.998427323997020721e-03 1.739009141921997070e+00 1.998427323997020721e-03 3.026603534817695618e-02 2.143632154911756516e-03
5.300000000000000000e+02 4.899041960015892982e-04 1.971115125343203545e-03 1.731187462806701660e+00 1.971115125343203545e-03 3.006084822118282318e-02 2.114665461704134941e-03
5.400000000000000000e+02 4.762252210639417171e-04 1.946138218045234680e-03 1.723650813102722168e+00 1.946138218045234680e-03 2.987106703221797943e-02 2.088049193844199181e-03
5.500000000000000000e+02 4.634898505173623562e-04 1.922386931255459785e-03 1.716309905052185059e+00 1.922386931255459785e-03 2.969030104577541351e-02 2.062853658571839333e-03
5.600000000000000000e+02 4.512102168519049883e-04 1.900331117212772369e-03 1.709210276603698730e+00 1.900331117212772369e-03 2.952211908996105194e-02 2.039549406617879868e-03
5.700000000000000000e+02 4.397232551127672195e-04 1.879608724266290665e-03 1.702189922332763672e+00 1.879608724266290665e-03 2.936247736215591431e-02 2.017551800236105919e-03
5.800000000000000000e+02 4.288251511752605438e-04 1.860236050561070442e-03 1.695505142211914062e+00 1.860236050561070442e-03 2.921293489634990692e-02 1.997052924707531929e-03
5.900000000000000000e+02 4.187176527921110392e-04 1.841647434048354626e-03 1.688909530639648438e+00 1.841647434048354626e-03 2.906962670385837555e-02 1.977507490664720535e-03
6.000000000000000000e+02 4.087023553438484669e-04 1.824707607738673687e-03 1.682164669036865234e+00 1.824707607738673687e-03 2.893762104213237762e-02 1.959588611498475075e-03
6.100000000000000000e+02 3.995205042883753777e-04 1.807968830689787865e-03 1.676026582717895508e+00 1.807968830689787865e-03 2.880726195871829987e-02 1.941973227076232433e-03
6.200000000000000000e+02 3.908466314896941185e-04 1.792287919670343399e-03 1.669595003128051758e+00 1.792287919670343399e-03 2.868487685918807983e-02 1.925507676787674427e-03
6.300000000000000000e+02 3.824262821581214666e-04 1.777451601810753345e-03 1.663553595542907715e+00 1.777451601810753345e-03 2.856874838471412659e-02 1.909948652610182762e-03
6.400000000000000000e+02 3.745794820133596659e-04 1.763085019774734974e-03 1.657400846481323242e+00 1.763085019774734974e-03 2.845656685531139374e-02 1.894978224299848080e-03
6.500000000000000000e+02 3.670128353405743837e-04 1.749615417793393135e-03 1.651305794715881348e+00 1.749615417793393135e-03 2.835022844374179840e-02 1.880842261016368866e-03
6.600000000000000000e+02 3.598913608584553003e-04 1.736519974656403065e-03 1.645488262176513672e+00 1.736519974656403065e-03 2.824734337627887726e-02 1.867215614765882492e-03
6.700000000000000000e+02 3.531445981934666634e-04 1.723753870464861393e-03 1.639543890953063965e+00 1.723753870464861393e-03 2.814707532525062561e-02 1.853983267210423946e-03
6.800000000000000000e+02 3.467099159024655819e-04 1.711630495265126228e-03 1.633919954299926758e+00 1.711630495265126228e-03 2.805133908987045288e-02 1.841392833739519119e-03
6.900000000000000000e+02 3.405530005693435669e-04 1.700002350844442844e-03 1.627971172332763672e+00 1.700002350844442844e-03 2.795946784317493439e-02 1.829351065680384636e-03
7.000000000000000000e+02 3.345293516758829355e-04 1.688840566202998161e-03 1.622237920761108398e+00 1.688840566202998161e-03 2.787137217819690704e-02 1.817841199226677418e-03
7.100000000000000000e+02 3.289826563559472561e-04 1.677736756391823292e-03 1.616636514663696289e+00 1.677736756391823292e-03 2.778312377631664276e-02 1.806347863748669624e-03
7.200000000000000000e+02 3.236182383261620998e-04 1.667083241045475006e-03 1.610881447792053223e+00 1.667083241045475006e-03 2.769846096634864807e-02 1.795356161892414093e-03
7.300000000000000000e+02 3.184723027516156435e-04 1.656783395446836948e-03 1.605264782905578613e+00 1.656783395446836948e-03 2.761709690093994141e-02 1.784823718480765820e-03
7.400000000000000000e+02 3.135827719233930111e-04 1.646732212975621223e-03 1.599612832069396973e+00 1.646732212975621223e-03 2.753747068345546722e-02 1.774546457454562187e-03
7.500000000000000000e+02 3.089439996983855963e-04 1.636777422390878201e-03 1.594092249870300293e+00 1.636777422390878201e-03 2.745848335325717926e-02 1.764380722306668758e-03
7.600000000000000000e+02 3.043762699235230684e-04 1.627330435439944267e-03 1.588514924049377441e+00 1.627330435439944267e-03 2.738255262374877930e-02 1.754636177793145180e-03
7.700000000000000000e+02 3.000205324497073889e-04 1.618123380467295647e-03 1.583012580871582031e+00 1.618123380467295647e-03 2.730853296816349030e-02 1.745162764564156532e-03
7.800000000000000000e+02 2.958907571155577898e-04 1.608922961167991161e-03 1.577325701713562012e+00 1.608922961167991161e-03 2.723531797528266907e-02 1.735817873850464821e-03
7.900000000000000000e+02 2.918434329330921173e-04 1.600092393346130848e-03 1.571834802627563477e+00 1.600092393346130848e-03 2.716458216309547424e-02 1.726813032291829586e-03
8.000000000000000000e+02 2.880963147617876530e-04 1.591228996403515339e-03 1.566554546356201172e+00 1.591228996403515339e-03 2.709271572530269623e-02 1.717688050121068954e-03
8.100000000000000000e+02 2.841261448338627815e-04 1.582994242198765278e-03 1.560850262641906738e+00 1.582994242198765278e-03 2.702732570469379425e-02 1.709406496956944466e-03
8.200000000000000000e+02 2.806955599226057529e-04 1.574336551129817963e-03 1.555517435073852539e+00 1.574336551129817963e-03 2.695711515843868256e-02 1.700536930002272129e-03
8.300000000000000000e+02 2.772481529973447323e-04 1.566109363920986652e-03 1.550017476081848145e+00 1.566109363920986652e-03 2.689074352383613586e-02 1.692173653282225132e-03
8.400000000000000000e+02 2.738623879849910736e-04 1.558043295517563820e-03 1.544660925865173340e+00 1.558043295517563820e-03 2.682554163038730621e-02 1.683977083303034306e-03
8.500000000000000000e+02 2.705843653529882431e-04 1.550046959891915321e-03 1.539195060729980469e+00 1.550046959891915321e-03 2.676073834300041199e-02 1.675851293839514256e-03
8.600000000000000000e+02 2.674358256626874208e-04 1.542179146781563759e-03 1.533713936805725098e+00 1.542179146781563759e-03 2.669716626405715942e-02 1.667898381128907204e-03
8.700000000000000000e+02 2.644166524987667799e-04 1.534475246444344521e-03 1.528472781181335449e+00 1.534475246444344521e-03 2.663403935730457306e-02 1.660020207054913044e-03
8.800000000000000000e+02 2.614210243336856365e-04 1.526823733001947403e-03 1.523098468780517578e+00 1.526823733001947403e-03 2.657166495919227600e-02 1.652254140935838223e-03
8.900000000000000000e+02 2.585788024589419365e-04 1.519316690973937511e-03 1.517687559127807617e+00 1.519316690973937511e-03 2.651036530733108521e-02 1.644639647565782070e-03
9.000000000000000000e+02 2.557562547735869884e-04 1.511829672381281853e-03 1.512296915054321289e+00 1.511829672381281853e-03 2.644878625869750977e-02 1.637007691897451878e-03
9.100000000000000000e+02 2.530609199311584234e-04 1.504452433437108994e-03 1.507043480873107910e+00 1.504452433437108994e-03 2.638839185237884521e-02 1.629540463909506798e-03
9.200000000000000000e+02 2.503772557247430086e-04 1.497210003435611725e-03 1.501698493957519531e+00 1.497210003435611725e-03 2.632848545908927917e-02 1.622150070033967495e-03
9.300000000000000000e+02 2.478984824847429991e-04 1.489898655563592911e-03 1.496431589126586914e+00 1.489898655563592911e-03 2.626757137477397919e-02 1.614652690477669239e-03
9.400000000000000000e+02 2.452912740409374237e-04 1.482870546169579029e-03 1.491045594215393066e+00 1.482870546169579029e-03 2.620973065495491028e-02 1.607549493201076984e-03
9.500000000000000000e+02 2.428175794193521142e-04 1.475834636949002743e-03 1.485754370689392090e+00 1.475834636949002743e-03 2.615135535597801208e-02 1.600396935828030109e-03
9.600000000000000000e+02 2.405104023637250066e-04 1.468611997552216053e-03 1.480503559112548828e+00 1.468611997552216053e-03 2.609153836965560913e-02 1.593084074556827545e-03
9.700000000000000000e+02 2.381876547588035464e-04 1.461661886423826218e-03 1.475313782691955566e+00 1.461661886423826218e-03 2.603316493332386017e-02 1.585963414981961250e-03
9.800000000000000000e+02 2.357915946049615741e-04 1.454829005524516106e-03 1.470065593719482422e+00 1.454829005524516106e-03 2.597654797136783600e-02 1.579072675667703152e-03
9.900000000000000000e+02 2.337246987735852599e-04 1.447728369385004044e-03 1.464944362640380859e+00 1.447728369385004044e-03 2.591667510569095612e-02 1.571801607497036457e-03
1.000000000000000000e+03 2.314884768566116691e-04 1.440917025320231915e-03 1.459661960601806641e+00 1.440917025320231915e-03 2.585912495851516724e-02 1.564829377457499504e-03
1.010000000000000000e+03 2.293332654517143965e-04 1.434086123481392860e-03 1.454601883888244629e+00 1.434086123481392860e-03 2.580175735056400299e-02 1.557893701829016209e-03
1.020000000000000000e+03 2.272744022775441408e-04 1.427177921868860722e-03 1.449541330337524414e+00 1.427177921868860722e-03 2.574259229004383087e-02 1.550757093355059624e-03
1.030000000000000000e+03 2.252996200695633888e-04 1.420287415385246277e-03 1.444345235824584961e+00 1.420287415385246277e-03 2.568454481661319733e-02 1.543770893476903439e-03
1.040000000000000000e+03 2.231759281130507588e-04 1.413589576259255409e-03 1.439271092414855957e+00 1.413589576259255409e-03 2.562785334885120392e-02 1.536963973194360733e-03
1.050000000000000000e+03 2.213302504969760776e-04 1.406652620062232018e-03 1.434221506118774414e+00 1.406652620062232018e-03 2.556859329342842102e-02 1.529864268377423286e-03
1.060000000000000000e+03 2.193116961279883981e-04 1.399937900714576244e-03 1.429109215736389160e+00 1.399937900714576244e-03 2.551088854670524597e-02 1.522966660559177399e-03
1.070000000000000000e+03 2.174728724639862776e-04 1.393090817146003246e-03 1.424118757247924805e+00 1.393090817146003246e-03 2.545206062495708466e-02 1.515951124019920826e-03
1.080000000000000000e+03 2.157046837965026498e-04 1.386153744533658028e-03 1.419166803359985352e+00 1.386153744533658028e-03 2.539289928972721100e-02 1.508911722339689732e-03
1.090000000000000000e+03 2.139006246579810977e-04 1.379309222102165222e-03 1.414178371429443359e+00 1.379309222102165222e-03 2.533328905701637268e-02 1.501835649833083153e-03
1.100000000000000000e+03 2.120023273164406419e-04 1.372614875435829163e-03 1.409157991409301758e+00 1.372614875435829163e-03 2.527549490332603455e-02 1.494991010986268520e-03
1.110000000000000000e+03 2.104309241985902190e-04 1.365555799566209316e-03 1.404404520988464355e+00 1.365555799566209316e-03 2.521384693682193756e-02 1.487707486376166344e-03
1.120000000000000000e+03 2.086872555082663894e-04 1.358670298941433430e-03 1.399415850639343262e+00 1.358670298941433430e-03 2.515414170920848846e-02 1.480670180171728134e-03
1.130000000000000000e+03 2.071184280794113874e-04 1.351588172838091850e-03 1.394457101821899414e+00 1.351588172838091850e-03 2.509244903922080994e-02 1.473415875807404518e-03
1.140000000000000000e+03 2.053312782663851976e-04 1.344800926744937897e-03 1.389566540718078613e+00 1.344800926744937897e-03 2.503272891044616699e-02 1.466410933062434196e-03
1.150000000000000000e+03 2.037880767602473497e-04 1.337666180916130543e-03 1.384706616401672363e+00 1.337666180916130543e-03 2.497049234807491302e-02 1.459128223359584808e-03
1.160000000000000000e+03 2.023153065238147974e-04 1.330488361418247223e-03 1.379946708679199219e+00 1.330488361418247223e-03 2.490665577352046967e-02 1.451677293516695499e-03
1.170000000000000000e+03 2.007174916798248887e-04 1.323421020060777664e-03 1.375089883804321289e+00 1.323421020060777664e-03 2.484409883618354797e-02 1.444394234567880630e-03
1.180000000000000000e+03 1.993049227166920900e-04 1.316099311225116253e-03 1.370388031005859375e+00 1.316099311225116253e-03 2.477920986711978912e-02 1.436859136447310448e-03
1.190000000000000000e+03 1.976893545361235738e-04 1.309030572883784771e-03 1.365597486495971680e+00 1.309030572883784771e-03 2.471629530191421509e-02 1.429571770131587982e-03
1.200000000000000000e+03 1.964609400602057576e-04 1.301453216001391411e-03 1.360910177230834961e+00 1.301453216001391411e-03 2.464909292757511139e-02 1.421808614395558834e-03
1.210000000000000000e+03 1.950254227267578244e-04 1.294055255129933357e-03 1.356263279914855957e+00 1.294055255129933357e-03 2.458223514258861542e-02 1.414105994626879692e-03
1.220000000000000000e+03 1.936469489010050893e-04 1.286543556489050388e-03 1.351407766342163086e+00 1.286543556489050388e-03 2.451522834599018097e-02 1.406407216563820839e-03
1.230000000000000000e+03 1.922017108881846070e-04 1.279119751416146755e-03 1.346716523170471191e+00 1.279119751416146755e-03 2.444851025938987732e-02 1.398762571625411510e-03
1.240000000000000000e+03 1.910020801005885005e-04 1.271297805942595005e-03 1.342093110084533691e+00 1.271297805942595005e-03 2.437789365649223328e-02 1.390694174915552139e-03
1.250000000000000000e+03 1.896262692753225565e-04 1.263671554625034332e-03 1.337372660636901855e+00 1.263671554625034332e-03 2.430809289216995239e-02 1.382741495035588741e-03
1.260000000000000000e+03 1.883737277239561081e-04 1.255817711353302002e-03 1.332715868949890137e+00 1.255817711353302002e-03 2.423691749572753906e-02 1.374655752442777157e-03
1.270000000000000000e+03 1.872736756922677159e-04 1.247715088538825512e-03 1.328171253204345703e+00 1.247715088538825512e-03 2.416264079511165619e-02 1.366243348456919193e-03
1.280000000000000000e+03 1.858678879216313362e-04 1.239899196662008762e-03 1.323451995849609375e+00 1.239899196662008762e-03 2.409071847796440125e-02 1.358122215606272221e-03
1.290000000000000000e+03 1.847705279942601919e-04 1.231567002832889557e-03 1.318999528884887695e+00 1.231567002832889557e-03 2.401439659297466278e-02 1.349529949948191643e-03
1.300000000000000000e+03 1.836634619394317269e-04 1.223266357555985451e-03 1.314422726631164551e+00 1.223266357555985451e-03 2.393706142902374268e-02 1.340852235443890095e-03
1.310000000000000000e+03 1.826499792514368892e-04 1.214715302921831608e-03 1.309925198554992676e+00 1.214715302921831608e-03 2.385869063436985016e-02 1.332086743786931038e-03
1.320000000000000000e+03 1.813678827602416277e-04 1.206390792503952980e-03 1.305181026458740234e+00 1.206390792503952980e-03 2.378102950751781464e-02 1.323428819887340069e-03
1.330000000000000000e+03 1.803155901143327355e-04 1.197710400447249413e-03 1.300703167915344238e+00 1.197710400447249413e-03 2.370001003146171570e-02 1.314426423050463200e-03
1.340000000000000000e+03 1.793336559785529971e-04 1.188848284073174000e-03 1.296271443367004395e+00 1.188848284073174000e-03 2.361604012548923492e-02 1.305128680542111397e-03
1.350000000000000000e+03 1.783976622391492128e-04 1.179784885607659817e-03 1.291792035102844238e+00 1.179784885607659817e-03 2.353163249790668488e-02 1.295816153287887573e-03
1.360000000000000000e+03 1.774247648427262902e-04 1.170666771940886974e-03 1.287216067314147949e+00 1.170666771940886974e-03 2.344489283859729767e-02 1.286280690692365170e-03
1.370000000000000000e+03 1.763625332387164235e-04 1.161536900326609612e-03 1.282714247703552246e+00 1.161536900326609612e-03 2.335802838206291199e-02 1.276766881346702576e-03
1.380000000000000000e+03 1.754294935381039977e-04 1.152075245045125484e-03 1.278139352798461914e+00 1.152075245045125484e-03 2.326833456754684448e-02 1.266980194486677647e-03
1.390000000000000000e+03 1.745819608913734555e-04 1.142432796768844128e-03 1.273728609085083008e+00 1.142432796768844128e-03 2.317576855421066284e-02 1.256919815205037594e-03
1.400000000000000000e+03 1.736525300657376647e-04 1.132703386247158051e-03 1.269185185432434082e+00 1.132703386247158051e-03 2.308211475610733032e-02 1.246782019734382629e-03
1.410000000000000000e+03 1.727868802845478058e-04 1.122755114920437336e-03 1.264787197113037109e+00 1.122755114920437336e-03 2.298571541905403137e-02 1.236389274708926678e-03
1.420000000000000000e+03 1.719780702842399478e-04 1.112651545554399490e-03 1.260223984718322754e+00 1.112651545554399490e-03 2.288793027400970459e-02 1.225892337970435619e-03
1.430000000000000000e+03 1.711443910608068109e-04 1.102354610338807106e-03 1.255701541900634766e+00 1.102354610338807106e-03 2.278761565685272217e-02 1.215169904753565788e-03
1.440000000000000000e+03 1.703109155641868711e-04 1.091930666007101536e-03 1.251190781593322754e+00 1.091930666007101536e-03 2.268576249480247498e-02 1.204331289045512676e-03
1.450000000000000000e+03 1.696817926131188869e-04 1.081037917174398899e-03 1.246847510337829590e+00 1.081037917174398899e-03 2.257835865020751953e-02 1.192954834550619125e-03
1.460000000000000000e+03 1.687668118393048644e-04 1.070372993126511574e-03 1.242257356643676758e+00 1.070372993126511574e-03 2.247257530689239502e-02 1.181802479550242424e-03
1.470000000000000000e+03 1.680285640759393573e-04 1.059321337379515171e-03 1.237806916236877441e+00 1.059321337379515171e-03 2.236205339431762695e-02 1.170206698589026928e-03
1.480000000000000000e+03 1.672797225182875991e-04 1.048084930516779423e-03 1.233210206031799316e+00 1.048084930516779423e-03 2.225004509091377258e-02 1.158513594418764114e-03
1.490000000000000000e+03 1.666767784627154469e-04 1.036418019793927670e-03 1.228869318962097168e+00 1.036418019793927670e-03 2.213249728083610535e-02 1.146304653957486153e-03
1.500000000000000000e+03 1.660182897467166185e-04 1.024698489345610142e-03 1.224480986595153809e+00 1.024698489345610142e-03 2.201380766928195953e-02 1.134043326601386070e-03
1.510000000000000000e+03 1.653977233218029141e-04 1.012688502669334412e-03 1.219770193099975586e+00 1.012688502669334412e-03 2.189156226813793182e-02 1.121483277529478073e-03
1.520000000000000000e+03 1.647443277761340141e-04 1.000555697828531265e-03 1.215270042419433594e+00 1.000555697828531265e-03 2.176682837307453156e-02 1.108739525079727173e-03
1.530000000000000000e+03 1.642060378799214959e-04 9.880402358248829842e-04 1.210932731628417969e+00 9.880402358248829842e-04 2.163799479603767395e-02 1.095653744414448738e-03
1.540000000000000000e+03 1.635457883821800351e-04 9.755291393958032131e-04 1.206369876861572266e+00 9.755291393958032131e-04 2.150747738778591156e-02 1.082475879229605198e-03
1.550000000000000000e+03 1.629348407732322812e-04 9.626845712773501873e-04 1.201967358589172363e+00 9.626845712773501873e-04 2.137316577136516571e-02 1.068998128175735474e-03
1.560000000000000000e+03 1.623630087124183774e-04 9.495990816503763199e-04 1.197393655776977539e+00 9.495990816503763199e-04 2.123614773154258728e-02 1.055335858836770058e-03
1.570000000000000000e+03 1.617449306650087237e-04 9.363628341816365719e-04 1.192937612533569336e+00 9.363628341816365719e-04 2.109528332948684692e-02 1.041381736285984516e-03
1.580000000000000000e+03 1.613482891116291285e-04 9.226397960446774960e-04 1.188556432723999023e+00 9.226397960446774960e-04 2.094912342727184296e-02 1.027001184411346912e-03
1.590000000000000000e+03 1.607207814231514931e-04 9.089775849133729935e-04 1.183960318565368652e+00 9.089775849133729935e-04 2.080186456441879272e-02 1.012613647617399693e-03
1.600000000000000000e+03 1.602486590854823589e-04 8.948935428634285927e-04 1.179542541503906250e+00 8.948935428634285927e-04 2.064962871372699738e-02 9.978465968742966652e-04
1.610000000000000000e+03 1.596699148649349809e-04 8.807815611362457275e-04 1.175012826919555664e+00 8.807815611362457275e-04 2.049505524337291718e-02 9.829634800553321838e-04
1.620000000000000000e+03 1.591335603734478354e-04 8.663773769512772560e-04 1.170551776885986328e+00 8.663773769512772560e-04 2.033625170588493347e-02 9.677899652160704136e-04
1.630000000000000000e+03 1.587400038260966539e-04 8.515757508575916290e-04 1.166225671768188477e+00 8.515757508575916290e-04 2.017150819301605225e-02 9.521733736619353294e-04
1.640000000000000000e+03 1.581499673193320632e-04 8.368851267732679844e-04 1.161672115325927734e+00 8.368851267732679844e-04 2.000720985233783722e-02 9.367252932861447334e-04
1.650000000000000000e+03 1.576683862367644906e-04 8.218517759814858437e-04 1.157256126403808594e+00 8.218517759814858437e-04 1.983654312789440155e-02 9.208125993609428406e-04
1.660000000000000000e+03 1.571108150528743863e-04 8.067093440331518650e-04 1.152868509292602539e+00 8.067093440331518650e-04 1.966395787894725800e-02 9.048595675267279148e-04
1.670000000000000000e+03 1.565750571899116039e-04 7.914144080132246017e-04 1.148233771324157715e+00 7.914144080132246017e-04 1.948683336377143860e-02 8.886316791176795959e-04
1.680000000000000000e+03 1.560372766107320786e-04 7.759461877867579460e-04 1.143984079360961914e+00 7.759461877867579460e-04 1.930705830454826355e-02 8.723112987354397774e-04
1.690000000000000000e+03 1.555181224830448627e-04 7.603227277286350727e-04 1.139494299888610840e+00 7.603227277286350727e-04 1.912321709096431732e-02 8.557782275602221489e-04
1.700000000000000000e+03 1.551256282255053520e-04 7.444037473760545254e-04 1.135171294212341309e+00 7.444037473760545254e-04 1.893405243754386902e-02 8.389314170926809311e-04
1.710000000000000000e+03 1.545417326269671321e-04 7.286302861757576466e-04 1.130842566490173340e+00 7.286302861757576466e-04 1.874387077987194061e-02 8.221627213060855865e-04
1.720000000000000000e+03 1.539781806059181690e-04 7.128091529011726379e-04 1.126342177391052246e+00 7.128091529011726379e-04 1.855118200182914734e-02 8.053457131609320641e-04
1.730000000000000000e+03 1.533132890472188592e-04 6.969690439291298389e-04 1.122017621994018555e+00 6.969690439291298389e-04 1.835658028721809387e-02 7.885383092798292637e-04
1.740000000000000000e+03 1.527991698822006583e-04 6.808981415815651417e-04 1.117750167846679688e+00 6.808981415815651417e-04 1.815705932676792145e-02 7.714897510595619678e-04
1.750000000000000000e+03 1.521349622635170817e-04 6.650590221397578716e-04 1.113259077072143555e+00 6.650590221397578716e-04 1.795700564980506897e-02 7.545830449089407921e-04
1.760000000000000000e+03 1.516518241260200739e-04 6.488848011940717697e-04 1.109093785285949707e+00 6.488848011940717697e-04 1.775137893855571747e-02 7.374005508609116077e-04
1.770000000000000000e+03 1.508969435235485435e-04 6.331907934509217739e-04 1.104609727859497070e+00 6.331907934509217739e-04 1.754846796393394470e-02 7.206388982012867928e-04
1.780000000000000000e+03 1.503264211351051927e-04 6.172218709252774715e-04 1.100392580032348633e+00 6.172218709252774715e-04 1.734021678566932678e-02 7.036363822408020496e-04
1.790000000000000000e+03 1.495753531344234943e-04 6.015641265548765659e-04 1.096122622489929199e+00 6.015641265548765659e-04 1.713263615965843201e-02 6.868907366879284382e-04
1.800000000000000000e+03 1.487514964537695050e-04 5.860727396793663502e-04 1.091871857643127441e+00 5.860727396793663502e-04 1.692484878003597260e-02 6.703303661197423935e-04
1.810000000000000000e+03 1.481255312683060765e-04 5.704778595827519894e-04 1.087588310241699219e+00 5.704778595827519894e-04 1.671309210360050201e-02 6.536614964716136456e-04
1.820000000000000000e+03 1.472768199164420366e-04 5.552577204070985317e-04 1.083510756492614746e+00 5.552577204070985317e-04 1.650268025696277618e-02 6.373063079081475735e-04
1.830000000000000000e+03 1.463567023165524006e-04 5.402595270425081253e-04 1.079099655151367188e+00 5.402595270425081253e-04 1.629298739135265350e-02 6.212131702341139317e-04
1.840000000000000000e+03 1.454220182495191693e-04 5.254854913800954819e-04 1.074869632720947266e+00 5.254854913800954819e-04 1.608359813690185547e-02 6.053487304598093033e-04
1.850000000000000000e+03 1.445220987079665065e-04 5.107895121909677982e-04 1.070825219154357910e+00 5.107895121909677982e-04 1.587261259555816650e-02 5.895710201002657413e-04
1.860000000000000000e+03 1.434537989553064108e-04 4.965147236362099648e-04 1.066574454307556152e+00 4.965147236362099648e-04 1.566442102193832397e-02 5.742062930949032307e-04
1.870000000000000000e+03 1.422504865331575274e-04 4.826461372431367636e-04 1.062202692031860352e+00 4.826461372431367636e-04 1.545874960720539093e-02 5.592267261818051338e-04
1.880000000000000000e+03 1.411494740750640631e-04 4.688051703851670027e-04 1.058223009109497070e+00 4.688051703851670027e-04 1.525144185870885849e-02 5.443284753710031509e-04
1.890000000000000000e+03 1.399374159518629313e-04 4.553879552986472845e-04 1.053904294967651367e+00 4.553879552986472845e-04 1.504701282829046249e-02 5.298340111039578915e-04
1.900000000000000000e+03 1.387496886309236288e-04 4.422102647367864847e-04 1.049923658370971680e+00 4.422102647367864847e-04 1.484299916774034500e-02 5.155640537850558758e-04
1.910000000000000000e+03 1.374211278744041920e-04 4.294305981602519751e-04 1.045779824256896973e+00 4.294305981602519751e-04 1.464238949120044708e-02 5.017219809815287590e-04
1.920000000000000000e+03 1.359773887088522315e-04 4.171567852608859539e-04 1.041351079940795898e+00 4.171567852608859539e-04 1.444750465452671051e-02 4.884554655291140079e-04
1.930000000000000000e+03 1.346276694675907493e-04 4.049557610414922237e-04 1.037309885025024414e+00 4.049557610414922237e-04 1.425066497176885605e-02 4.752362146973609924e-04
1.940000000000000000e+03 1.331286475760862231e-04 3.932615800295025110e-04 1.033095002174377441e+00 3.932615800295025110e-04 1.405897643417119980e-02 4.625371366273611784e-04
1.950000000000000000e+03 1.315594126936048269e-04 3.820314595941454172e-04 1.028913974761962891e+00 3.820314595941454172e-04 1.387179270386695862e-02 4.503025556914508343e-04
1.960000000000000000e+03 1.300759031437337399e-04 3.709711600095033646e-04 1.024701118469238281e+00 3.709711600095033646e-04 1.368558872491121292e-02 4.382946935947984457e-04
1.970000000000000000e+03 1.284843310713768005e-04 3.603553923312574625e-04 1.020369291305541992e+00 3.603553923312574625e-04 1.350402645766735077e-02 4.267424228601157665e-04
1.980000000000000000e+03 1.268374471692368388e-04 3.501905885059386492e-04 1.016033172607421875e+00 3.501905885059386492e-04 1.332704257220029831e-02 4.156299401074647903e-04
1.990000000000000000e+03 1.251718931598588824e-04 3.403398732189089060e-04 1.011701583862304688e+00 3.403398732189089060e-04 1.315354276448488235e-02 4.048784612677991390e-04
2.000000000000000000e+03 1.236451789736747742e-04 3.306667204014956951e-04 1.007450222969055176e+00 3.306667204014956951e-04 1.298128627240657806e-02 3.943436022382229567e-04
2.010000000000000000e+03 1.219296245835721493e-04 3.215779142919927835e-04 1.003012418746948242e+00 3.215779142919927835e-04 1.281671784818172455e-02 3.844084858428686857e-04
2.020000000000000000e+03 1.201967970700934529e-04 3.128281969111412764e-04 9.985310435295104980e-01 3.128281969111412764e-04 1.265625562518835068e-02 3.748433082364499569e-04
2.030000000000000000e+03 1.185435248771682382e-04 3.043893375433981419e-04 9.941896796226501465e-01 3.043893375433981419e-04 1.249883789569139481e-02 3.655767068266868591e-04
2.040000000000000000e+03 1.167695882031694055e-04 2.963769366033375263e-04 9.895410537719726562e-01 2.963769366033375263e-04 1.234822254627943039e-02 3.568191605154424906e-04
2.050000000000000000e+03 1.150286043412052095e-04 2.887008304242044687e-04 9.849503636360168457e-01 2.887008304242044687e-04 1.220214273780584335e-02 3.484267799649387598e-04
2.060000000000000000e+03 1.133615296566858888e-04 2.812276361510157585e-04 9.805144667625427246e-01 2.812276361510157585e-04 1.205715257674455643e-02 3.401956637389957905e-04
2.070000000000000000e+03 1.115990162361413240e-04 2.742192591540515423e-04 9.758101701736450195e-01 2.742192591540515423e-04 1.191986631602048874e-02 3.324926656205207109e-04
2.080000000000000000e+03 1.099449873436242342e-04 2.673941198736429214e-04 9.712916612625122070e-01 2.673941198736429214e-04 1.178515516221523285e-02 3.250198496971279383e-04
2.090000000000000000e+03 1.081697846530005336e-04 2.610117662698030472e-04 9.664599895477294922e-01 2.610117662698030472e-04 1.165730040520429611e-02 3.180059429723769426e-04
2.100000000000000000e+03 1.064765747287310660e-04 2.548662014305591583e-04 9.616556763648986816e-01 2.548662014305591583e-04 1.153269689530134201e-02 3.112439590040594339e-04
2.110000000000000000e+03 1.048495396389625967e-04 2.488935424480587244e-04 9.571593403816223145e-01 2.488935424480587244e-04 1.140987221151590347e-02 3.046497004106640816e-04
2.120000000000000000e+03 1.031662395689636469e-04 2.432830369798466563e-04 9.522710442543029785e-01 2.432830369798466563e-04 1.129357982426881790e-02 2.984712773468345404e-04
2.130000000000000000e+03 1.015611051116138697e-04 2.378665376454591751e-04 9.475144743919372559e-01 2.378665376454591751e-04 1.118083763867616653e-02 2.925417793449014425e-04
2.140000000000000000e+03 9.995915024774149060e-05 2.327202382730320096e-04 9.428091049194335938e-01 2.327202382730320096e-04 1.107111759483814240e-02 2.868284354917705059e-04
2.150000000000000000e+03 9.827441681409254670e-05 2.279013860970735550e-04 9.378241300582885742e-01 2.279013860970735550e-04 1.096856500953435898e-02 2.815391635522246361e-04
2.160000000000000000e+03 9.669105929788202047e-05 2.232112456113100052e-04 9.329062700271606445e-01 2.232112456113100052e-04 1.086774282157421112e-02 2.763872034847736359e-04
2.170000000000000000e+03 9.510101517662405968e-05 2.187807549489662051e-04 9.281411767005920410e-01 2.187807549489662051e-04 1.077074836939573288e-02 2.714757283683866262e-04
2.180000000000000000e+03 9.362227865494787693e-05 2.144303143722936511e-04 9.233360290527343750e-01 2.144303143722936511e-04 1.067525800317525864e-02 2.666834043338894844e-04
2.190000000000000000e+03 9.206687536789104342e-05 2.103953156620264053e-04 9.184214472770690918e-01 2.103953156620264053e-04 1.058528013527393341e-02 2.622067986521869898e-04
2.200000000000000000e+03 9.050148946698755026e-05 2.065666049020364881e-04 9.133586287498474121e-01 2.065666049020364881e-04 1.050017401576042175e-02 2.580074360594153404e-04
2.210000000000000000e+03 8.913357305573299527e-05 2.027331065619364381e-04 9.087146520614624023e-01 2.027331065619364381e-04 1.041340734809637070e-02 2.537610416766256094e-04
2.220000000000000000e+03 8.762835204834118485e-05 1.992292236536741257e-04 9.037139415740966797e-01 1.992292236536741257e-04 1.033370103687047958e-02 2.498912508599460125e-04
2.230000000000000000e+03 8.615799015387892723e-05 1.958672219188883901e-04 8.988425135612487793e-01 1.958672219188883901e-04 1.025695353746414185e-02 2.461932017467916012e-04
2.240000000000000000e+03 8.474869537167251110e-05 1.926300319610163569e-04 8.938365578651428223e-01 1.926300319610163569e-04 1.018196251243352890e-02 2.426064020255580544e-04
2.250000000000000000e+03 8.343881927430629730e-05 1.894094166345894337e-04 8.892723917961120605e-01 1.894094166345894337e-04 1.010721363127231598e-02 2.390573645243421197e-04
2.260000000000000000e+03 8.205446647480130196e-05 1.864683727035298944e-04 8.843994736671447754e-01 1.864683727035298944e-04 1.003818958997726440e-02 2.358034107601270080e-04
2.270000000000000000e+03 8.072322816587984562e-05 1.836018927861005068e-04 8.794814944267272949e-01 1.836018927861005068e-04 9.970298036932945251e-03 2.326245303265750408e-04
2.280000000000000000e+03 7.942206866573542356e-05 1.808352244552224874e-04 8.748003840446472168e-01 1.808352244552224874e-04 9.904238395392894745e-03 2.295521844644099474e-04
2.290000000000000000e+03 7.820572500349953771e-05 1.781315659172832966e-04 8.702655434608459473e-01 1.781315659172832966e-04 9.839275851845741272e-03 2.265507791889831424e-04
2.300000000000000000e+03 7.690413622185587883e-05 1.756465062499046326e-04 8.651103973388671875e-01 1.756465062499046326e-04 9.779238142073154449e-03 2.237944427179172635e-04
2.310000000000000000e+03 7.568673754576593637e-05 1.732019300106912851e-04 8.605419397354125977e-01 1.732019300106912851e-04 9.719910100102424622e-03 2.210872771684080362e-04
2.320000000000000000e+03 7.448902761097997427e-05 1.708447671262547374e-04 8.558590412139892578e-01 1.708447671262547374e-04 9.662514552474021912e-03 2.184839686378836632e-04
2.330000000000000000e+03 7.334107795031741261e-05 1.685766765149310231e-04 8.513105511665344238e-01 1.685766765149310231e-04 9.606405161321163177e-03 2.159538998967036605e-04
2.340000000000000000e+03 7.218754763016477227e-05 1.663999282754957676e-04 8.466803431510925293e-01 1.663999282754957676e-04 9.552641771733760834e-03 2.135434478987008333e-04
2.350000000000000000e+03 7.108459249138832092e-05 1.642776187509298325e-04 8.421887755393981934e-01 1.642776187509298325e-04 9.500304237008094788e-03 2.112099318765103817e-04
2.360000000000000000e+03 6.999679317232221365e-05 1.622532436158508062e-04 8.376064896583557129e-01 1.622532436158508062e-04 9.448931552469730377e-03 2.089318586513400078e-04
2.370000000000000000e+03 6.895203114254400134e-05 1.602700358489528298e-04 8.332746028900146484e-01 1.602700358489528298e-04 9.398789145052433014e-03 2.067202731268480420e-04
2.380000000000000000e+03 6.792317435611039400e-05 1.583606062922626734e-04 8.288231492042541504e-01 1.583606062922626734e-04 9.350365959107875824e-03 2.045956643996760249e-04
2.390000000000000000e+03 6.691810995107516646e-05 1.565278216730803251e-04 8.244584202766418457e-01 1.565278216730803251e-04 9.303484112024307251e-03 2.025491849053651094e-04
2.400000000000000000e+03 6.593891157535836101e-05 1.547340943943709135e-04 8.203061223030090332e-01 1.547340943943709135e-04 9.256795980036258698e-03 2.005213464144617319e-04
2.410000000000000000e+03 6.498854781966656446e-05 1.530169538455083966e-04 8.158411979675292969e-01 1.530169538455083966e-04 9.212858974933624268e-03 1.986223505809903145e-04
2.420000000000000000e+03 6.396724347723647952e-05 1.514377945568412542e-04 8.113527894020080566e-01 1.514377945568412542e-04 9.172328747808933258e-03 1.968785945791751146e-04
2.430000000000000000e+03 6.301936082309111953e-05 1.498553465353325009e-04 8.071483969688415527e-01 1.498553465353325009e-04 9.132017381489276886e-03 1.951518643181771040e-04
2.440000000000000000e+03 6.212720472831279039e-05 1.482960506109520793e-04 8.029704689979553223e-01 1.482960506109520793e-04 9.090700186789035797e-03 1.933899475261569023e-04
2.450000000000000000e+03 6.127457163529470563e-05 1.467467664042487741e-04 7.990850210189819336e-01 1.467467664042487741e-04 9.049349464476108551e-03 1.916345936479046941e-04
2.460000000000000000e+03 6.040039806975983083e-05 1.453200820833444595e-04 7.948917150497436523e-01 1.453200820833444595e-04 9.010678157210350037e-03 1.900002534966915846e-04
2.470000000000000000e+03 5.954145308351144195e-05 1.439154875697568059e-04 7.908656597137451172e-01 1.439154875697568059e-04 8.974535390734672546e-03 1.884791417978703976e-04
2.480000000000000000e+03 5.868546213605441153e-05 1.425537921022623777e-04 7.867099046707153320e-01 1.425537921022623777e-04 8.937961421906948090e-03 1.869459956651553512e-04
2.490000000000000000e+03 5.792066804133355618e-05 1.411785779055207968e-04 7.827316522598266602e-01 1.411785779055207968e-04 8.901800028979778290e-03 1.854364090831950307e-04
2.500000000000000000e+03 5.713054270017892122e-05 1.398984895786270499e-04 7.791585922241210938e-01 1.398984895786270499e-04 8.866328746080398560e-03 1.839615142671391368e-04
