# step, loss_train, loss_test, metrics_test
0.000000000000000000e+00 5.214843750000000000e+00 1.853414416313171387e+00 3.779918193817138672e+00 5.214843750000000000e+00 1.853414416313171387e+00 3.779918193817138672e+00 1.037001967430114746e+00 1.961335539817810059e+00
1.000000000000000000e+01 2.166015625000000000e+00 1.820029616355895996e+00 2.671901226043701172e+00 2.166015625000000000e+00 1.820029616355895996e+00 2.671901226043701172e+00 8.647496700286865234e-01 1.363871574401855469e+00
2.000000000000000000e+01 7.509765625000000000e-01 1.834869980812072754e+00 2.481076002120971680e+00 7.509765625000000000e-01 1.834869980812072754e+00 2.481076002120971680e+00 8.383946418762207031e-01 1.282005071640014648e+00
3.000000000000000000e+01 4.924316406250000000e-01 1.836894750595092773e+00 2.354921102523803711e+00 4.924316406250000000e-01 1.836894750595092773e+00 2.354921102523803711e+00 8.295420408248901367e-01 1.255074501037597656e+00
4.000000000000000000e+01 4.750976562500000000e-01 1.894533753395080566e+00 1.967714905738830566e+00 4.750976562500000000e-01 1.894533753395080566e+00 1.967714905738830566e+00 7.774345278739929199e-01 1.102352023124694824e+00
5.000000000000000000e+01 3.618164062500000000e-01 1.913329839706420898e+00 1.702384710311889648e+00 3.618164062500000000e-01 1.913329839706420898e+00 1.702384710311889648e+00 7.303395867347717285e-01 9.728420972824096680e-01
6.000000000000000000e+01 2.934570312500000000e-01 1.960606217384338379e+00 1.428776144981384277e+00 2.934570312500000000e-01 1.960606217384338379e+00 1.428776144981384277e+00 6.853293180465698242e-01 8.566260933876037598e-01
7.000000000000000000e+01 2.412109375000000000e-01 2.011756181716918945e+00 1.187057256698608398e+00 2.412109375000000000e-01 2.011756181716918945e+00 1.187057256698608398e+00 6.423493623733520508e-01 7.525500655174255371e-01
8.000000000000000000e+01 2.122802734375000000e-01 2.062342882156372070e+00 9.761512875556945801e-01 2.122802734375000000e-01 2.062342882156372070e+00 9.761512875556945801e-01 5.991056561470031738e-01 6.546354293823242188e-01
9.000000000000000000e+01 1.944580078125000000e-01 2.112759590148925781e+00 7.986958622932434082e-01 1.944580078125000000e-01 2.112759590148925781e+00 7.986958622932434082e-01 5.586810708045959473e-01 5.692731142044067383e-01
1.000000000000000000e+02 1.785888671875000000e-01 2.147469997406005859e+00 6.672240495681762695e-01 1.785888671875000000e-01 2.147469997406005859e+00 6.672240495681762695e-01 5.286433696746826172e-01 5.097042322158813477e-01
1.100000000000000000e+02 1.640625000000000000e-01 2.157561779022216797e+00 5.764277577400207520e-01 1.640625000000000000e-01 2.157561779022216797e+00 5.764277577400207520e-01 5.090755224227905273e-01 4.726690053939819336e-01
1.200000000000000000e+02 1.591796875000000000e-01 2.150131225585937500e+00 5.038942098617553711e-01 1.591796875000000000e-01 2.150131225585937500e+00 5.038942098617553711e-01 4.982140660285949707e-01 4.527147412300109863e-01
1.300000000000000000e+02 1.608886718750000000e-01 2.133390665054321289e+00 4.425548315048217773e-01 1.608886718750000000e-01 2.133390665054321289e+00 4.425548315048217773e-01 4.917157590389251709e-01 4.409821629524230957e-01
1.400000000000000000e+02 1.613769531250000000e-01 2.113705158233642578e+00 3.921898603439331055e-01 1.613769531250000000e-01 2.113705158233642578e+00 3.921898603439331055e-01 4.885028302669525146e-01 4.352380335330963135e-01
1.500000000000000000e+02 1.593017578125000000e-01 2.096189260482788086e+00 3.486236929893493652e-01 1.593017578125000000e-01 2.096189260482788086e+00 3.486236929893493652e-01 4.858275055885314941e-01 4.304839372634887695e-01
1.600000000000000000e+02 1.550292968750000000e-01 2.080158233642578125e+00 3.115789592266082764e-01 1.550292968750000000e-01 2.080158233642578125e+00 3.115789592266082764e-01 4.839686751365661621e-01 4.271961152553558350e-01
1.700000000000000000e+02 1.473388671875000000e-01 2.057586669921875000e+00 2.910462915897369385e-01 1.473388671875000000e-01 2.057586669921875000e+00 2.910462915897369385e-01 4.877080619335174561e-01 4.338230192661285400e-01
1.800000000000000000e+02 1.457519531250000000e-01 2.037828445434570312e+00 2.799927890300750732e-01 1.457519531250000000e-01 2.037828445434570312e+00 2.799927890300750732e-01 4.922335147857666016e-01 4.419112801551818848e-01
1.900000000000000000e+02 1.384277343750000000e-01 2.041396379470825195e+00 2.385453581809997559e-01 1.384277343750000000e-01 2.041396379470825195e+00 2.385453581809997559e-01 4.833948612213134766e-01 4.261835813522338867e-01
2.000000000000000000e+02 1.345214843750000000e-01 2.026160955429077148e+00 2.274431288242340088e-01 1.345214843750000000e-01 2.026160955429077148e+00 2.274431288242340088e-01 4.849946200847625732e-01 4.290092289447784424e-01
2.100000000000000000e+02 1.343994140625000000e-01 2.018425226211547852e+00 2.092678248882293701e-01 1.343994140625000000e-01 2.018425226211547852e+00 2.092678248882293701e-01 4.825347661972045898e-01 4.246684312820434570e-01
2.200000000000000000e+02 1.290283203125000000e-01 2.005900621414184570e+00 2.009419798851013184e-01 1.290283203125000000e-01 2.005900621414184570e+00 2.009419798851013184e-01 4.825534224510192871e-01 4.247012436389923096e-01
2.300000000000000000e+02 1.394042968750000000e-01 2.005455017089843750e+00 1.800542026758193970e-01 1.394042968750000000e-01 2.005455017089843750e+00 1.800542026758193970e-01 4.775005280971527100e-01 4.158535599708557129e-01
2.400000000000000000e+02 1.193237304687500000e-01 1.983404636383056641e+00 1.890815347433090210e-01 1.193237304687500000e-01 1.983404636383056641e+00 1.890815347433090210e-01 4.827271103858947754e-01 4.250070154666900635e-01
2.500000000000000000e+02 1.157836914062500000e-01 1.974420785903930664e+00 1.814396530389785767e-01 1.157836914062500000e-01 1.974420785903930664e+00 1.814396530389785767e-01 4.818633794784545898e-01 4.234874546527862549e-01
2.500000000000000000e+02 1.054077148437500000e-01 1.974420785903930664e+00 1.814396530389785767e-01 1.157836914062500000e-01 1.974420785903930664e+00 1.814396530389785767e-01 4.818633794784545898e-01 4.234874546527862549e-01
2.600000000000000000e+02 9.160156250000000000e-01 2.024666070938110352e+00 1.817404329776763916e-01 5.649414062500000000e-01 2.024666070938110352e+00 1.817404329776763916e-01 4.917246699333190918e-01 4.409980773925781250e-01
2.700000000000000000e+02 1.073608398437500000e-01 1.946953892707824707e+00 2.493651211261749268e-01 1.279296875000000000e-01 1.946953892707824707e+00 2.493651211261749268e-01 5.288529992103576660e-01 5.101086497306823730e-01
2.800000000000000000e+02 1.536865234375000000e-01 1.964920163154602051e+00 2.145959585905075073e-01 1.850585937500000000e-01 1.964920163154602051e+00 2.145959585905075073e-01 5.023852586746215820e-01 4.603269696235656738e-01
2.900000000000000000e+02 1.048583984375000000e-01 1.962215065956115723e+00 2.068591564893722534e-01 1.405029296875000000e-01 1.962215065956115723e+00 2.068591564893722534e-01 5.062398314476013184e-01 4.674179255962371826e-01
3.000000000000000000e+02 9.735107421875000000e-02 1.976289153099060059e+00 1.837961822748184204e-01 1.339111328125000000e-01 1.976289153099060059e+00 1.837961822748184204e-01 4.979602694511413574e-01 4.522536695003509521e-01
3.100000000000000000e+02 9.350585937500000000e-02 1.975252628326416016e+00 1.792390793561935425e-01 1.287841796875000000e-01 1.975252628326416016e+00 1.792390793561935425e-01 4.964612722396850586e-01 4.495349824428558350e-01
3.200000000000000000e+02 8.935546875000000000e-02 1.968257427215576172e+00 1.804898679256439209e-01 1.237182617187500000e-01 1.968257427215576172e+00 1.804898679256439209e-01 4.972945749759674072e-01 4.510452449321746826e-01
3.300000000000000000e+02 8.978271484375000000e-02 1.965865612030029297e+00 1.759585887193679810e-01 1.243286132812500000e-01 1.965865612030029297e+00 1.759585887193679810e-01 4.946173727512359619e-01 4.462019205093383789e-01
3.400000000000000000e+02 9.124755859375000000e-02 1.963325858116149902e+00 1.710725873708724976e-01 1.263427734375000000e-01 1.963325858116149902e+00 1.710725873708724976e-01 4.923729896545410156e-01 4.421617388725280762e-01
3.500000000000000000e+02 9.222412109375000000e-02 1.960962057113647461e+00 1.668783277273178101e-01 1.276855468750000000e-01 1.960962057113647461e+00 1.668783277273178101e-01 4.909179508686065674e-01 4.395522475242614746e-01
3.600000000000000000e+02 9.283447265625000000e-02 1.957817912101745605e+00 1.639416962862014771e-01 1.285400390625000000e-01 1.957817912101745605e+00 1.639416962862014771e-01 4.903163909912109375e-01 4.384756982326507568e-01
3.700000000000000000e+02 9.289550781250000000e-02 1.954574108123779297e+00 1.617715060710906982e-01 1.285400390625000000e-01 1.954574108123779297e+00 1.617715060710906982e-01 4.901772439479827881e-01 4.382269084453582764e-01
3.800000000000000000e+02 9.277343750000000000e-02 1.951126217842102051e+00 1.600400060415267944e-01 1.284179687500000000e-01 1.951126217842102051e+00 1.600400060415267944e-01 4.902186691761016846e-01 4.383010268211364746e-01
3.900000000000000000e+02 9.265136718750000000e-02 1.947910547256469727e+00 1.581435948610305786e-01 1.281738281250000000e-01 1.947910547256469727e+00 1.581435948610305786e-01 4.902431368827819824e-01 4.383447170257568359e-01
4.000000000000000000e+02 9.240722656250000000e-02 1.944655776023864746e+00 1.563263833522796631e-01 1.279296875000000000e-01 1.944655776023864746e+00 1.563263833522796631e-01 4.904579520225524902e-01 4.387289881706237793e-01
4.100000000000000000e+02 9.216308593750000000e-02 1.941436767578125000e+00 1.545433253049850464e-01 1.275634765625000000e-01 1.941436767578125000e+00 1.545433253049850464e-01 4.903421700000762939e-01 4.385217726230621338e-01
4.200000000000000000e+02 9.161376953125000000e-02 1.938336849212646484e+00 1.528670340776443481e-01 1.268310546875000000e-01 1.938336849212646484e+00 1.528670340776443481e-01 4.902966320514678955e-01 4.384403526782989502e-01
4.300000000000000000e+02 9.124755859375000000e-02 1.934795141220092773e+00 1.514907181262969971e-01 1.263427734375000000e-01 1.934795141220092773e+00 1.514907181262969971e-01 4.908118844032287598e-01 4.393624365329742432e-01
4.400000000000000000e+02 9.057617187500000000e-02 1.931582331657409668e+00 1.499814987182617188e-01 1.253662109375000000e-01 1.931582331657409668e+00 1.499814987182617188e-01 4.907859563827514648e-01 4.393159151077270508e-01
4.500000000000000000e+02 9.002685546875000000e-02 1.928331851959228516e+00 1.484321653842926025e-01 1.246337890625000000e-01 1.928331851959228516e+00 1.484321653842926025e-01 4.911843836307525635e-01 4.400295019149780273e-01
4.600000000000000000e+02 8.929443359375000000e-02 1.925265789031982422e+00 1.467338353395462036e-01 1.236572265625000000e-01 1.925265789031982422e+00 1.467338353395462036e-01 4.910724163055419922e-01 4.398290216922760010e-01
4.700000000000000000e+02 8.850097656250000000e-02 1.921872258186340332e+00 1.455753296613693237e-01 1.224975585937500000e-01 1.921872258186340332e+00 1.455753296613693237e-01 4.916408061981201172e-01 4.408476650714874268e-01
4.800000000000000000e+02 8.776855468750000000e-02 1.918840408325195312e+00 1.438711434602737427e-01 1.214599609375000000e-01 1.918840408325195312e+00 1.438711434602737427e-01 4.914524853229522705e-01 4.405100941658020020e-01
4.900000000000000000e+02 8.685302734375000000e-02 1.915339589118957520e+00 1.428379118442535400e-01 1.202392578125000000e-01 1.915339589118957520e+00 1.428379118442535400e-01 4.923276603221893311e-01 4.420803189277648926e-01
5.000000000000000000e+02 8.612060546875000000e-02 1.912401556968688965e+00 1.410543173551559448e-01 1.192626953125000000e-01 1.912401556968688965e+00 1.410543173551559448e-01 4.923720359802246094e-01 4.421600401401519775e-01
5.000000000000000000e+02 6.738281250000000000e-02 1.912401556968688965e+00 1.410543173551559448e-01 1.192626953125000000e-01 1.912401556968688965e+00 1.410543173551559448e-01 4.923720359802246094e-01 4.421600401401519775e-01
5.100000000000000000e+02 2.763671875000000000e-01 1.955876827239990234e+00 1.266376674175262451e-01 3.530273437500000000e-01 1.955876827239990234e+00 1.266376674175262451e-01 4.466850459575653076e-01 3.639113306999206543e-01
5.200000000000000000e+02 9.545898437500000000e-02 1.896316766738891602e+00 1.522283405065536499e-01 1.545410156250000000e-01 1.896316766738891602e+00 1.522283405065536499e-01 5.068274736404418945e-01 4.685036540031433105e-01
5.300000000000000000e+02 8.306884765625000000e-02 1.883199691772460938e+00 1.800346523523330688e-01 1.212768554687500000e-01 1.883199691772460938e+00 1.800346523523330688e-01 5.326786041259765625e-01 5.175152420997619629e-01
5.400000000000000000e+02 6.750488281250000000e-02 1.902158617973327637e+00 1.472744792699813843e-01 1.180419921875000000e-01 1.902158617973327637e+00 1.472744792699813843e-01 5.057084560394287109e-01 4.664372503757476807e-01
5.500000000000000000e+02 7.073974609375000000e-02 1.910046696662902832e+00 1.327161490917205811e-01 1.232299804687500000e-01 1.910046696662902832e+00 1.327161490917205811e-01 4.937664568424224854e-01 4.446679651737213135e-01
5.600000000000000000e+02 7.019042968750000000e-02 1.905917644500732422e+00 1.312946975231170654e-01 1.238403320312500000e-01 1.905917644500732422e+00 1.312946975231170654e-01 4.964308738708496094e-01 4.494798779487609863e-01
5.700000000000000000e+02 7.031250000000000000e-02 1.900063276290893555e+00 1.313409805297851562e-01 1.242675781250000000e-01 1.900063276290893555e+00 1.313409805297851562e-01 4.972384572029113770e-01 4.509434700012207031e-01
5.800000000000000000e+02 7.037353515625000000e-02 1.895833492279052734e+00 1.311632543802261353e-01 1.238403320312500000e-01 1.895833492279052734e+00 1.311632543802261353e-01 4.977891743183135986e-01 4.519429802894592285e-01
5.900000000000000000e+02 7.012939453125000000e-02 1.892667174339294434e+00 1.296645253896713257e-01 1.239624023437500000e-01 1.892667174339294434e+00 1.296645253896713257e-01 4.988420605659484863e-01 4.538568258285522461e-01
6.000000000000000000e+02 6.970214843750000000e-02 1.889610528945922852e+00 1.285652518272399902e-01 1.232910156250000000e-01 1.889610528945922852e+00 1.285652518272399902e-01 4.988762736320495605e-01 4.539191424846649170e-01
6.100000000000000000e+02 6.909179687500000000e-02 1.886501431465148926e+00 1.276506632566452026e-01 1.222534179687500000e-01 1.886501431465148926e+00 1.276506632566452026e-01 4.995724856853485107e-01 4.551869332790374756e-01
6.200000000000000000e+02 6.860351562500000000e-02 1.883458018302917480e+00 1.265374869108200073e-01 1.213989257812500000e-01 1.883458018302917480e+00 1.265374869108200073e-01 4.997693002223968506e-01 4.555456340312957764e-01
6.300000000000000000e+02 6.799316406250000000e-02 1.880930185317993164e+00 1.250546872615814209e-01 1.203002929687500000e-01 1.880930185317993164e+00 1.250546872615814209e-01 4.997232258319854736e-01 4.554616808891296387e-01
6.400000000000000000e+02 6.726074218750000000e-02 1.878269433975219727e+00 1.238131225109100342e-01 1.188964843750000000e-01 1.878269433975219727e+00 1.238131225109100342e-01 4.995926320552825928e-01 4.552236199378967285e-01
6.500000000000000000e+02 6.646728515625000000e-02 1.875610947608947754e+00 1.224781274795532227e-01 1.176147460937500000e-01 1.875610947608947754e+00 1.224781274795532227e-01 4.995769560337066650e-01 4.551950395107269287e-01
6.600000000000000000e+02 6.573486328125000000e-02 1.873173594474792480e+00 1.210586801171302795e-01 1.162719726562500000e-01 1.873173594474792480e+00 1.210586801171302795e-01 4.995951950550079346e-01 4.552283287048339844e-01
6.700000000000000000e+02 6.481933593750000000e-02 1.870627403259277344e+00 1.198669821023941040e-01 1.145019531250000000e-01 1.870627403259277344e+00 1.198669821023941040e-01 4.993880093097686768e-01 4.548509120941162109e-01
6.800000000000000000e+02 6.390380859375000000e-02 1.868265628814697266e+00 1.184577122330665588e-01 1.129760742187500000e-01 1.868265628814697266e+00 1.184577122330665588e-01 4.996676146984100342e-01 4.553602635860443115e-01
6.900000000000000000e+02 6.298828125000000000e-02 1.866041660308837891e+00 1.169392094016075134e-01 1.114501953125000000e-01 1.866041660308837891e+00 1.169392094016075134e-01 4.995067715644836426e-01 4.550670683383941650e-01
7.000000000000000000e+02 6.188964843750000000e-02 1.863518476486206055e+00 1.160109490156173706e-01 1.093750000000000000e-01 1.863518476486206055e+00 1.160109490156173706e-01 4.997815787792205811e-01 4.555680751800537109e-01
7.100000000000000000e+02 6.085205078125000000e-02 1.861427664756774902e+00 1.145398169755935669e-01 1.076660156250000000e-01 1.861427664756774902e+00 1.145398169755935669e-01 4.998091459274291992e-01 4.556182324886322021e-01
7.200000000000000000e+02 5.966186523437500000e-02 1.859162807464599609e+00 1.134158223867416382e-01 1.055297851562500000e-01 1.859162807464599609e+00 1.134158223867416382e-01 4.997729957103729248e-01 4.555523097515106201e-01
7.300000000000000000e+02 5.865478515625000000e-02 1.857083082199096680e+00 1.119970306754112244e-01 1.037597656250000000e-01 1.857083082199096680e+00 1.119970306754112244e-01 5.002258419990539551e-01 4.563782811164855957e-01
7.400000000000000000e+02 5.761718750000000000e-02 1.854864001274108887e+00 1.108585149049758911e-01 1.018066406250000000e-01 1.854864001274108887e+00 1.108585149049758911e-01 5.007624030113220215e-01 4.573578536510467529e-01
7.500000000000000000e+02 5.624389648437500000e-02 1.853017210960388184e+00 1.095277145504951477e-01 9.930419921875000000e-02 1.853017210960388184e+00 1.095277145504951477e-01 5.003401637077331543e-01 4.565868377685546875e-01
7.500000000000000000e+02 4.623413085937500000e-02 1.853017210960388184e+00 1.095277145504951477e-01 9.930419921875000000e-02 1.853017210960388184e+00 1.095277145504951477e-01 5.003401637077331543e-01 4.565868377685546875e-01
7.600000000000000000e+02 1.519531250000000000e+00 1.874897122383117676e+00 2.117503732442855835e-01 8.857421875000000000e-01 1.874897122383117676e+00 2.117503732442855835e-01 6.015850305557250977e-01 6.600651741027832031e-01
7.700000000000000000e+02 2.353515625000000000e-01 1.883153080940246582e+00 1.243445724248886108e-01 2.539062500000000000e-01 1.883153080940246582e+00 1.243445724248886108e-01 4.875298142433166504e-01 4.335059523582458496e-01
7.800000000000000000e+02 6.896972656250000000e-02 1.820666313171386719e+00 2.479483634233474731e-01 1.450195312500000000e-01 1.820666313171386719e+00 2.479483634233474731e-01 6.010839939117431641e-01 6.589660048484802246e-01
7.900000000000000000e+02 1.081542968750000000e-01 1.883302450180053711e+00 1.142674088478088379e-01 2.088623046875000000e-01 1.883302450180053711e+00 1.142674088478088379e-01 5.021936297416687012e-01 4.599759876728057861e-01
8.000000000000000000e+02 4.067993164062500000e-02 1.848111867904663086e+00 1.613250672817230225e-01 8.569335937500000000e-02 1.848111867904663086e+00 1.613250672817230225e-01 5.502356290817260742e-01 5.521920323371887207e-01
8.100000000000000000e+02 5.145263671875000000e-02 1.864639639854431152e+00 1.289623081684112549e-01 1.008911132812500000e-01 1.864639639854431152e+00 1.289623081684112549e-01 5.230801105499267578e-01 4.990327954292297363e-01
8.200000000000000000e+02 4.132080078125000000e-02 1.858482360839843750e+00 1.334011256694793701e-01 8.898925781250000000e-02 1.858482360839843750e+00 1.334011256694793701e-01 5.285392403602600098e-01 5.095036625862121582e-01
8.300000000000000000e+02 4.357910156250000000e-02 1.865364074707031250e+00 1.196396425366401672e-01 9.344482421875000000e-02 1.865364074707031250e+00 1.196396425366401672e-01 5.156756639480590820e-01 4.850047230720520020e-01
8.400000000000000000e+02 4.302978515625000000e-02 1.862183809280395508e+00 1.195974946022033691e-01 9.216308593750000000e-02 1.862183809280395508e+00 1.195974946022033691e-01 5.171319246292114258e-01 4.877479076385498047e-01
8.500000000000000000e+02 4.257202148437500000e-02 1.860686659812927246e+00 1.182914450764656067e-01 9.155273437500000000e-02 1.860686659812927246e+00 1.182914450764656067e-01 5.165439844131469727e-01 4.866395592689514160e-01
8.600000000000000000e+02 4.293823242187500000e-02 1.860619187355041504e+00 1.152473092079162598e-01 9.246826171875000000e-02 1.860619187355041504e+00 1.152473092079162598e-01 5.146304965019226074e-01 4.830408096313476562e-01
8.700000000000000000e+02 4.315185546875000000e-02 1.858812332153320312e+00 1.144513338804244995e-01 9.295654296875000000e-02 1.858812332153320312e+00 1.144513338804244995e-01 5.149949789047241211e-01 4.837252199649810791e-01
8.800000000000000000e+02 4.339599609375000000e-02 1.857640981674194336e+00 1.132439747452735901e-01 9.344482421875000000e-02 1.857640981674194336e+00 1.132439747452735901e-01 5.147794485092163086e-01 4.833204746246337891e-01
8.900000000000000000e+02 4.379272460937500000e-02 1.856685996055603027e+00 1.119078993797302246e-01 9.436035156250000000e-02 1.856685996055603027e+00 1.119078993797302246e-01 5.142673850059509277e-01 4.823593199253082275e-01
9.000000000000000000e+02 4.400634765625000000e-02 1.855595827102661133e+00 1.110185831785202026e-01 9.478759765625000000e-02 1.855595827102661133e+00 1.110185831785202026e-01 5.140324831008911133e-01 4.819188117980957031e-01
9.100000000000000000e+02 4.421997070312500000e-02 1.854590415954589844e+00 1.102043762803077698e-01 9.521484375000000000e-02 1.854590415954589844e+00 1.102043762803077698e-01 5.138424634933471680e-01 4.815625250339508057e-01
9.200000000000000000e+02 4.437255859375000000e-02 1.853821396827697754e+00 1.092521324753761292e-01 9.552001953125000000e-02 1.853821396827697754e+00 1.092521324753761292e-01 5.133826732635498047e-01 4.807010889053344727e-01
9.300000000000000000e+02 4.446411132812500000e-02 1.852946162223815918e+00 1.085529178380966187e-01 9.576416015625000000e-02 1.852946162223815918e+00 1.085529178380966187e-01 5.132011175155639648e-01 4.803611338138580322e-01
9.400000000000000000e+02 4.455566406250000000e-02 1.852162718772888184e+00 1.078139916062355042e-01 9.594726562500000000e-02 1.852162718772888184e+00 1.078139916062355042e-01 5.129240751266479492e-01 4.798426628112792969e-01
9.500000000000000000e+02 4.458618164062500000e-02 1.851303100585937500e+00 1.072598770260810852e-01 9.600830078125000000e-02 1.851303100585937500e+00 1.072598770260810852e-01 5.127744078636169434e-01 4.795627295970916748e-01
9.600000000000000000e+02 4.455566406250000000e-02 1.850452661514282227e+00 1.067477241158485413e-01 9.594726562500000000e-02 1.850452661514282227e+00 1.067477241158485413e-01 5.127265453338623047e-01 4.794732332229614258e-01
9.700000000000000000e+02 4.452514648437500000e-02 1.849743723869323730e+00 1.060975864529609680e-01 9.588623046875000000e-02 1.849743723869323730e+00 1.060975864529609680e-01 5.124400258064270020e-01 4.789374172687530518e-01
9.800000000000000000e+02 4.443359375000000000e-02 1.848821520805358887e+00 1.057750955224037170e-01 9.564208984375000000e-02 1.848821520805358887e+00 1.057750955224037170e-01 5.124113559722900391e-01 4.788839519023895264e-01
9.900000000000000000e+02 4.431152343750000000e-02 1.848020911216735840e+00 1.052891761064529419e-01 9.545898437500000000e-02 1.848020911216735840e+00 1.052891761064529419e-01 5.123390555381774902e-01 4.787487685680389404e-01
1.000000000000000000e+03 4.421997070312500000e-02 1.847194790840148926e+00 1.048832610249519348e-01 9.521484375000000000e-02 1.847194790840148926e+00 1.048832610249519348e-01 5.122253894805908203e-01 4.785362780094146729e-01
1.000000000000000000e+03 4.421997070312500000e-02 1.847194790840148926e+00 1.048832610249519348e-01 9.521484375000000000e-02 1.847194790840148926e+00 1.048832610249519348e-01 5.122253894805908203e-01 4.785362780094146729e-01
1.000000000000000000e+03 4.421997070312500000e-02 1.847194790840148926e+00 1.048832610249519348e-01 9.521484375000000000e-02 1.847194790840148926e+00 1.048832610249519348e-01 5.122253894805908203e-01 4.785362780094146729e-01
1.000000000000000000e+03 4.421997070312500000e-02 1.847194790840148926e+00 1.048832610249519348e-01 9.521484375000000000e-02 1.847194790840148926e+00 1.048832610249519348e-01 5.122253894805908203e-01 4.785362780094146729e-01
1.000000000000000000e+03 4.421997070312500000e-02 1.847194790840148926e+00 1.048832610249519348e-01 9.521484375000000000e-02 1.847194790840148926e+00 1.048832610249519348e-01 5.122253894805908203e-01 4.785362780094146729e-01
1.000000000000000000e+03 4.421997070312500000e-02 1.847194790840148926e+00 1.048832610249519348e-01 9.521484375000000000e-02 1.847194790840148926e+00 1.048832610249519348e-01 5.122253894805908203e-01 4.785362780094146729e-01
1.010000000000000000e+03 1.760253906250000000e-01 1.847366929054260254e+00 1.306934952735900879e-01 2.380371093750000000e-01 1.847366929054260254e+00 1.306934952735900879e-01 5.176416635513305664e-01 4.887100160121917725e-01
1.020000000000000000e+03 4.968261718750000000e-02 1.836984395980834961e+00 1.231094151735305786e-01 1.066284179687500000e-01 1.836984395980834961e+00 1.231094151735305786e-01 5.296666622161865234e-01 5.116795301437377930e-01
1.030000000000000000e+03 6.439208984375000000e-02 1.846393704414367676e+00 1.089649051427841187e-01 1.049804687500000000e-01 1.846393704414367676e+00 1.089649051427841187e-01 5.214604139328002930e-01 4.959471523761749268e-01
1.040000000000000000e+03 4.397583007812500000e-02 1.848149061203002930e+00 1.082728803157806396e-01 8.557128906250000000e-02 1.848149061203002930e+00 1.082728803157806396e-01 5.154478549957275391e-01 4.845762848854064941e-01
1.050000000000000000e+03 3.979492187500000000e-02 1.847302317619323730e+00 1.088863164186477661e-01 8.325195312500000000e-02 1.847302317619323730e+00 1.088863164186477661e-01 5.128592848777770996e-01 4.797213971614837646e-01
1.050000000000000000e+03 3.390502929687500000e-02 1.847302317619323730e+00 1.088863164186477661e-01 8.325195312500000000e-02 1.847302317619323730e+00 1.088863164186477661e-01 5.128592848777770996e-01 4.797213971614837646e-01
1.060000000000000000e+03 1.873779296875000000e-01 2.038691759109497070e+00 2.180263102054595947e-01 2.250976562500000000e-01 2.038691759109497070e+00 2.180263102054595947e-01 6.240503191947937012e-01 7.102837562561035156e-01
1.070000000000000000e+03 1.312255859375000000e-01 1.896670341491699219e+00 1.739896237850189209e-01 1.741943359375000000e-01 1.896670341491699219e+00 1.739896237850189209e-01 5.409175157546997070e-01 5.336479544639587402e-01
1.080000000000000000e+03 6.494140625000000000e-02 1.860818862915039062e+00 1.111950352787971497e-01 1.140136718750000000e-01 1.860818862915039062e+00 1.111950352787971497e-01 5.174571871757507324e-01 4.883616268634796143e-01
1.090000000000000000e+03 3.826904296875000000e-02 1.859957098960876465e+00 1.335377693176269531e-01 8.929443359375000000e-02 1.859957098960876465e+00 1.335377693176269531e-01 5.559319257736206055e-01 5.636843442916870117e-01
1.100000000000000000e+03 3.994750976562500000e-02 1.852840781211853027e+00 1.093612536787986755e-01 9.692382812500000000e-02 1.852840781211853027e+00 1.093612536787986755e-01 5.235987305641174316e-01 5.000228881835937500e-01
1.100000000000000000e+03 3.610229492187500000e-02 1.852840781211853027e+00 1.093612536787986755e-01 9.692382812500000000e-02 1.852840781211853027e+00 1.093612536787986755e-01 5.235987305641174316e-01 5.000228881835937500e-01
1.110000000000000000e+03 4.877929687500000000e-01 1.873566865921020508e+00 1.364055126905441284e-01 5.200195312500000000e-01 1.873566865921020508e+00 1.364055126905441284e-01 5.151481628417968750e-01 4.840129613876342773e-01
1.120000000000000000e+03 1.110839843750000000e-01 1.825660109519958496e+00 2.543274462223052979e-01 1.655273437500000000e-01 1.825660109519958496e+00 2.543274462223052979e-01 5.940755605697631836e-01 6.436890959739685059e-01
1.130000000000000000e+03 4.217529296875000000e-02 1.869180560111999512e+00 1.233574897050857544e-01 1.065063476562500000e-01 1.869180560111999512e+00 1.233574897050857544e-01 5.226373076438903809e-01 4.981883168220520020e-01
1.140000000000000000e+03 4.406738281250000000e-02 1.859337925910949707e+00 1.224032118916511536e-01 1.043701171875000000e-01 1.859337925910949707e+00 1.224032118916511536e-01 5.314465165138244629e-01 5.151241421699523926e-01
1.150000000000000000e+03 3.720092773437500000e-02 1.855330824851989746e+00 1.211547702550888062e-01 9.283447265625000000e-02 1.855330824851989746e+00 1.211547702550888062e-01 5.344896912574768066e-01 5.210404396057128906e-01
1.150000000000000000e+03 3.448486328125000000e-02 1.855330824851989746e+00 1.211547702550888062e-01 9.283447265625000000e-02 1.855330824851989746e+00 1.211547702550888062e-01 5.344896912574768066e-01 5.210404396057128906e-01
1.160000000000000000e+03 4.328613281250000000e-01 1.854325175285339355e+00 1.801151335239410400e-01 4.675292968750000000e-01 1.854325175285339355e+00 1.801151335239410400e-01 5.586677789688110352e-01 5.692460536956787109e-01
1.170000000000000000e+03 6.494140625000000000e-02 1.841343998908996582e+00 2.368645220994949341e-01 1.281738281250000000e-01 1.841343998908996582e+00 2.368645220994949341e-01 5.872439742088317871e-01 6.289698481559753418e-01
1.180000000000000000e+03 4.647827148437500000e-02 1.879738211631774902e+00 1.218534186482429504e-01 1.417236328125000000e-01 1.879738211631774902e+00 1.218534186482429504e-01 5.154433846473693848e-01 4.845678806304931641e-01
1.190000000000000000e+03 4.235839843750000000e-02 1.854893922805786133e+00 1.366158574819564819e-01 9.747314453125000000e-02 1.854893922805786133e+00 1.366158574819564819e-01 5.440831780433654785e-01 5.399124622344970703e-01
1.200000000000000000e+03 3.512573242187500000e-02 1.858294844627380371e+00 1.220719292759895325e-01 9.814453125000000000e-02 1.858294844627380371e+00 1.220719292759895325e-01 5.341998934745788574e-01 5.204754471778869629e-01
1.200000000000000000e+03 3.512573242187500000e-02 1.858294844627380371e+00 1.220719292759895325e-01 9.814453125000000000e-02 1.858294844627380371e+00 1.220719292759895325e-01 5.341998934745788574e-01 5.204754471778869629e-01
1.210000000000000000e+03 3.020019531250000000e-01 1.884500861167907715e+00 1.867941468954086304e-01 3.393554687500000000e-01 1.884500861167907715e+00 1.867941468954086304e-01 5.786404609680175781e-01 6.106752753257751465e-01
1.220000000000000000e+03 3.204345703125000000e-02 1.847114562988281250e+00 2.360156774520874023e-01 8.801269531250000000e-02 1.847114562988281250e+00 2.360156774520874023e-01 5.930898189544677734e-01 6.415547132492065430e-01
1.230000000000000000e+03 4.196166992187500000e-02 1.884839773178100586e+00 1.208761483430862427e-01 1.361083984375000000e-01 1.884839773178100586e+00 1.208761483430862427e-01 5.144494771957397461e-01 4.827009439468383789e-01
1.240000000000000000e+03 3.695678710937500000e-02 1.862094521522521973e+00 1.306382417678833008e-01 1.022338867187500000e-01 1.862094521522521973e+00 1.306382417678833008e-01 5.365992784500122070e-01 5.251615047454833984e-01
1.250000000000000000e+03 3.326416015625000000e-02 1.856659173965454102e+00 1.257833093404769897e-01 9.771728515625000000e-02 1.856659173965454102e+00 1.257833093404769897e-01 5.384197235107421875e-01 5.287308692932128906e-01
1.250000000000000000e+03 6.195068359375000000e-02 1.856659173965454102e+00 1.257833093404769897e-01 9.771728515625000000e-02 1.856659173965454102e+00 1.257833093404769897e-01 5.384197235107421875e-01 5.287308692932128906e-01
1.260000000000000000e+03 1.484375000000000000e-01 1.886716127395629883e+00 1.959022134542465210e-01 1.649169921875000000e-01 1.886716127395629883e+00 1.959022134542465210e-01 5.982941389083862305e-01 6.528632044792175293e-01
1.270000000000000000e+03 4.888916015625000000e-02 1.875718951225280762e+00 1.788848936557769775e-01 8.587646484375000000e-02 1.875718951225280762e+00 1.788848936557769775e-01 5.763436555862426758e-01 6.058369278907775879e-01
1.280000000000000000e+03 3.723144531250000000e-02 1.874251365661621094e+00 1.190434247255325317e-01 1.154174804687500000e-01 1.874251365661621094e+00 1.190434247255325317e-01 5.241169929504394531e-01 5.010132193565368652e-01
1.290000000000000000e+03 3.125000000000000000e-02 1.856779098510742188e+00 1.266978681087493896e-01 1.005859375000000000e-01 1.856779098510742188e+00 1.266978681087493896e-01 5.378044843673706055e-01 5.275232195854187012e-01
1.300000000000000000e+03 2.937316894531250000e-02 1.858312606811523438e+00 1.161109879612922668e-01 1.067504882812500000e-01 1.858312606811523438e+00 1.161109879612922668e-01 5.280159115791320801e-01 5.084950923919677734e-01
1.300000000000000000e+03 2.691650390625000000e-02 1.858312606811523438e+00 1.161109879612922668e-01 1.067504882812500000e-01 1.858312606811523438e+00 1.161109879612922668e-01 5.280159115791320801e-01 5.084950923919677734e-01
1.310000000000000000e+03 3.967285156250000000e-02 1.990003347396850586e+00 2.223403900861740112e-01 1.243896484375000000e-01 1.990003347396850586e+00 2.223403900861740112e-01 6.314321756362915039e-01 7.271869778633117676e-01
1.320000000000000000e+03 6.274414062500000000e-02 1.852139115333557129e+00 1.512889266014099121e-01 1.274414062500000000e-01 1.852139115333557129e+00 1.512889266014099121e-01 5.492141842842102051e-01 5.501437783241271973e-01
1.330000000000000000e+03 4.293823242187500000e-02 1.874045968055725098e+00 1.183418929576873779e-01 1.398925781250000000e-01 1.874045968055725098e+00 1.183418929576873779e-01 5.178160667419433594e-01 4.890392124652862549e-01
1.340000000000000000e+03 3.167724609375000000e-02 1.857269287109375000e+00 1.159939616918563843e-01 1.105346679687500000e-01 1.857269287109375000e+00 1.159939616918563843e-01 5.309997797012329102e-01 5.142584443092346191e-01
1.350000000000000000e+03 2.975463867187500000e-02 1.858832478523254395e+00 1.084975376725196838e-01 1.140136718750000000e-01 1.858832478523254395e+00 1.084975376725196838e-01 5.287698507308959961e-01 5.099482536315917969e-01
1.350000000000000000e+03 2.737426757812500000e-02 1.858832478523254395e+00 1.084975376725196838e-01 1.140136718750000000e-01 1.858832478523254395e+00 1.084975376725196838e-01 5.287698507308959961e-01 5.099482536315917969e-01
1.360000000000000000e+03 2.793884277343750000e-02 1.856077671051025391e+00 2.087871283292770386e-01 9.130859375000000000e-02 1.856077671051025391e+00 2.087871283292770386e-01 5.714538097381591797e-01 5.956004261970520020e-01
1.370000000000000000e+03 4.772949218750000000e-02 1.856673955917358398e+00 1.269665211439132690e-01 1.033325195312500000e-01 1.856673955917358398e+00 1.269665211439132690e-01 5.282919406890869141e-01 5.090268254280090332e-01
1.380000000000000000e+03 4.071044921875000000e-02 1.872385263442993164e+00 1.041727811098098755e-01 1.590576171875000000e-01 1.872385263442993164e+00 1.041727811098098755e-01 5.070125460624694824e-01 4.688459336757659912e-01
1.390000000000000000e+03 2.796936035156250000e-02 1.852287650108337402e+00 1.110137104988098145e-01 1.141357421875000000e-01 1.852287650108337402e+00 1.110137104988098145e-01 5.247104763984680176e-01 5.021484494209289551e-01
1.400000000000000000e+03 2.723693847656250000e-02 1.845902562141418457e+00 1.097787469625473022e-01 1.168823242187500000e-01 1.845902562141418457e+00 1.097787469625473022e-01 5.310992002487182617e-01 5.144510269165039062e-01
1.400000000000000000e+03 2.723693847656250000e-02 1.845902562141418457e+00 1.097787469625473022e-01 1.168823242187500000e-01 1.845902562141418457e+00 1.097787469625473022e-01 5.310992002487182617e-01 5.144510269165039062e-01
1.410000000000000000e+03 4.254150390625000000e-02 1.959632515907287598e+00 2.178570032119750977e-01 1.051635742187500000e-01 1.959632515907287598e+00 2.178570032119750977e-01 6.329991817474365234e-01 7.308008074760437012e-01
1.420000000000000000e+03 5.136108398437500000e-02 1.881749987602233887e+00 1.194594949483871460e-01 1.254882812500000000e-01 1.881749987602233887e+00 1.194594949483871460e-01 5.426383018493652344e-01 5.370486378669738770e-01
1.430000000000000000e+03 2.723693847656250000e-02 1.847602009773254395e+00 1.228930801153182983e-01 9.313964843750000000e-02 1.847602009773254395e+00 1.228930801153182983e-01 5.328247547149658203e-01 5.177992582321166992e-01
1.440000000000000000e+03 2.861022949218750000e-02 1.854216456413269043e+00 1.097971424460411072e-01 1.234741210937500000e-01 1.854216456413269043e+00 1.097971424460411072e-01 5.194098353385925293e-01 4.920542538166046143e-01
1.450000000000000000e+03 2.841186523437500000e-02 1.846482038497924805e+00 1.062124073505401611e-01 1.201171875000000000e-01 1.846482038497924805e+00 1.062124073505401611e-01 5.246111154556274414e-01 5.019583702087402344e-01
1.450000000000000000e+03 2.626037597656250000e-02 1.846424341201782227e+00 1.061224192380905151e-01 1.201171875000000000e-01 1.846482038497924805e+00 1.062124073505401611e-01 5.246111154556274414e-01 5.019583702087402344e-01
1.460000000000000000e+03 3.729248046875000000e-02 1.970769882202148438e+00 1.845972239971160889e-01 1.252441406250000000e-01 1.970823884010314941e+00 1.847666352987289429e-01 6.113245487213134766e-01 6.816107034683227539e-01
1.470000000000000000e+03 2.592468261718750000e-02 1.866258025169372559e+00 1.107754558324813843e-01 1.234130859375000000e-01 1.866344809532165527e+00 1.108418107032775879e-01 5.117011666297912598e-01 4.775573015213012695e-01
1.480000000000000000e+03 2.473449707031250000e-02 1.860087394714355469e+00 1.245787218213081360e-01 1.100463867187500000e-01 1.860101580619812012e+00 1.246996223926544189e-01 5.228784084320068359e-01 4.986480474472045898e-01
1.490000000000000000e+03 2.546691894531250000e-02 1.844172120094299316e+00 1.071838140487670898e-01 1.187133789062500000e-01 1.844202995300292969e+00 1.072874367237091064e-01 5.335034728050231934e-01 5.191193222999572754e-01
1.500000000000000000e+03 2.766418457031250000e-02 1.844794392585754395e+00 1.010360792279243469e-01 1.278076171875000000e-01 1.844864964485168457e+00 1.010877117514610291e-01 5.301079154014587402e-01 5.125323534011840820e-01
1.500000000000000000e+03 2.563476562500000000e-02 1.844794392585754395e+00 1.010360792279243469e-01 1.278076171875000000e-01 1.844864964485168457e+00 1.010877117514610291e-01 5.301079154014587402e-01 5.125323534011840820e-01
1.510000000000000000e+03 4.403686523437500000e-02 1.904282808303833008e+00 1.615974307060241699e-01 1.333007812500000000e-01 1.904344558715820312e+00 1.617210507392883301e-01 5.337148904800415039e-01 5.195309519767761230e-01
1.520000000000000000e+03 4.104614257812500000e-02 1.856649398803710938e+00 1.613177061080932617e-01 1.133422851562500000e-01 1.856582999229431152e+00 1.616321206092834473e-01 5.721849799156188965e-01 5.971253514289855957e-01
1.530000000000000000e+03 3.372192382812500000e-02 1.862035989761352539e+00 9.909079968929290771e-02 1.479492187500000000e-01 1.862010121345520020e+00 9.905215352773666382e-02 5.111104249954223633e-01 4.764553606510162354e-01
1.540000000000000000e+03 2.624511718750000000e-02 1.848203897476196289e+00 9.829232841730117798e-02 1.290283203125000000e-01 1.848269820213317871e+00 9.830247610807418823e-02 5.189770460128784180e-01 4.912346601486206055e-01
1.550000000000000000e+03 2.503967285156250000e-02 1.838399767875671387e+00 1.052733883261680603e-01 1.230468750000000000e-01 1.838442325592041016e+00 1.053944975137710571e-01 5.339468121528625488e-01 5.199825763702392578e-01
1.550000000000000000e+03 2.348327636718750000e-02 1.838399767875671387e+00 1.052733883261680603e-01 1.230468750000000000e-01 1.838442325592041016e+00 1.053944975137710571e-01 5.339468121528625488e-01 5.199825763702392578e-01
1.560000000000000000e+03 2.413940429687500000e-02 1.865226745605468750e+00 9.401097893714904785e-02 1.111450195312500000e-01 1.865249991416931152e+00 9.409542381763458252e-02 5.184839963912963867e-01 4.903017580509185791e-01
1.570000000000000000e+03 5.557250976562500000e-02 1.856060028076171875e+00 1.189333871006965637e-01 1.322021484375000000e-01 1.856100440025329590e+00 1.190803870558738708e-01 5.502278804779052734e-01 5.521764755249023438e-01
1.580000000000000000e+03 2.775573730468750000e-02 1.852030754089355469e+00 9.822142869234085083e-02 1.357421875000000000e-01 1.852045297622680664e+00 9.822788089513778687e-02 5.188143849372863770e-01 4.909267723560333252e-01
1.590000000000000000e+03 2.412414550781250000e-02 1.839551806449890137e+00 1.022944301366806030e-01 1.171264648437500000e-01 1.839559555053710938e+00 1.024467572569847107e-01 5.332981348037719727e-01 5.187198519706726074e-01
1.600000000000000000e+03 2.473449707031250000e-02 1.835652709007263184e+00 9.888936579227447510e-02 1.292724609375000000e-01 1.835710883140563965e+00 9.894830733537673950e-02 5.347618460655212402e-01 5.215710997581481934e-01
1.600000000000000000e+03 2.473449707031250000e-02 1.835652709007263184e+00 9.888936579227447510e-02 1.292724609375000000e-01 1.835710883140563965e+00 9.894830733537673950e-02 5.347618460655212402e-01 5.215710997581481934e-01
1.610000000000000000e+03 3.745117187500000000e-01 1.842807888984680176e+00 1.723360568284988403e-01 3.867187500000000000e-01 1.842860698699951172e+00 1.726252138614654541e-01 5.688811540603637695e-01 5.902498364448547363e-01
1.620000000000000000e+03 3.750610351562500000e-02 1.858470916748046875e+00 1.585729569196701050e-01 8.538818359375000000e-02 1.858522891998291016e+00 1.589487642049789429e-01 5.481219887733459473e-01 5.479578971862792969e-01
1.630000000000000000e+03 3.216552734375000000e-02 1.871746182441711426e+00 1.262827515602111816e-01 1.303710937500000000e-01 1.871885657310485840e+00 1.264420151710510254e-01 5.266309976577758789e-01 5.058311820030212402e-01
1.640000000000000000e+03 2.008056640625000000e-02 1.843826532363891602e+00 1.160495579242706299e-01 9.619140625000000000e-02 1.843838930130004883e+00 1.161978617310523987e-01 5.432201623916625977e-01 5.382009744644165039e-01
1.650000000000000000e+03 2.093505859375000000e-02 1.846954107284545898e+00 1.048152521252632141e-01 1.124877929687500000e-01 1.846969604492187500e+00 1.048734262585639954e-01 5.393113493919372559e-01 5.304834246635437012e-01
1.650000000000000000e+03 1.960754394531250000e-02 1.846954107284545898e+00 1.048152521252632141e-01 1.124877929687500000e-01 1.846969604492187500e+00 1.048734262585639954e-01 5.393113493919372559e-01 5.304834246635437012e-01
1.660000000000000000e+03 4.150390625000000000e-02 1.885697722434997559e+00 1.931007355451583862e-01 1.201171875000000000e-01 1.885740160942077637e+00 1.933678239583969116e-01 5.663190484046936035e-01 5.849449634552001953e-01
1.670000000000000000e+03 2.140808105468750000e-02 1.842967987060546875e+00 1.019296497106552124e-01 1.171875000000000000e-01 1.843000411987304688e+00 1.020465791225433350e-01 5.319672226905822754e-01 5.161339640617370605e-01
1.680000000000000000e+03 2.667236328125000000e-02 1.853159904479980469e+00 9.346779435873031616e-02 1.439208984375000000e-01 1.853206992149353027e+00 9.346599876880645752e-02 5.273289680480957031e-01 5.071728825569152832e-01
1.690000000000000000e+03 2.754211425781250000e-02 1.843275547027587891e+00 8.882980793714523315e-02 1.461181640625000000e-01 1.843222618103027344e+00 8.888425678014755249e-02 5.284561514854431152e-01 5.093433260917663574e-01
1.700000000000000000e+03 2.412414550781250000e-02 1.836720824241638184e+00 8.782327920198440552e-02 1.418457031250000000e-01 1.836712718009948730e+00 8.788940310478210449e-02 5.296075344085693359e-01 5.115652680397033691e-01
1.700000000000000000e+03 2.272033691406250000e-02 1.836720585823059082e+00 8.782327920198440552e-02 1.418457031250000000e-01 1.836712718009948730e+00 8.788940310478210449e-02 5.296075344085693359e-01 5.115652680397033691e-01
1.710000000000000000e+03 1.948547363281250000e-02 1.909659028053283691e+00 1.957939118146896362e-01 1.047973632812500000e-01 1.909737229347229004e+00 1.960072368383407593e-01 5.608403682708740234e-01 5.736819505691528320e-01
1.720000000000000000e+03 2.539062500000000000e-02 1.834980130195617676e+00 9.351014345884323120e-02 1.281738281250000000e-01 1.835010886192321777e+00 9.359090030193328857e-02 5.323625206947326660e-01 5.169012546539306641e-01
1.730000000000000000e+03 2.369689941406250000e-02 1.849633455276489258e+00 8.859689533710479736e-02 1.418457031250000000e-01 1.849666833877563477e+00 8.858407288789749146e-02 5.279846191406250000e-01 5.084347128868103027e-01
1.740000000000000000e+03 2.539062500000000000e-02 1.836750745773315430e+00 8.478350192308425903e-02 1.403808593750000000e-01 1.836740732192993164e+00 8.482745289802551270e-02 5.278181433677673340e-01 5.081143379211425781e-01
1.750000000000000000e+03 2.285766601562500000e-02 1.829871535301208496e+00 8.503974974155426025e-02 1.384277343750000000e-01 1.829873800277709961e+00 8.513923734426498413e-02 5.278154015541076660e-01 5.081089138984680176e-01
1.750000000000000000e+03 2.172851562500000000e-02 1.829871535301208496e+00 8.503974974155426025e-02 1.384277343750000000e-01 1.829873800277709961e+00 8.513923734426498413e-02 5.278154015541076660e-01 5.081089138984680176e-01
1.760000000000000000e+03 4.650878906250000000e-01 1.845424175262451172e+00 1.579231023788452148e-01 5.473632812500000000e-01 1.845368146896362305e+00 1.581000983715057373e-01 5.982802510261535645e-01 6.528329253196716309e-01
1.770000000000000000e+03 3.323364257812500000e-02 1.881412625312805176e+00 1.511116772890090942e-01 1.558837890625000000e-01 1.881428837776184082e+00 1.509535759687423706e-01 5.535928010940551758e-01 5.589508414268493652e-01
1.780000000000000000e+03 2.102661132812500000e-02 1.852633833885192871e+00 1.409938931465148926e-01 7.910156250000000000e-02 1.852748036384582520e+00 1.411345601081848145e-01 5.426495075225830078e-01 5.370708107948303223e-01
1.790000000000000000e+03 1.861572265625000000e-02 1.846857309341430664e+00 1.091092377901077271e-01 9.594726562500000000e-02 1.846924543380737305e+00 1.091943681240081787e-01 5.298799872398376465e-01 5.120916962623596191e-01
1.800000000000000000e+03 1.860046386718750000e-02 1.842793583869934082e+00 9.663964807987213135e-02 1.113891601562500000e-01 1.842836856842041016e+00 9.669893234968185425e-02 5.332454442977905273e-01 5.186174511909484863e-01
