# step, loss_train, loss_test, metrics_test
0.000000000000000000e+00 1.251826524734497070e+00 2.608549833297729492e+00 1.251826524734497070e+00 2.608549833297729492e+00 1.013327121734619141e+00 2.605555534362792969e+00
1.000000000000000000e+01 8.188620805740356445e-01 6.581481695175170898e-01 8.188620805740356445e-01 6.581481695175170898e-01 5.093764066696166992e-01 6.583830714225769043e-01
2.000000000000000000e+01 2.702892720699310303e-01 2.972530424594879150e-01 2.702892720699310303e-01 2.972530424594879150e-01 3.415380716323852539e-01 2.959915101528167725e-01
3.000000000000000000e+01 7.923631370067596436e-02 3.694525733590126038e-02 7.923631370067596436e-02 3.694525733590126038e-02 1.212261468172073364e-01 3.729010373353958130e-02
4.000000000000000000e+01 1.743209548294544220e-02 1.553981844335794449e-02 1.743209548294544220e-02 1.553981844335794449e-02 7.850902527570724487e-02 1.564012095332145691e-02
5.000000000000000000e+01 8.935442194342613220e-03 1.024622656404972076e-02 8.935442194342613220e-03 1.024622656404972076e-02 6.328535825014114380e-02 1.016266085207462311e-02
6.000000000000000000e+01 7.128037977963685989e-03 5.779359024018049240e-03 7.128037977963685989e-03 5.779359024018049240e-03 4.730694741010665894e-02 5.678725428879261017e-03
7.000000000000000000e+01 4.622949752956628799e-03 6.024678703397512436e-03 4.622949752956628799e-03 6.024678703397512436e-03 4.849691689014434814e-02 5.968004930764436722e-03
8.000000000000000000e+01 3.542289603501558304e-03 5.843568127602338791e-03 3.542289603501558304e-03 5.843568127602338791e-03 4.777621850371360779e-02 5.791945848613977432e-03
9.000000000000000000e+01 3.400436602532863617e-03 5.140248686075210571e-03 3.400436602532863617e-03 5.140248686075210571e-03 4.481711611151695251e-02 5.096695851534605026e-03
1.000000000000000000e+02 3.078146604821085930e-03 4.913800396025180817e-03 3.078146604821085930e-03 4.913800396025180817e-03 4.384306818246841431e-02 4.877562634646892548e-03
1.100000000000000000e+02 2.832023194059729576e-03 4.720375407487154007e-03 2.832023194059729576e-03 4.720375407487154007e-03 4.295216128230094910e-02 4.681349266320466995e-03
1.200000000000000000e+02 2.745857462286949158e-03 4.418573342263698578e-03 2.745857462286949158e-03 4.418573342263698578e-03 4.153071343898773193e-02 4.376629367470741272e-03
1.300000000000000000e+02 2.601849148049950600e-03 4.211317747831344604e-03 2.601849148049950600e-03 4.211317747831344604e-03 4.052620381116867065e-02 4.167473409324884415e-03
1.400000000000000000e+02 2.475120360031723976e-03 4.015528596937656403e-03 2.475120360031723976e-03 4.015528596937656403e-03 3.955443948507308960e-02 3.970008343458175659e-03
1.500000000000000000e+02 2.391175832599401474e-03 3.800026839599013329e-03 2.391175832599401474e-03 3.800026839599013329e-03 3.845746815204620361e-02 3.752859542146325111e-03
1.600000000000000000e+02 2.303566085174679756e-03 3.607830265536904335e-03 2.303566085174679756e-03 3.607830265536904335e-03 3.745329380035400391e-02 3.559434553608298302e-03
1.700000000000000000e+02 2.218584530055522919e-03 3.430129261687397957e-03 2.218584530055522919e-03 3.430129261687397957e-03 3.650199621915817261e-02 3.380914451554417610e-03
1.800000000000000000e+02 2.143410732969641685e-03 3.257721196860074997e-03 2.143410732969641685e-03 3.257721196860074997e-03 3.555626794695854187e-02 3.207991831004619598e-03
1.900000000000000000e+02 2.071104245260357857e-03 3.095891792327165604e-03 2.071104245260357857e-03 3.095891792327165604e-03 3.464726358652114868e-02 3.046062774956226349e-03
2.000000000000000000e+02 2.001825021579861641e-03 2.943090163171291351e-03 2.001825021579861641e-03 2.943090163171291351e-03 3.376784920692443848e-02 2.893395023420453072e-03
2.100000000000000000e+02 1.937783090397715569e-03 2.795946318656206131e-03 1.937783090397715569e-03 2.795946318656206131e-03 3.290025144815444946e-02 2.746625337749719620e-03
2.200000000000000000e+02 1.876905560493469238e-03 2.655549673363566399e-03 1.876905560493469238e-03 2.655549673363566399e-03 3.205193206667900085e-02 2.606810303404927254e-03
2.300000000000000000e+02 1.818717340938746929e-03 2.521555172279477119e-03 1.818717340938746929e-03 2.521555172279477119e-03 3.122195601463317871e-02 2.473552711308002472e-03
2.400000000000000000e+02 1.763312728144228458e-03 2.393167233094573021e-03 1.763312728144228458e-03 2.393167233094573021e-03 3.040657192468643188e-02 2.346042543649673462e-03
2.500000000000000000e+02 1.710076583549380302e-03 2.270421246066689491e-03 1.710076583549380302e-03 2.270421246066689491e-03 2.960696071386337280e-02 2.224275376647710800e-03
2.600000000000000000e+02 1.658841269090771675e-03 2.152989385649561882e-03 1.658841269090771675e-03 2.152989385649561882e-03 2.882204204797744751e-02 2.107902197167277336e-03
2.700000000000000000e+02 1.609406666830182076e-03 2.040658146142959595e-03 1.609406666830182076e-03 2.040658146142959595e-03 2.805145829916000366e-02 1.996695529669523239e-03
2.800000000000000000e+02 1.561553333885967731e-03 1.933296560309827328e-03 1.561553333885967731e-03 1.933296560309827328e-03 2.729536034166812897e-02 1.890508341602981091e-03
2.900000000000000000e+02 1.515132957138121128e-03 1.830755034461617470e-03 1.515132957138121128e-03 1.830755034461617470e-03 2.655375562608242035e-02 1.789174857549369335e-03
3.000000000000000000e+02 1.470000483095645905e-03 1.732923788949847221e-03 1.470000483095645905e-03 1.732923788949847221e-03 2.582694962620735168e-02 1.692571910098195076e-03
3.100000000000000000e+02 1.426061033271253109e-03 1.639676629565656185e-03 1.426061033271253109e-03 1.639676629565656185e-03 2.511516585946083069e-02 1.600563875399529934e-03
3.200000000000000000e+02 1.383230206556618214e-03 1.550902612507343292e-03 1.383230206556618214e-03 1.550902612507343292e-03 2.441874891519546509e-02 1.513030496425926685e-03
3.300000000000000000e+02 1.341433031484484673e-03 1.466503250412642956e-03 1.341433031484484673e-03 1.466503250412642956e-03 2.373817376792430878e-02 1.429866650141775608e-03
3.400000000000000000e+02 1.300629926845431328e-03 1.386355725117027760e-03 1.300629926845431328e-03 1.386355725117027760e-03 2.307374402880668640e-02 1.350943115539848804e-03
3.500000000000000000e+02 1.260780147276818752e-03 1.310350140556693077e-03 1.260780147276818752e-03 1.310350140556693077e-03 2.242589369416236877e-02 1.276146271266043186e-03
3.600000000000000000e+02 1.221858779899775982e-03 1.238364726305007935e-03 1.221858779899775982e-03 1.238364726305007935e-03 2.179498039186000824e-02 1.205352135002613068e-03
3.700000000000000000e+02 1.183851039968430996e-03 1.170272240415215492e-03 1.183851039968430996e-03 1.170272240415215492e-03 2.118131145834922791e-02 1.138430787250399590e-03
3.800000000000000000e+02 1.146746100857853889e-03 1.105940900743007660e-03 1.146746100857853889e-03 1.105940900743007660e-03 2.058515697717666626e-02 1.075249747373163700e-03
3.900000000000000000e+02 1.110540702939033508e-03 1.045230892486870289e-03 1.110540702939033508e-03 1.045230892486870289e-03 2.000669762492179871e-02 1.015668036416172981e-03
4.000000000000000000e+02 1.075225416570901871e-03 9.880068246275186539e-04 1.075225416570901871e-03 9.880068246275186539e-04 1.944615319371223450e-02 9.595515439286828041e-04
4.100000000000000000e+02 1.040801755152642727e-03 9.341215481981635094e-04 1.040801755152642727e-03 9.341215481981635094e-04 1.890355907380580902e-02 9.067510254681110382e-04
4.200000000000000000e+02 1.007268438115715981e-03 8.834271575324237347e-04 1.007268438115715981e-03 8.834271575324237347e-04 1.837894320487976074e-02 8.571206708438694477e-04
4.300000000000000000e+02 9.746252326294779778e-04 8.357757469639182091e-04 9.746252326294779778e-04 8.357757469639182091e-04 1.787224411964416504e-02 8.105114102363586426e-04
4.400000000000000000e+02 9.428685880266129971e-04 7.910210406407713890e-04 9.428685880266129971e-04 7.910210406407713890e-04 1.738337427377700806e-02 7.667769677937030792e-04
4.500000000000000000e+02 9.119969909079372883e-04 7.490172865800559521e-04 9.119969909079372883e-04 7.490172865800559521e-04 1.691217347979545593e-02 7.257714169099926949e-04
4.600000000000000000e+02 8.820109069347381592e-04 7.096176850609481335e-04 8.820109069347381592e-04 7.096176850609481335e-04 1.645839400589466095e-02 6.873467937111854553e-04
4.700000000000000000e+02 8.529050974175333977e-04 6.726825376972556114e-04 8.529050974175333977e-04 6.726825376972556114e-04 1.602179184556007385e-02 6.513630505651235580e-04
4.800000000000000000e+02 8.246758370660245419e-04 6.380766863003373146e-04 8.246758370660245419e-04 6.380766863003373146e-04 1.560208387672901154e-02 6.176838069222867489e-04
4.900000000000000000e+02 7.973203901201486588e-04 6.056653801351785660e-04 7.973203901201486588e-04 6.056653801351785660e-04 1.519891899079084396e-02 5.861736717633903027e-04
5.000000000000000000e+02 7.708341581746935844e-04 5.753218429163098335e-04 7.708341581746935844e-04 5.753218429163098335e-04 1.481193490326404572e-02 5.567042971961200237e-04
5.100000000000000000e+02 7.452138233929872513e-04 5.469219759106636047e-04 7.452138233929872513e-04 5.469219759106636047e-04 1.444072928279638290e-02 5.291505367495119572e-04
5.200000000000000000e+02 7.204501889646053314e-04 5.203527398407459259e-04 7.204501889646053314e-04 5.203527398407459259e-04 1.408495102077722549e-02 5.033982452005147934e-04
5.300000000000000000e+02 6.965394131839275360e-04 4.954993491992354393e-04 6.965394131839275360e-04 4.954993491992354393e-04 1.374413911253213882e-02 4.793315602000802755e-04
5.400000000000000000e+02 6.734715425409376621e-04 4.722575831692665815e-04 6.734715425409376621e-04 4.722575831692665815e-04 1.341789029538631439e-02 4.568455624394118786e-04
5.500000000000000000e+02 6.512380205094814301e-04 4.505269753281027079e-04 6.512380205094814301e-04 4.505269753281027079e-04 1.310577616095542908e-02 4.358393489383161068e-04
5.600000000000000000e+02 6.298274383880198002e-04 4.302127927076071501e-04 6.298274383880198002e-04 4.302127927076071501e-04 1.280735991895198822e-02 4.162173136137425900e-04
5.700000000000000000e+02 6.092283874750137329e-04 4.112245514988899231e-04 6.092283874750137329e-04 4.112245514988899231e-04 1.252219825983047485e-02 3.978891763836145401e-04
5.800000000000000000e+02 5.894277128390967846e-04 3.934763080906122923e-04 5.894277128390967846e-04 3.934763080906122923e-04 1.224983390420675278e-02 3.807688481174409389e-04
5.900000000000000000e+02 5.704094073735177517e-04 3.768884052988141775e-04 5.704094073735177517e-04 3.768884052988141775e-04 1.198983192443847656e-02 3.647767589427530766e-04
6.000000000000000000e+02 5.521570565178990364e-04 3.613844164647161961e-04 5.521570565178990364e-04 3.613844164647161961e-04 1.174173597246408463e-02 3.498369187582284212e-04
6.100000000000000000e+02 5.346545367501676083e-04 3.468908835202455521e-04 5.346545367501676083e-04 3.468908835202455521e-04 1.150507759302854538e-02 3.358768590260297060e-04
6.200000000000000000e+02 5.178816500119864941e-04 3.333406057208776474e-04 5.178816500119864941e-04 3.333406057208776474e-04 1.127941161394119263e-02 3.228299901820719242e-04
6.300000000000000000e+02 5.018168012611567974e-04 3.206706605851650238e-04 5.018168012611567974e-04 3.206706605851650238e-04 1.106431148946285248e-02 3.106345247942954302e-04
6.400000000000000000e+02 4.864412185270339251e-04 3.088179801125079393e-04 4.864412185270339251e-04 3.088179801125079393e-04 1.085927896201610565e-02 2.992284717038273811e-04
6.500000000000000000e+02 4.717315605375915766e-04 2.977281401399523020e-04 4.717315605375915766e-04 2.977281401399523020e-04 1.066389866173267365e-02 2.885579015128314495e-04
6.600000000000000000e+02 4.576662031468003988e-04 2.873448829632252455e-04 4.576662031468003988e-04 2.873448829632252455e-04 1.047770027071237564e-02 2.785690885502845049e-04
6.700000000000000000e+02 4.442206700332462788e-04 2.776207402348518372e-04 4.442206700332462788e-04 2.776207402348518372e-04 1.030027680099010468e-02 2.692147099878638983e-04
6.800000000000000000e+02 4.313729587011039257e-04 2.685058279894292355e-04 4.313729587011039257e-04 2.685058279894292355e-04 1.013115327805280685e-02 2.604465989861637354e-04
6.900000000000000000e+02 4.190979234408587217e-04 2.599580038804560900e-04 4.190979234408587217e-04 2.599580038804560900e-04 9.969945996999740601e-03 2.522240974940359592e-04
7.000000000000000000e+02 4.073716118000447750e-04 2.519353874959051609e-04 4.073716118000447750e-04 2.519353874959051609e-04 9.816238656640052795e-03 2.445069258101284504e-04
7.100000000000000000e+02 3.961718757636845112e-04 2.443984558340162039e-04 3.961718757636845112e-04 2.443984558340162039e-04 9.669600985944271088e-03 2.372564631514251232e-04
7.200000000000000000e+02 3.854744718410074711e-04 2.373128518229350448e-04 3.854744718410074711e-04 2.373128518229350448e-04 9.529671631753444672e-03 2.304394292877987027e-04
7.300000000000000000e+02 3.752564662136137486e-04 2.306441019754856825e-04 3.752564662136137486e-04 2.306441019754856825e-04 9.396062232553958893e-03 2.240230387542396784e-04
7.400000000000000000e+02 3.654935862869024277e-04 2.243638446088880301e-04 3.654935862869024277e-04 2.243638446088880301e-04 9.268471039831638336e-03 2.179802686441689730e-04
7.500000000000000000e+02 3.561654884833842516e-04 2.184404293075203896e-04 3.561654884833842516e-04 2.184404293075203896e-04 9.146482683718204498e-03 2.122800506185740232e-04
7.600000000000000000e+02 3.472507814876735210e-04 2.128479973180219531e-04 3.472507814876735210e-04 2.128479973180219531e-04 9.029792621731758118e-03 2.068981120828539133e-04
7.700000000000000000e+02 3.387278993614017963e-04 2.075626252917572856e-04 3.387278993614017963e-04 2.075626252917572856e-04 8.918099105358123779e-03 2.018113300437107682e-04
7.800000000000000000e+02 3.305770223960280418e-04 2.025620051426813006e-04 3.305770223960280418e-04 2.025620051426813006e-04 8.811106905341148376e-03 1.969979930436238647e-04
7.900000000000000000e+02 3.227795241400599480e-04 1.978235522983595729e-04 3.227795241400599480e-04 1.978235522983595729e-04 8.708511479198932648e-03 1.924371172208338976e-04
8.000000000000000000e+02 3.153148281853646040e-04 1.933301246026530862e-04 3.153148281853646040e-04 1.933301246026530862e-04 8.610091172158718109e-03 1.881119824247434735e-04
8.100000000000000000e+02 3.081684117205440998e-04 1.890614803414791822e-04 3.081684117205440998e-04 1.890614803414791822e-04 8.515535853803157806e-03 1.840030017774552107e-04
8.200000000000000000e+02 3.013214736711233854e-04 1.850029657362028956e-04 3.013214736711233854e-04 1.850029657362028956e-04 8.424651809036731720e-03 1.800963073037564754e-04
8.300000000000000000e+02 2.947575994767248631e-04 1.811398688005283475e-04 2.947575994767248631e-04 1.811398688005283475e-04 8.337227627635002136e-03 1.763779582688584924e-04
8.400000000000000000e+02 2.884620625991374254e-04 1.774579432094469666e-04 2.884620625991374254e-04 1.774579432094469666e-04 8.253046311438083649e-03 1.728341158013790846e-04
8.500000000000000000e+02 2.824206894729286432e-04 1.739439467201009393e-04 2.824206894729286432e-04 1.739439467201009393e-04 8.171901106834411621e-03 1.694521924946457148e-04
8.600000000000000000e+02 2.766198886092752218e-04 1.705863687675446272e-04 2.766198886092752218e-04 1.705863687675446272e-04 8.093615993857383728e-03 1.662210852373391390e-04
8.700000000000000000e+02 2.710463595576584339e-04 1.673745282460004091e-04 2.710463595576584339e-04 1.673745282460004091e-04 8.018019609153270721e-03 1.631305058253929019e-04
8.800000000000000000e+02 2.656876749824732542e-04 1.642992865527048707e-04 2.656876749824732542e-04 1.642992865527048707e-04 7.944975979626178741e-03 1.601718249730765820e-04
8.900000000000000000e+02 2.605331537779420614e-04 1.613502536201849580e-04 2.605331537779420614e-04 1.613502536201849580e-04 7.874302566051483154e-03 1.573349290993064642e-04
9.000000000000000000e+02 2.555707178544253111e-04 1.585204008733853698e-04 2.555707178544253111e-04 1.585204008733853698e-04 7.805892731994390488e-03 1.546130515635013580e-04
9.100000000000000000e+02 2.507913741283118725e-04 1.558007788844406605e-04 2.507913741283118725e-04 1.558007788844406605e-04 7.739592343568801880e-03 1.519977522548288107e-04
9.200000000000000000e+02 2.461846452206373215e-04 1.531851012259721756e-04 2.461846452206373215e-04 1.531851012259721756e-04 7.675295230001211166e-03 1.494827738497406244e-04
9.300000000000000000e+02 2.417419455014169216e-04 1.506668049842119217e-04 2.417419455014169216e-04 1.506668049842119217e-04 7.612889166921377182e-03 1.470618008170276880e-04
9.400000000000000000e+02 2.374553296249359846e-04 1.482390653109177947e-04 2.374553296249359846e-04 1.482390653109177947e-04 7.552249357104301453e-03 1.447283721063286066e-04
9.500000000000000000e+02 2.333150623599067330e-04 1.458982296753674746e-04 2.333150623599067330e-04 1.458982296753674746e-04 7.493330165743827820e-03 1.424789370503276587e-04
9.600000000000000000e+02 2.293154393555596471e-04 1.436373568139970303e-04 2.293154393555596471e-04 1.436373568139970303e-04 7.435986306518316269e-03 1.403065980412065983e-04
9.700000000000000000e+02 2.254490100312978029e-04 1.414524449501186609e-04 2.254490100312978029e-04 1.414524449501186609e-04 7.380159571766853333e-03 1.382077607559040189e-04
9.800000000000000000e+02 2.217082801507785916e-04 1.393392885802313685e-04 2.217082801507785916e-04 1.393392885802313685e-04 7.325764745473861694e-03 1.361779868602752686e-04
9.900000000000000000e+02 2.180878655053675175e-04 1.372935657855123281e-04 2.180878655053675175e-04 1.372935657855123281e-04 7.272730581462383270e-03 1.342134346487000585e-04
1.000000000000000000e+03 2.145817998098209500e-04 1.353115512756630778e-04 2.145817998098209500e-04 1.353115512756630778e-04 7.220984902232885361e-03 1.323103497270494699e-04
1.010000000000000000e+03 2.111840003635734320e-04 1.333905820501968265e-04 2.111840003635734320e-04 1.333905820501968265e-04 7.170485798269510269e-03 1.304662437178194523e-04
1.020000000000000000e+03 2.078897523460909724e-04 1.315266563324257731e-04 2.078897523460909724e-04 1.315266563324257731e-04 7.121148984879255295e-03 1.286770275328308344e-04
1.030000000000000000e+03 2.046944282483309507e-04 1.297167618758976460e-04 2.046944282483309507e-04 1.297167618758976460e-04 7.072918117046356201e-03 1.269399363081902266e-04
1.040000000000000000e+03 2.015930222114548087e-04 1.279584830626845360e-04 2.015930222114548087e-04 1.279584830626845360e-04 7.025749888271093369e-03 1.252524816663935781e-04
1.050000000000000000e+03 1.985814451472833753e-04 1.262491859961301088e-04 1.985814451472833753e-04 1.262491859961301088e-04 6.979592610150575638e-03 1.236121461261063814e-04
1.060000000000000000e+03 1.956556807272136211e-04 1.245865569217130542e-04 1.956556807272136211e-04 1.245865569217130542e-04 6.934410426765680313e-03 1.220169069711118937e-04
1.070000000000000000e+03 1.928118872456252575e-04 1.229682384291663766e-04 1.928118872456252575e-04 1.229682384291663766e-04 6.890144199132919312e-03 1.204640793730504811e-04
1.080000000000000000e+03 1.900464849313721061e-04 1.213920841109938920e-04 1.900464849313721061e-04 1.213920841109938920e-04 6.846757605671882629e-03 1.189517643069848418e-04
1.090000000000000000e+03 1.873555156635120511e-04 1.198567479150369763e-04 1.873555156635120511e-04 1.198567479150369763e-04 6.804236210882663727e-03 1.174788703792728484e-04
1.100000000000000000e+03 1.847363746492192149e-04 1.183596468763425946e-04 1.847363746492192149e-04 1.183596468763425946e-04 6.762513425201177597e-03 1.160425526904873550e-04
1.110000000000000000e+03 1.821859623305499554e-04 1.168993621831759810e-04 1.821859623305499554e-04 1.168993621831759810e-04 6.721568293869495392e-03 1.146415888797491789e-04
1.120000000000000000e+03 1.797012228053063154e-04 1.154744677478447556e-04 1.797012228053063154e-04 1.154744677478447556e-04 6.681371014565229416e-03 1.132744728238321841e-04
1.130000000000000000e+03 1.772795658325776458e-04 1.140832973760552704e-04 1.772795658325776458e-04 1.140832973760552704e-04 6.641893181949853897e-03 1.119398584705777466e-04
1.140000000000000000e+03 1.749181828927248716e-04 1.127242285292595625e-04 1.749181828927248716e-04 1.127242285292595625e-04 6.603095214813947678e-03 1.106359050027094781e-04
1.150000000000000000e+03 1.726150367176160216e-04 1.113963371608406305e-04 1.726150367176160216e-04 1.113963371608406305e-04 6.564960815012454987e-03 1.093616810976527631e-04
1.160000000000000000e+03 1.703674206510186195e-04 1.100983427022583783e-04 1.703674206510186195e-04 1.100983427022583783e-04 6.527467165142297745e-03 1.081160880858078599e-04
1.170000000000000000e+03 1.681733992882072926e-04 1.088288772734813392e-04 1.681733992882072926e-04 1.088288772734813392e-04 6.490585394203662872e-03 1.068978017428889871e-04
1.180000000000000000e+03 1.660310808802023530e-04 1.075867767212912440e-04 1.660310808802023530e-04 1.075867767212912440e-04 6.454288959503173828e-03 1.057055487763136625e-04
1.190000000000000000e+03 1.639380789129063487e-04 1.063714371412061155e-04 1.639380789129063487e-04 1.063714371412061155e-04 6.418572273105382919e-03 1.045388780767098069e-04
1.200000000000000000e+03 1.618925889488309622e-04 1.051813815138302743e-04 1.618925889488309622e-04 1.051813815138302743e-04 6.383405532687902451e-03 1.033964945236220956e-04
1.210000000000000000e+03 1.598931703483685851e-04 1.040157512761652470e-04 1.598931703483685851e-04 1.040157512761652470e-04 6.348762195557355881e-03 1.022772485157474875e-04
1.220000000000000000e+03 1.579378294991329312e-04 1.028737460728734732e-04 1.579378294991329312e-04 1.028737460728734732e-04 6.314631085842847824e-03 1.011805143207311630e-04
1.230000000000000000e+03 1.560248201712965965e-04 1.017547474475577474e-04 1.560248201712965965e-04 1.017547474475577474e-04 6.281005218625068665e-03 1.001058044494129717e-04
1.240000000000000000e+03 1.541529345558956265e-04 1.006574966595508158e-04 1.541529345558956265e-04 1.006574966595508158e-04 6.247849203646183014e-03 9.905171464197337627e-05
1.250000000000000000e+03 1.523207756690680981e-04 9.958145528798922896e-05 1.523207756690680981e-04 9.958145528798922896e-05 6.215158849954605103e-03 9.801791020436212420e-05
1.260000000000000000e+03 1.505268737673759460e-04 9.852583025349304080e-05 1.505268737673759460e-04 9.852583025349304080e-05 6.182913202792406082e-03 9.700345981400460005e-05
1.270000000000000000e+03 1.487696863478049636e-04 9.748994489200413227e-05 1.487696863478049636e-04 9.748994489200413227e-05 6.151105742901563644e-03 9.600799239706248045e-05
1.280000000000000000e+03 1.470480347052216530e-04 9.647336992202326655e-05 1.470480347052216530e-04 9.647336992202326655e-05 6.119717378169298172e-03 9.503065666649490595e-05
1.290000000000000000e+03 1.453607401344925165e-04 9.547518857289105654e-05 1.453607401344925165e-04 9.547518857289105654e-05 6.088735070079565048e-03 9.407084871781989932e-05
1.300000000000000000e+03 1.437067112419754267e-04 9.449527715332806110e-05 1.437067112419754267e-04 9.449527715332806110e-05 6.058157421648502350e-03 9.312838665209710598e-05
1.310000000000000000e+03 1.420850167050957680e-04 9.353209316032007337e-05 1.420850167050957680e-04 9.353209316032007337e-05 6.027949973940849304e-03 9.220196807291358709e-05
1.320000000000000000e+03 1.404941576765850186e-04 9.258613135898485780e-05 1.404941576765850186e-04 9.258613135898485780e-05 5.998123902827501297e-03 9.129182581091299653e-05
1.330000000000000000e+03 1.389335520798340440e-04 9.165610390482470393e-05 1.389335520798340440e-04 9.165610390482470393e-05 5.968648009002208710e-03 9.039675933308899403e-05
1.340000000000000000e+03 1.374017592752352357e-04 9.074234549188986421e-05 1.374017592752352357e-04 9.074234549188986421e-05 5.939543712884187698e-03 8.951731433626264334e-05
1.350000000000000000e+03 1.358985755359753966e-04 8.984356827568262815e-05 1.358985755359753966e-04 8.984356827568262815e-05 5.910764914005994797e-03 8.865195559337735176e-05
1.360000000000000000e+03 1.344226329820230603e-04 8.895951759768649936e-05 1.344226329820230603e-04 8.895951759768649936e-05 5.882318597286939621e-03 8.780070493230596185e-05
1.370000000000000000e+03 1.329731749137863517e-04 8.809008431853726506e-05 1.329731749137863517e-04 8.809008431853726506e-05 5.854194983839988708e-03 8.696316945133730769e-05
1.380000000000000000e+03 1.315495901508256793e-04 8.723430801182985306e-05 1.315495901508256793e-04 8.723430801182985306e-05 5.826376844197511673e-03 8.613864338258281350e-05
1.390000000000000000e+03 1.301507436437532306e-04 8.639224688522517681e-05 1.301507436437532306e-04 8.639224688522517681e-05 5.798872560262680054e-03 8.532733045285567641e-05
1.400000000000000000e+03 1.287763152504339814e-04 8.556326065445318818e-05 1.287763152504339814e-04 8.556326065445318818e-05 5.771653726696968079e-03 8.452816837234422565e-05
1.410000000000000000e+03 1.274254027521237731e-04 8.474710193695500493e-05 1.274254027521237731e-04 8.474710193695500493e-05 5.744727794080972672e-03 8.374133903998881578e-05
1.420000000000000000e+03 1.260972931049764156e-04 8.394336327910423279e-05 1.260972931049764156e-04 8.394336327910423279e-05 5.718081723898649216e-03 8.296629675896838307e-05
1.430000000000000000e+03 1.247913169208914042e-04 8.315196464536711574e-05 1.247913169208914042e-04 8.315196464536711574e-05 5.691720172762870789e-03 8.220307790907099843e-05
1.440000000000000000e+03 1.235069212270900607e-04 8.237222209572792053e-05 1.235069212270900607e-04 8.237222209572792053e-05 5.665613338351249695e-03 8.145070751197636127e-05
1.450000000000000000e+03 1.222435239469632506e-04 8.160388824762776494e-05 1.222435239469632506e-04 8.160388824762776494e-05 5.639770533889532089e-03 8.070933836279436946e-05
1.460000000000000000e+03 1.210005648317746818e-04 8.084654109552502632e-05 1.210005648317746818e-04 8.084654109552502632e-05 5.614172201603651047e-03 7.997835928108543158e-05
1.470000000000000000e+03 1.197775418404489756e-04 8.010037709027528763e-05 1.197775418404489756e-04 8.010037709027528763e-05 5.588829983025789261e-03 7.925793761387467384e-05
1.480000000000000000e+03 1.185738801723346114e-04 7.936466136015951633e-05 1.185738801723346114e-04 7.936466136015951633e-05 5.563726183027029037e-03 7.854751311242580414e-05
1.490000000000000000e+03 1.173888667835853994e-04 7.863919017836451530e-05 1.173888667835853994e-04 7.863919017836451530e-05 5.538853351026773453e-03 7.784678746247664094e-05
1.500000000000000000e+03 1.162222324637696147e-04 7.792379619786515832e-05 1.162222324637696147e-04 7.792379619786515832e-05 5.514215677976608276e-03 7.715577521594241261e-05
1.510000000000000000e+03 1.150735697592608631e-04 7.721829751972109079e-05 1.150735697592608631e-04 7.721829751972109079e-05 5.489796400070190430e-03 7.647393067600205541e-05
1.520000000000000000e+03 1.139423329732380807e-04 7.652226486243307590e-05 1.139423329732380807e-04 7.652226486243307590e-05 5.465598311275243759e-03 7.580126111861318350e-05
1.530000000000000000e+03 1.128279982367530465e-04 7.583566184621304274e-05 1.128279982367530465e-04 7.583566184621304274e-05 5.441612564027309418e-03 7.513741002185270190e-05
1.540000000000000000e+03 1.117303545470349491e-04 7.515806646551936865e-05 1.117303545470349491e-04 7.515806646551936865e-05 5.417835898697376251e-03 7.448223186656832695e-05
1.550000000000000000e+03 1.106487106881104410e-04 7.448943506460636854e-05 1.106487106881104410e-04 7.448943506460636854e-05 5.394265986979007721e-03 7.383557385765016079e-05
1.560000000000000000e+03 1.095830011763609946e-04 7.382933836197480559e-05 1.095830011763609946e-04 7.382933836197480559e-05 5.370886530727148056e-03 7.319694122998043895e-05
1.570000000000000000e+03 1.085326730390079319e-04 7.317778363358229399e-05 1.085326730390079319e-04 7.317778363358229399e-05 5.347710568457841873e-03 7.256659591803327203e-05
1.580000000000000000e+03 1.074973770300857723e-04 7.253434159792959690e-05 1.074973770300857723e-04 7.253434159792959690e-05 5.324714351445436478e-03 7.194383215392008424e-05
1.590000000000000000e+03 1.064768803189508617e-04 7.189925236161798239e-05 1.064768803189508617e-04 7.189925236161798239e-05 5.301915574818849564e-03 7.132905739126726985e-05
1.600000000000000000e+03 1.054704989655874670e-04 7.127206481527537107e-05 1.054704989655874670e-04 7.127206481527537107e-05 5.279300734400749207e-03 7.072186417644843459e-05
1.610000000000000000e+03 1.044782329699955881e-04 7.065253157634288073e-05 1.044782329699955881e-04 7.065253157634288073e-05 5.256863776594400406e-03 7.012202695477753878e-05
1.620000000000000000e+03 1.034997985698282719e-04 7.004040526226162910e-05 1.034997985698282719e-04 7.004040526226162910e-05 5.234591197222471237e-03 6.952908734092488885e-05
1.630000000000000000e+03 1.025346573442220688e-04 6.943589687580242753e-05 1.025346573442220688e-04 6.943589687580242753e-05 5.212496034801006317e-03 6.894335820106789470e-05
1.640000000000000000e+03 1.015827438095584512e-04 6.883842434035614133e-05 1.015827438095584512e-04 6.883842434035614133e-05 5.190564785152673721e-03 6.836443208158016205e-05
1.650000000000000000e+03 1.006435923045501113e-04 6.824815500294789672e-05 1.006435923045501113e-04 6.824815500294789672e-05 5.168802570551633835e-03 6.779237446608021855e-05
1.660000000000000000e+03 9.971718827728182077e-05 6.766487058484926820e-05 9.971718827728182077e-05 6.766487058484926820e-05 5.147198215126991272e-03 6.722684338456019759e-05
1.670000000000000000e+03 9.880284051178023219e-05 6.708811997668817639e-05 9.880284051178023219e-05 6.708811997668817639e-05 5.125748459249734879e-03 6.666770786978304386e-05
1.680000000000000000e+03 9.790061449166387320e-05 6.651823787251487374e-05 9.790061449166387320e-05 6.651823787251487374e-05 5.104456562548875809e-03 6.611500430153682828e-05
1.690000000000000000e+03 9.701034286990761757e-05 6.595470040338113904e-05 9.701034286990761757e-05 6.595470040338113904e-05 5.083310883492231369e-03 6.556834705406799912e-05
1.700000000000000000e+03 9.613145812181755900e-05 6.539789319504052401e-05 9.613145812181755900e-05 6.539789319504052401e-05 5.062330979853868484e-03 6.502823816845193505e-05
1.710000000000000000e+03 9.526382928015664220e-05 6.484711047960445285e-05 9.526382928015664220e-05 6.484711047960445285e-05 5.041482858359813690e-03 6.449373904615640640e-05
1.720000000000000000e+03 9.440734720556065440e-05 6.430252688005566597e-05 9.440734720556065440e-05 6.430252688005566597e-05 5.020783748477697372e-03 6.396524258889257908e-05
1.730000000000000000e+03 9.356174268759787083e-05 6.376412784447893500e-05 9.356174268759787083e-05 6.376412784447893500e-05 5.000230856239795685e-03 6.344261055346578360e-05
1.740000000000000000e+03 9.272692113881930709e-05 6.323135312413796782e-05 9.272692113881930709e-05 6.323135312413796782e-05 4.979807417839765549e-03 6.292542093433439732e-05
1.750000000000000000e+03 9.190233686240389943e-05 6.270435551414266229e-05 9.190233686240389943e-05 6.270435551414266229e-05 4.959516692906618118e-03 6.241365917958319187e-05
1.760000000000000000e+03 9.108814265346154571e-05 6.218328053364530206e-05 9.108814265346154571e-05 6.218328053364530206e-05 4.939369857311248779e-03 6.190761632751673460e-05
1.770000000000000000e+03 9.028377098729833961e-05 6.166796083562076092e-05 9.028377098729833961e-05 6.166796083562076092e-05 4.919354803860187531e-03 6.140691402833908796e-05
1.780000000000000000e+03 8.948956383392214775e-05 6.115765427239239216e-05 8.948956383392214775e-05 6.115765427239239216e-05 4.899458959698677063e-03 6.091119939810596406e-05
1.790000000000000000e+03 8.870504825608804822e-05 6.065294292056933045e-05 8.870504825608804822e-05 6.065294292056933045e-05 4.879691172391176224e-03 6.042068343958817422e-05
1.800000000000000000e+03 8.793001325102522969e-05 6.015337567077949643e-05 8.793001325102522969e-05 6.015337567077949643e-05 4.860040731728076935e-03 5.993503873469308019e-05
1.810000000000000000e+03 8.716445154277607799e-05 5.965891614323481917e-05 8.716445154277607799e-05 5.965891614323481917e-05 4.840516019612550735e-03 5.945443626842461526e-05
1.820000000000000000e+03 8.640769374324008822e-05 5.916986629017628729e-05 8.640769374324008822e-05 5.916986629017628729e-05 4.821117036044597626e-03 5.897883602301590145e-05
1.830000000000000000e+03 8.566017640987411141e-05 5.868567677680402994e-05 8.566017640987411141e-05 5.868567677680402994e-05 4.801832139492034912e-03 5.850795787409879267e-05
1.840000000000000000e+03 8.492152846883982420e-05 5.820632213726639748e-05 8.492152846883982420e-05 5.820632213726639748e-05 4.782665055245161057e-03 5.804180182167328894e-05
1.850000000000000000e+03 8.419143705395981669e-05 5.773210068582557142e-05 8.419143705395981669e-05 5.773210068582557142e-05 4.763618111610412598e-03 5.758041515946388245e-05
1.860000000000000000e+03 8.346986578544601798e-05 5.726236486225388944e-05 8.346986578544601798e-05 5.726236486225388944e-05 4.744676407426595688e-03 5.712341226171702147e-05
1.870000000000000000e+03 8.275677100755274296e-05 5.679750029230490327e-05 8.275677100755274296e-05 5.679750029230490327e-05 4.725843667984008789e-03 5.667083314619958401e-05
1.880000000000000000e+03 8.205187623389065266e-05 5.633718683384358883e-05 8.205187623389065266e-05 5.633718683384358883e-05 4.707126878201961517e-03 5.622283060802146792e-05
1.890000000000000000e+03 8.135517418850213289e-05 5.588128624367527664e-05 8.135517418850213289e-05 5.588128624367527664e-05 4.688509739935398102e-03 5.577898627961985767e-05
1.900000000000000000e+03 8.066641021287068725e-05 5.542979852179996669e-05 8.066641021287068725e-05 5.542979852179996669e-05 4.670001100748777390e-03 5.533945659408345819e-05
1.910000000000000000e+03 7.998540240805596113e-05 5.498296377481892705e-05 7.998540240805596113e-05 5.498296377481892705e-05 4.651601426303386688e-03 5.490424882736988366e-05
1.920000000000000000e+03 7.931228901725262403e-05 5.454002530314028263e-05 7.931228901725262403e-05 5.454002530314028263e-05 4.633277188986539841e-03 5.447252624435350299e-05
1.930000000000000000e+03 7.864629878895357251e-05 5.410191079135984182e-05 7.864629878895357251e-05 5.410191079135984182e-05 4.615100100636482239e-03 5.404595867730677128e-05
1.940000000000000000e+03 7.798783917678520083e-05 5.366771074477583170e-05 7.798783917678520083e-05 5.366771074477583170e-05 4.597011487931013107e-03 5.362313095247372985e-05
1.950000000000000000e+03 7.733715028734877706e-05 5.323741424945183098e-05 7.733715028734877706e-05 5.323741424945183098e-05 4.578986670821905136e-03 5.320345007930882275e-05
1.960000000000000000e+03 7.669349724892526865e-05 5.281124322209507227e-05 7.669349724892526865e-05 5.281124322209507227e-05 4.561077337712049484e-03 5.278807293507270515e-05
1.970000000000000000e+03 7.605675637023523450e-05 5.238928133621811867e-05 7.605675637023523450e-05 5.238928133621811867e-05 4.543276969343423843e-03 5.237684672465547919e-05
1.980000000000000000e+03 7.542708772234618664e-05 5.197120844968594611e-05 7.542708772234618664e-05 5.197120844968594611e-05 4.525558091700077057e-03 5.196910205995664001e-05
1.990000000000000000e+03 7.480429485440254211e-05 5.155703547643497586e-05 7.480429485440254211e-05 5.155703547643497586e-05 4.507937002927064896e-03 5.156519546289928257e-05
2.000000000000000000e+03 7.418821041937917471e-05 5.114669329486787319e-05 7.418821041937917471e-05 5.114669329486787319e-05 4.490407183766365051e-03 5.116493412060663104e-05
2.010000000000000000e+03 7.357876165769994259e-05 5.074017826700583100e-05 7.357876165769994259e-05 5.074017826700583100e-05 4.472970496863126755e-03 5.076834713690914214e-05
2.020000000000000000e+03 7.297599950106814504e-05 5.033716661273501813e-05 7.297599950106814504e-05 5.033716661273501813e-05 4.455616232007741928e-03 5.037517257733270526e-05
2.030000000000000000e+03 7.237956015160307288e-05 4.993786933482624590e-05 7.237956015160307288e-05 4.993786933482624590e-05 4.438347183167934418e-03 4.998542863177135587e-05
2.040000000000000000e+03 7.178926898632198572e-05 4.954257747158408165e-05 7.178926898632198572e-05 4.954257747158408165e-05 4.421187564730644226e-03 4.959966827300377190e-05
2.050000000000000000e+03 7.120556256268173456e-05 4.915041790809482336e-05 7.120556256268173456e-05 4.915041790809482336e-05 4.404093138873577118e-03 4.921685831504873931e-05
2.060000000000000000e+03 7.062800432322546840e-05 4.876196544500999153e-05 7.062800432322546840e-05 4.876196544500999153e-05 4.387082997709512711e-03 4.883741712546907365e-05
2.070000000000000000e+03 7.005624502198770642e-05 4.837704545934684575e-05 7.005624502198770642e-05 4.837704545934684575e-05 4.370177164673805237e-03 4.846174488193355501e-05
2.080000000000000000e+03 6.949073576834052801e-05 4.799539237865246832e-05 6.949073576834052801e-05 4.799539237865246832e-05 4.353327676653862000e-03 4.808877929463051260e-05
2.090000000000000000e+03 6.893098179716616869e-05 4.761717718793079257e-05 6.893098179716616869e-05 4.761717718793079257e-05 4.336573649197816849e-03 4.771933890879154205e-05
2.100000000000000000e+03 6.837696855654940009e-05 4.724236714537255466e-05 6.837696855654940009e-05 4.724236714537255466e-05 4.319905303418636322e-03 4.735320908366702497e-05
2.110000000000000000e+03 6.782871787436306477e-05 4.687093314714729786e-05 6.782871787436306477e-05 4.687093314714729786e-05 4.303314723074436188e-03 4.699018609244376421e-05
2.120000000000000000e+03 6.728612788720056415e-05 4.650268965633586049e-05 6.728612788720056415e-05 4.650268965633586049e-05 4.286804702132940292e-03 4.663031722884625196e-05
2.130000000000000000e+03 6.674924225080758333e-05 4.613739292835816741e-05 6.674924225080758333e-05 4.613739292835816741e-05 4.270351026207208633e-03 4.627305315807461739e-05
2.140000000000000000e+03 6.621747888857498765e-05 4.577554864226840436e-05 6.621747888857498765e-05 4.577554864226840436e-05 4.254003055393695831e-03 4.591942706611007452e-05
2.150000000000000000e+03 6.569129618583247066e-05 4.541690213955007493e-05 6.569129618583247066e-05 4.541690213955007493e-05 4.237727727741003036e-03 4.556873318506404757e-05
2.160000000000000000e+03 6.517060683108866215e-05 4.506104960455559194e-05 6.517060683108866215e-05 4.506104960455559194e-05 4.221504088491201401e-03 4.522050585364922881e-05
2.170000000000000000e+03 6.465507613029330969e-05 4.470837302505970001e-05 6.465507613029330969e-05 4.470837302505970001e-05 4.205374047160148621e-03 4.487560363486409187e-05
2.180000000000000000e+03 6.414450035663321614e-05 4.435871596797369421e-05 6.414450035663321614e-05 4.435871596797369421e-05 4.189318045973777771e-03 4.453358633327297866e-05
2.190000000000000000e+03 6.363925785990431905e-05 4.401200567372143269e-05 6.363925785990431905e-05 4.401200567372143269e-05 4.173329100012779236e-03 4.419429023982957006e-05
2.200000000000000000e+03 6.313889025477692485e-05 4.366833309177309275e-05 6.313889025477692485e-05 4.366833309177309275e-05 4.157415591180324554e-03 4.385789361549541354e-05
2.210000000000000000e+03 6.264352123253047466e-05 4.332749085733667016e-05 6.264352123253047466e-05 4.332749085733667016e-05 4.141572397202253342e-03 4.352426549303345382e-05
2.220000000000000000e+03 6.215307803358882666e-05 4.298958447179757059e-05 6.215307803358882666e-05 4.298958447179757059e-05 4.125802777707576752e-03 4.319344589021056890e-05
2.230000000000000000e+03 6.166739331092685461e-05 4.265453753760084510e-05 6.166739331092685461e-05 4.265453753760084510e-05 4.110103473067283630e-03 4.286536568542942405e-05
2.240000000000000000e+03 6.118645978858694434e-05 4.232234641676768661e-05 6.118645978858694434e-05 4.232234641676768661e-05 4.094477742910385132e-03 4.254005034454166889e-05
2.250000000000000000e+03 6.071026291465386748e-05 4.199289469397626817e-05 6.071026291465386748e-05 4.199289469397626817e-05 4.078912548720836639e-03 4.221723429509438574e-05
2.260000000000000000e+03 6.023872265359386802e-05 4.166616054135374725e-05 6.023872265359386802e-05 4.166616054135374725e-05 4.063418135046958923e-03 4.189710671198554337e-05
2.270000000000000000e+03 5.977160617476329207e-05 4.134214032092131674e-05 5.977160617476329207e-05 4.134214032092131674e-05 4.047997295856475830e-03 4.157970761298201978e-05
2.280000000000000000e+03 5.930905535933561623e-05 4.102091043023392558e-05 5.930905535933561623e-05 4.102091043023392558e-05 4.032644443213939667e-03 4.126490603084675968e-05
2.290000000000000000e+03 5.885088467039167881e-05 4.070233626407571137e-05 5.885088467039167881e-05 4.070233626407571137e-05 4.017357714474201202e-03 4.095264375791884959e-05
2.300000000000000000e+03 5.839724690304137766e-05 4.038635233882814646e-05 5.839724690304137766e-05 4.038635233882814646e-05 4.002126865088939667e-03 4.064271706738509238e-05
2.310000000000000000e+03 5.794788739876821637e-05 4.007286042906343937e-05 5.794788739876821637e-05 4.007286042906343937e-05 3.986966330558061600e-03 4.033538061776198447e-05
2.320000000000000000e+03 5.750268246629275382e-05 3.976205334765836596e-05 5.750268246629275382e-05 3.976205334765836596e-05 3.971874713897705078e-03 4.003058711532503366e-05
2.330000000000000000e+03 5.706184674636460841e-05 3.945380376535467803e-05 5.706184674636460841e-05 3.945380376535467803e-05 3.956845961511135101e-03 3.972823105868883431e-05
2.340000000000000000e+03 5.662505645886994898e-05 3.914810076821595430e-05 5.662505645886994898e-05 3.914810076821595430e-05 3.941880539059638977e-03 3.942828334402292967e-05
2.350000000000000000e+03 5.619234070763923228e-05 3.884480975102633238e-05 5.619234070763923228e-05 3.884480975102633238e-05 3.926981706172227859e-03 3.913080217898823321e-05
2.360000000000000000e+03 5.576386683969758451e-05 3.854389433399774134e-05 5.576386683969758451e-05 3.854389433399774134e-05 3.912129439413547516e-03 3.883536192006431520e-05
2.370000000000000000e+03 5.533913645194843411e-05 3.824571103905327618e-05 5.533913645194843411e-05 3.824571103905327618e-05 3.897359827533364296e-03 3.854267924907617271e-05
2.380000000000000000e+03 5.491828414960764349e-05 3.794989606831222773e-05 5.491828414960764349e-05 3.794989606831222773e-05 3.882655175402760506e-03 3.825239400612190366e-05
2.390000000000000000e+03 5.450161916087381542e-05 3.765630754060111940e-05 5.450161916087381542e-05 3.765630754060111940e-05 3.867988241836428642e-03 3.796394230448640883e-05
2.400000000000000000e+03 5.408876313595101237e-05 3.736507278517819941e-05 5.408876313595101237e-05 3.736507278517819941e-05 3.853395348414778709e-03 3.767802263610064983e-05
2.410000000000000000e+03 5.367965422919951379e-05 3.707615542225539684e-05 5.367965422919951379e-05 3.707615542225539684e-05 3.838849952444434166e-03 3.739411476999521255e-05
2.420000000000000000e+03 5.327419421519152820e-05 3.678985012811608613e-05 5.327419421519152820e-05 3.678985012811608613e-05 3.824390936642885208e-03 3.711294993991032243e-05
2.430000000000000000e+03 5.287268140818923712e-05 3.650549842859618366e-05 5.287268140818923712e-05 3.650549842859618366e-05 3.809959394857287407e-03 3.683338582050055265e-05
2.440000000000000000e+03 5.247412991593591869e-05 3.622408985393121839e-05 5.247412991593591869e-05 3.622408985393121839e-05 3.795655909925699234e-03 3.655733962659724057e-05
2.450000000000000000e+03 5.208034781389869750e-05 3.594395820982754230e-05 5.208034781389869750e-05 3.594395820982754230e-05 3.781300038099288940e-03 3.628132617450319231e-05
2.460000000000000000e+03 5.168981442693620920e-05 3.566601299098692834e-05 5.168981442693620920e-05 3.566601299098692834e-05 3.767025191336870193e-03 3.600791751523502171e-05
2.470000000000000000e+03 5.130303907208144665e-05 3.539031240507028997e-05 5.130303907208144665e-05 3.539031240507028997e-05 3.752797842025756836e-03 3.573644062271341681e-05
2.480000000000000000e+03 5.092244100524112582e-05 3.511483373586088419e-05 5.092244100524112582e-05 3.511483373586088419e-05 3.738389350473880768e-03 3.546255175024271011e-05
2.490000000000000000e+03 5.056829104432836175e-05 3.485305205686017871e-05 5.056829104432836175e-05 3.485305205686017871e-05 3.723598085343837738e-03 3.518248922773636878e-05
2.500000000000000000e+03 5.065675213700160384e-05 3.814998490270227194e-05 5.065675213700160384e-05 3.814998490270227194e-05 3.881588811054825783e-03 3.823138104053214192e-05
