# step, loss_train, loss_test, metrics_test
0.000000000000000000e+00 3.408107208088040352e-03 3.554192483425140381e-01 5.533547401428222656e-01 3.657405972480773926e-01 3.408107208088040352e-03 3.554192483425140381e-01 5.533547401428222656e-01 3.657405972480773926e-01 1.116747498512268066e+00 4.238657653331756592e-01
1.000000000000000000e+01 2.306853421032428741e-02 7.100204378366470337e-02 3.160205855965614319e-02 5.964557453989982605e-02 2.306853421032428741e-02 7.100204378366470337e-02 3.160205855965614319e-02 5.964557453989982605e-02 3.965826332569122314e-01 5.345468223094940186e-02
2.000000000000000000e+01 2.043556887656450272e-03 1.326708402484655380e-02 1.138902734965085983e-02 1.399000547826290131e-02 2.043556887656450272e-03 1.326708402484655380e-02 1.138902734965085983e-02 1.399000547826290131e-02 1.953591704368591309e-01 1.297137327492237091e-02
3.000000000000000000e+01 2.124140039086341858e-03 8.947528898715972900e-03 8.910748176276683807e-03 7.143199443817138672e-03 2.124140039086341858e-03 8.947528898715972900e-03 8.910748176276683807e-03 7.143199443817138672e-03 1.644846796989440918e-01 9.195371530950069427e-03
4.000000000000000000e+01 1.133342157118022442e-03 6.424993276596069336e-03 5.128215532749891281e-03 5.880670621991157532e-03 1.133342157118022442e-03 6.424993276596069336e-03 5.128215532749891281e-03 5.880670621991157532e-03 1.260518431663513184e-01 5.400286056101322174e-03
5.000000000000000000e+01 1.251382520422339439e-03 4.155547823756933212e-03 3.161625703796744347e-03 4.046324640512466431e-03 1.251382520422339439e-03 4.155547823756933212e-03 3.161625703796744347e-03 4.046324640512466431e-03 1.036368533968925476e-01 3.650454105809330940e-03
6.000000000000000000e+01 1.698322943411767483e-03 2.314170822501182556e-03 2.371638547629117966e-03 2.181176794692873955e-03 1.698322943411767483e-03 2.314170822501182556e-03 2.371638547629117966e-03 2.181176794692873955e-03 8.647720515727996826e-02 2.541684545576572418e-03
7.000000000000000000e+01 1.912899198941886425e-03 1.532323076389729977e-03 1.793444971553981304e-03 1.264588790945708752e-03 1.912899198941886425e-03 1.532323076389729977e-03 1.793444971553981304e-03 1.264588790945708752e-03 7.443475723266601562e-02 1.883085118606686592e-03
8.000000000000000000e+01 1.618161448277533054e-03 1.113859470933675766e-03 1.361203030683100224e-03 9.354377980343997478e-04 1.618161448277533054e-03 1.113859470933675766e-03 1.361203030683100224e-03 9.354377980343997478e-04 6.538207083940505981e-02 1.452900120057165623e-03
9.000000000000000000e+01 1.130298245698213577e-03 8.389949798583984375e-04 1.181084662675857544e-03 7.597639341838657856e-04 1.130298245698213577e-03 8.389949798583984375e-04 1.181084662675857544e-03 7.597639341838657856e-04 6.169438362121582031e-02 1.293628476560115814e-03
1.000000000000000000e+02 7.817277219146490097e-04 6.860683788545429707e-04 1.030016574077308178e-03 6.539488094858825207e-04 7.817277219146490097e-04 6.860683788545429707e-04 1.030016574077308178e-03 6.539488094858825207e-04 5.942013114690780640e-02 1.200011931359767914e-03
1.100000000000000000e+02 5.895867943763732910e-04 5.802875966764986515e-04 8.867029100656509399e-04 5.822409875690937042e-04 5.895867943763732910e-04 5.802875966764986515e-04 8.867029100656509399e-04 5.822409875690937042e-04 5.660003796219825745e-02 1.088809338398277760e-03
1.200000000000000000e+02 4.878211766481399536e-04 4.960999940522015095e-04 7.649792241863906384e-04 5.204570479691028595e-04 4.878211766481399536e-04 4.960999940522015095e-04 7.649792241863906384e-04 5.204570479691028595e-04 5.375881120562553406e-02 9.822401916608214378e-04
1.300000000000000000e+02 4.209850158076733351e-04 4.346590430941432714e-04 6.616141763515770435e-04 4.676022508647292852e-04 4.209850158076733351e-04 4.346590430941432714e-04 6.616141763515770435e-04 4.676022508647292852e-04 5.144381523132324219e-02 8.994659292511641979e-04
1.400000000000000000e+02 3.683751274365931749e-04 3.904187760781496763e-04 5.707919481210410595e-04 4.264764429535716772e-04 3.683751274365931749e-04 3.904187760781496763e-04 5.707919481210410595e-04 4.264764429535716772e-04 4.914705082774162292e-02 8.209435036405920982e-04
1.500000000000000000e+02 3.276889328844845295e-04 3.544225182849913836e-04 4.966423148289322853e-04 3.906501224264502525e-04 3.276889328844845295e-04 3.544225182849913836e-04 4.966423148289322853e-04 3.906501224264502525e-04 4.699042811989784241e-02 7.504766108468174934e-04
1.600000000000000000e+02 2.967725449707359076e-04 3.242402453906834126e-04 4.371102550067007542e-04 3.581759810913354158e-04 2.967725449707359076e-04 3.242402453906834126e-04 4.371102550067007542e-04 3.581759810913354158e-04 4.514600336551666260e-02 6.927187787368893623e-04
1.700000000000000000e+02 2.703650097828358412e-04 2.991629007738083601e-04 3.904951445292681456e-04 3.290723252575844526e-04 2.703650097828358412e-04 2.991629007738083601e-04 3.904951445292681456e-04 3.290723252575844526e-04 4.346679896116256714e-02 6.421459256671369076e-04
1.800000000000000000e+02 2.476975205354392529e-04 2.777624467853456736e-04 3.526850487105548382e-04 3.035002446267753839e-04 2.476975205354392529e-04 2.777624467853456736e-04 3.526850487105548382e-04 3.035002446267753839e-04 4.198322817683219910e-02 5.990595673210918903e-04
1.900000000000000000e+02 2.283976064063608646e-04 2.591630618553608656e-04 3.214095777366310358e-04 2.805327530950307846e-04 2.283976064063608646e-04 2.591630618553608656e-04 3.214095777366310358e-04 2.805327530950307846e-04 4.064372181892395020e-02 5.614425172097980976e-04
2.000000000000000000e+02 2.120027784258127213e-04 2.429046289762482047e-04 2.947541943285614252e-04 2.596488338895142078e-04 2.120027784258127213e-04 2.429046289762482047e-04 2.947541943285614252e-04 2.596488338895142078e-04 3.937998041510581970e-02 5.270713008940219879e-04
2.100000000000000000e+02 1.984428236028179526e-04 2.281477063661441207e-04 2.715460432227700949e-04 2.404248225502669811e-04 1.984428236028179526e-04 2.281477063661441207e-04 2.715460432227700949e-04 2.404248225502669811e-04 3.821042552590370178e-02 4.962289240211248398e-04
2.200000000000000000e+02 1.863411016529425979e-04 2.144184982171282172e-04 2.521622227504849434e-04 2.228473313152790070e-04 1.863411016529425979e-04 2.144184982171282172e-04 2.521622227504849434e-04 2.228473313152790070e-04 3.711279854178428650e-02 4.681292339228093624e-04
2.300000000000000000e+02 1.763468317221850157e-04 2.020181709667667747e-04 2.344640524825081229e-04 2.063879219349473715e-04 1.763468317221850157e-04 2.020181709667667747e-04 2.344640524825081229e-04 2.063879219349473715e-04 3.607392683625221252e-02 4.422880592755973339e-04
2.400000000000000000e+02 1.670402998570352793e-04 1.904432429000735283e-04 2.189844381064176559e-04 1.916987384902313352e-04 1.670402998570352793e-04 1.904432429000735283e-04 2.189844381064176559e-04 1.916987384902313352e-04 3.509800508618354797e-02 4.186809528619050980e-04
2.500000000000000000e+02 1.593585038790479302e-04 1.796243595890700817e-04 2.052140916930511594e-04 1.778778096195310354e-04 1.593585038790479302e-04 1.796243595890700817e-04 2.052140916930511594e-04 1.778778096195310354e-04 3.417276218533515930e-02 3.968977252952754498e-04
2.500000000000000000e+02 1.729528448777273297e-04 1.796243595890700817e-04 2.052140916930511594e-04 1.778778096195310354e-04 1.593585038790479302e-04 1.796243595890700817e-04 2.052140916930511594e-04 1.778778096195310354e-04 3.417276218533515930e-02 3.968977252952754498e-04
2.600000000000000000e+02 2.654059324413537979e-03 1.079197390936315060e-03 2.156741684302687645e-03 1.708727446384727955e-03 2.757431473582983017e-03 1.079197390936315060e-03 2.156741684302687645e-03 1.708727446384727955e-03 7.390084862709045410e-02 1.856167684309184551e-03
2.700000000000000000e+02 2.280919143231585622e-04 8.154444512911140919e-04 8.839263464324176311e-04 9.905097540467977524e-04 2.967783948406577110e-04 8.154444512911140919e-04 8.839263464324176311e-04 9.905097540467977524e-04 5.516758933663368225e-02 1.034394954331219196e-03
2.800000000000000000e+02 1.053298838087357581e-04 2.390792651567608118e-04 2.917367673944681883e-04 2.239324967376887798e-04 1.425781229045242071e-04 2.390792651567608118e-04 2.917367673944681883e-04 2.239324967376887798e-04 3.515621647238731384e-02 4.200709809083491564e-04
2.900000000000000000e+02 1.183929125545546412e-04 1.706706971162930131e-04 2.256752923130989075e-04 1.573366607772186399e-04 1.493321469752117991e-04 1.706706971162930131e-04 2.256752923130989075e-04 1.573366607772186399e-04 3.144194185733795166e-02 3.359983384143561125e-04
3.000000000000000000e+02 1.008460894809104502e-04 1.418533065589144826e-04 1.876766764326021075e-04 1.445357047487050295e-04 1.269345520995557308e-04 1.418533065589144826e-04 1.876766764326021075e-04 1.445357047487050295e-04 2.935712225735187531e-02 2.929175680037587881e-04
3.100000000000000000e+02 8.303212234750390053e-05 1.023018849082291126e-04 1.365112111670896411e-04 9.522186155663803220e-05 1.126357674365863204e-04 1.023018849082291126e-04 1.365112111670896411e-04 9.522186155663803220e-05 2.705002389848232269e-02 2.486873418092727661e-04
3.200000000000000000e+02 8.022218389669433236e-05 9.267188579542562366e-05 1.201134291477501392e-04 8.483255078317597508e-05 1.089622601284645498e-04 9.267188579542562366e-05 1.201134291477501392e-04 8.483255078317597508e-05 2.597325667738914490e-02 2.292826393386349082e-04
3.300000000000000000e+02 7.567465945612639189e-05 8.012918988242745399e-05 1.108905562432482839e-04 7.721559086348861456e-05 1.024456360028125346e-04 8.012918988242745399e-05 1.108905562432482839e-04 7.721559086348861456e-05 2.510702796280384064e-02 2.142441517207771540e-04
3.400000000000000000e+02 7.403935160255059600e-05 7.414915307890623808e-05 1.012110296869650483e-04 7.037234172457829118e-05 1.001871059997938573e-04 7.414915307890623808e-05 1.012110296869650483e-04 7.037234172457829118e-05 2.429587580263614655e-02 2.006243012147024274e-04
3.500000000000000000e+02 7.217979873530566692e-05 6.934646080480888486e-05 9.356591181131079793e-05 6.335291254799813032e-05 9.788080933503806591e-05 6.934646080480888486e-05 9.356591181131079793e-05 6.335291254799813032e-05 2.364866062998771667e-02 1.900778297567740083e-04
3.600000000000000000e+02 6.993611896177753806e-05 6.445001781685277820e-05 8.827901910990476608e-05 5.784640234196558595e-05 9.508428775006905198e-05 6.445001781685277820e-05 8.827901910990476608e-05 5.784640234196558595e-05 2.314014919102191925e-02 1.819913304643705487e-04
3.700000000000000000e+02 6.831166683696210384e-05 5.998638152959756553e-05 8.283441275125369430e-05 5.327755934558808804e-05 9.306222636951133609e-05 5.998638152959756553e-05 8.283441275125369430e-05 5.327755934558808804e-05 2.256910316646099091e-02 1.731198863126337528e-04
3.800000000000000000e+02 6.653557647950947285e-05 5.623689503408968449e-05 7.812980766175314784e-05 4.939238715451210737e-05 9.064121695701032877e-05 5.623689503408968449e-05 7.812980766175314784e-05 4.939238715451210737e-05 2.214315719902515411e-02 1.666470052441582084e-04
3.900000000000000000e+02 6.485796620836481452e-05 5.303556099534034729e-05 7.367892976617440581e-05 4.600387910613790154e-05 8.834860636852681637e-05 5.303556099534034729e-05 7.367892976617440581e-05 4.600387910613790154e-05 2.175749093294143677e-02 1.608925813343375921e-04
4.000000000000000000e+02 6.307537114480510354e-05 5.005046477890573442e-05 7.017458119662478566e-05 4.275979517842642963e-05 8.590601646574214101e-05 5.005046477890573442e-05 7.017458119662478566e-05 4.275979517842642963e-05 2.138241752982139587e-02 1.553931797388941050e-04
4.100000000000000000e+02 6.124458741396665573e-05 4.745248224935494363e-05 6.687446875730529428e-05 3.993468271801248193e-05 8.343294030055403709e-05 4.745248224935494363e-05 6.687446875730529428e-05 3.993468271801248193e-05 2.104883268475532532e-02 1.505824475316330791e-04
4.200000000000000000e+02 5.964384035905823112e-05 4.509891005000099540e-05 6.369667971739545465e-05 3.739353996934369206e-05 8.124458690872415900e-05 4.509891005000099540e-05 6.369667971739545465e-05 3.739353996934369206e-05 2.072988823056221008e-02 1.460536295780912042e-04
4.300000000000000000e+02 5.800449434900656343e-05 4.292672747396863997e-05 6.060988016542978585e-05 3.533800554578192532e-05 7.899753109086304903e-05 4.292672747396863997e-05 6.060988016542978585e-05 3.533800554578192532e-05 2.044896595180034637e-02 1.421219058101996779e-04
4.400000000000000000e+02 5.654289998346939683e-05 4.095726762898266315e-05 5.786054680356755853e-05 3.329548781039193273e-05 7.700301648583263159e-05 4.095726762898266315e-05 5.786054680356755853e-05 3.329548781039193273e-05 2.016965858638286591e-02 1.382660120725631714e-04
4.500000000000000000e+02 5.500973566086031497e-05 3.914872286259196699e-05 5.535675518331117928e-05 3.155483864247798920e-05 7.490965072065591812e-05 3.914872286259196699e-05 5.535675518331117928e-05 3.155483864247798920e-05 1.991406455636024475e-02 1.347839424852281809e-04
4.600000000000000000e+02 5.367996345739811659e-05 3.754403951461426914e-05 5.283495556795969605e-05 2.997373121615964919e-05 7.308844942599534988e-05 3.754403951461426914e-05 5.283495556795969605e-05 2.997373121615964919e-05 1.967065595090389252e-02 1.315091649303212762e-04
4.700000000000000000e+02 5.222410618443973362e-05 3.607886537793092430e-05 5.083999349153600633e-05 2.825438059517182410e-05 7.100970105966553092e-05 3.607886537793092430e-05 5.083999349153600633e-05 2.825438059517182410e-05 1.944018341600894928e-02 1.284455647692084312e-04
4.800000000000000000e+02 5.087759927846491337e-05 3.471689706202596426e-05 4.863862341153435409e-05 2.700229379115626216e-05 6.925554771441966295e-05 3.471689706202596426e-05 4.863862341153435409e-05 2.700229379115626216e-05 1.923434063792228699e-02 1.257398689631372690e-04
4.900000000000000000e+02 4.966085543856024742e-05 3.336954978294670582e-05 4.675791205954737961e-05 2.567204319348093122e-05 6.760620453860610723e-05 3.336954978294670582e-05 4.675791205954737961e-05 2.567204319348093122e-05 1.901630312204360962e-02 1.229053013958036900e-04
5.000000000000000000e+02 4.850676486967131495e-05 3.215463220840319991e-05 4.492626976571045816e-05 2.444810161250643432e-05 6.602334906347095966e-05 3.215463220840319991e-05 4.492626976571045816e-05 2.444810161250643432e-05 1.882727630436420441e-02 1.204739819513633847e-04
5.000000000000000000e+02 3.835009920294396579e-05 3.215463220840319991e-05 4.492626976571045816e-05 2.444810161250643432e-05 6.602334906347095966e-05 3.215463220840319991e-05 4.492626976571045816e-05 2.444810161250643432e-05 1.882727630436420441e-02 1.204739819513633847e-04
5.100000000000000000e+02 9.554155985824763775e-04 8.744942024350166321e-04 5.772716831415891647e-04 6.439624703489243984e-04 8.813304011709988117e-04 8.744942024350166321e-04 5.772716831415891647e-04 6.439624703489243984e-04 4.739132151007652283e-02 7.633365457877516747e-04
5.200000000000000000e+02 2.499662223272025585e-04 2.773557498585432768e-04 2.818606444634497166e-04 2.006863069254904985e-04 2.981144352816045284e-04 2.773557498585432768e-04 2.818606444634497166e-04 2.006863069254904985e-04 2.978519909083843231e-02 3.015222609974443913e-04
5.300000000000000000e+02 9.315589704783633351e-05 1.123834153986535966e-04 1.723156310617923737e-04 1.115905033657327294e-04 1.021348070935346186e-04 1.123834153986535966e-04 1.723156310617923737e-04 1.115905033657327294e-04 2.298895083367824554e-02 1.796208380255848169e-04
5.400000000000000000e+02 7.203651330200955272e-05 6.152700370876118541e-05 7.676354289287701249e-05 4.282408190192654729e-05 1.099187866202555597e-04 6.152700370876118541e-05 7.676354289287701249e-05 4.282408190192654729e-05 1.991376094520092010e-02 1.347798388451337814e-04
5.500000000000000000e+02 3.688742799567990005e-05 4.093724419362843037e-05 4.803675619768910110e-05 2.625433626235462725e-05 6.361700798152014613e-05 4.093724419362843037e-05 4.803675619768910110e-05 2.625433626235462725e-05 1.861048303544521332e-02 1.177155136247165501e-04
5.600000000000000000e+02 3.279386146459728479e-05 3.276214920333586633e-05 3.499588274280540645e-05 2.452491571602877229e-05 5.641626194119453430e-05 3.276214920333586633e-05 3.499588274280540645e-05 2.452491571602877229e-05 1.798005029559135437e-02 1.098753273254260421e-04
5.700000000000000000e+02 3.197158002876676619e-05 2.471687730576377362e-05 3.743049455806612968e-05 1.872304528660606593e-05 5.429693919722922146e-05 2.471687730576377362e-05 3.743049455806612968e-05 1.872304528660606593e-05 1.698130555450916290e-02 9.800777479540556669e-05
5.800000000000000000e+02 3.194457167410291731e-05 2.329878043383359909e-05 3.331661719130352139e-05 1.725656147755216807e-05 5.463547495310194790e-05 2.329878043383359909e-05 3.331661719130352139e-05 1.725656147755216807e-05 1.683754287660121918e-02 9.635536116547882557e-05
5.900000000000000000e+02 3.145512528135441244e-05 2.255406616313848644e-05 3.098403612966649234e-05 1.696947947493754327e-05 5.424292248790152371e-05 2.255406616313848644e-05 3.098403612966649234e-05 1.696947947493754327e-05 1.682943291962146759e-02 9.626253449823707342e-05
6.000000000000000000e+02 3.040314550162293017e-05 2.157678864023182541e-05 3.138495230814442039e-05 1.527791937405709177e-05 5.243174746283330023e-05 2.157678864023182541e-05 3.138495230814442039e-05 1.527791937405709177e-05 1.663740724325180054e-02 9.407832840224727988e-05
6.100000000000000000e+02 3.028722312592435628e-05 2.144074096577242017e-05 2.934907752205617726e-05 1.488130237703444436e-05 5.222485560807399452e-05 2.144074096577242017e-05 2.934907752205617726e-05 1.488130237703444436e-05 1.654100604355335236e-02 9.299129305873066187e-05
6.200000000000000000e+02 2.951781061710789800e-05 2.080624653899576515e-05 2.859099731722380966e-05 1.439425614080391824e-05 5.087186946184374392e-05 2.080624653899576515e-05 2.859099731722380966e-05 1.439425614080391824e-05 1.642110012471675873e-02 9.164796938421204686e-05
6.300000000000000000e+02 2.892198244808241725e-05 2.015827885770704597e-05 2.781425791908986866e-05 1.393439470120938495e-05 4.987962893210351467e-05 2.015827885770704597e-05 2.781425791908986866e-05 1.393439470120938495e-05 1.630401611328125000e-02 9.034571849042549729e-05
6.400000000000000000e+02 2.853013211279176176e-05 1.956521009560674429e-05 2.686078369151800871e-05 1.349521880911197513e-05 4.917365367873571813e-05 1.956521009560674429e-05 2.686078369151800871e-05 1.349521880911197513e-05 1.618045009672641754e-02 8.898146188585087657e-05
6.500000000000000000e+02 2.798654713842552155e-05 1.902575786516536027e-05 2.599523941171355546e-05 1.311394680669764057e-05 4.826512304134666920e-05 1.902575786516536027e-05 2.599523941171355546e-05 1.311394680669764057e-05 1.606506854295730591e-02 8.771696593612432480e-05
6.600000000000000000e+02 2.753030275925993919e-05 1.854986294347327203e-05 2.507361750758718699e-05 1.271802284463774413e-05 4.747975617647171021e-05 1.854986294347327203e-05 2.507361750758718699e-05 1.271802284463774413e-05 1.595884375274181366e-02 8.656080899527296424e-05
6.700000000000000000e+02 2.698802563827484846e-05 1.807646549423225224e-05 2.434121051919646561e-05 1.233028069691499695e-05 4.652743155020289123e-05 1.807646549423225224e-05 2.434121051919646561e-05 1.233028069691499695e-05 1.585528813302516937e-02 8.544105367036536336e-05
6.800000000000000000e+02 2.664634666871279478e-05 1.741967571433633566e-05 2.370901165704708546e-05 1.184915709018241614e-05 4.595513019012287259e-05 1.741967571433633566e-05 2.370901165704708546e-05 1.184915709018241614e-05 1.573712006211280823e-02 8.417227218160405755e-05
6.900000000000000000e+02 2.617608151922468096e-05 1.710018477751873434e-05 2.274315738759469241e-05 1.163004071713658050e-05 4.512585292104631662e-05 1.710018477751873434e-05 2.274315738759469241e-05 1.163004071713658050e-05 1.565458998084068298e-02 8.329169941134750843e-05
7.000000000000000000e+02 2.569188836787361652e-05 1.668206641625147313e-05 2.206566750828642398e-05 1.126669849327299744e-05 4.430831904755905271e-05 1.668206641625147313e-05 2.206566750828642398e-05 1.126669849327299744e-05 1.555680390447378159e-02 8.225440979003906250e-05
7.100000000000000000e+02 2.538002809160389006e-05 1.624862670723814517e-05 2.126051185769028962e-05 1.100100416806526482e-05 4.370424358057789505e-05 1.624862670723814517e-05 2.126051185769028962e-05 1.100100416806526482e-05 1.546036545187234879e-02 8.123776206048205495e-05
7.200000000000000000e+02 2.492665953468531370e-05 1.579683521413244307e-05 2.065134503936860710e-05 1.061851617123465985e-05 4.298936983104795218e-05 1.579683521413244307e-05 2.065134503936860710e-05 1.061851617123465985e-05 1.536474470049142838e-02 8.023595728445798159e-05
7.300000000000000000e+02 2.451478758302982897e-05 1.547563260828610510e-05 1.996012724703177810e-05 1.035868717735866085e-05 4.227867248118855059e-05 1.547563260828610510e-05 1.996012724703177810e-05 1.035868717735866085e-05 1.527591701596975327e-02 7.931091386126354337e-05
7.400000000000000000e+02 2.416561073914635926e-05 1.504284045950043947e-05 1.941543814609758556e-05 9.997238521464169025e-06 4.166930011706426740e-05 1.504284045950043947e-05 1.941543814609758556e-05 9.997238521464169025e-06 1.517971884459257126e-02 7.831516268197447062e-05
7.500000000000000000e+02 2.384621802775654942e-05 1.460155181121081114e-05 1.885938945633824915e-05 9.699468137114308774e-06 4.112459282623603940e-05 1.460155181121081114e-05 1.885938945633824915e-05 9.699468137114308774e-06 1.509543880820274353e-02 7.744793401798233390e-05
7.500000000000000000e+02 1.970660741790197790e-05 1.460155181121081114e-05 1.885938945633824915e-05 9.699468137114308774e-06 4.112459282623603940e-05 1.460155181121081114e-05 1.885938945633824915e-05 9.699468137114308774e-06 1.509543880820274353e-02 7.744793401798233390e-05
7.600000000000000000e+02 3.041131822101306170e-05 2.878403465729206800e-04 3.185096138622611761e-04 3.062130126636475325e-04 4.700573481386527419e-05 2.878403465729206800e-04 3.185096138622611761e-04 3.062130126636475325e-04 3.141828626394271851e-02 3.354928921908140182e-04
7.700000000000000000e+02 1.342001924058422446e-04 9.534513083053752780e-05 9.692502499092370272e-05 1.180354884127154946e-04 1.314752880716696382e-04 9.534513083053752780e-05 9.692502499092370272e-05 1.180354884127154946e-04 2.253025583922863007e-02 1.725244510453194380e-04
7.800000000000000000e+02 4.929880742565728724e-05 5.049688115832395852e-05 5.797252742922864854e-05 5.286354644340462983e-05 6.753462366759777069e-05 5.049688115832395852e-05 5.797252742922864854e-05 5.286354644340462983e-05 1.845299638807773590e-02 1.157316582975909114e-04
7.900000000000000000e+02 1.933989187818951905e-05 2.288830728502944112e-05 3.277658834122121334e-05 2.054997457889840007e-05 3.892900713253766298e-05 2.288830728502944112e-05 3.277658834122121334e-05 2.054997457889840007e-05 1.479891221970319748e-02 7.443513459293171763e-05
8.000000000000000000e+02 1.845220685936510563e-05 1.436950878996867687e-05 2.156180380552541465e-05 1.317803344136336818e-05 3.828179251286201179e-05 1.436950878996867687e-05 2.156180380552541465e-05 1.317803344136336818e-05 1.407232880592346191e-02 6.730546738253906369e-05
8.100000000000000000e+02 2.134633359673898667e-05 1.375695865135639906e-05 1.381383935949997976e-05 1.034665365295950323e-05 4.174425339442677796e-05 1.375695865135639906e-05 1.381383935949997976e-05 1.034665365295950323e-05 1.432452257722616196e-02 6.973948620725423098e-05
8.200000000000000000e+02 1.784108826541341841e-05 1.171207350125769153e-05 1.727097333059646189e-05 7.819464372005313635e-06 3.695950726978480816e-05 1.171207350125769153e-05 1.727097333059646189e-05 7.819464372005313635e-06 1.387869380414485931e-02 6.546596705447882414e-05
8.300000000000000000e+02 1.796336982806678861e-05 1.187172347272280604e-05 1.331838757323566824e-05 7.716082109254784882e-06 3.735891732503660023e-05 1.187172347272280604e-05 1.331838757323566824e-05 7.716082109254784882e-06 1.398493628948926926e-02 6.647209374932572246e-05
8.400000000000000000e+02 1.706195143924560398e-05 1.112791051127715036e-05 1.397662254021270201e-05 7.130007361411117017e-06 3.558471144060604274e-05 1.112791051127715036e-05 1.397662254021270201e-05 7.130007361411117017e-06 1.372116524726152420e-02 6.398827827069908381e-05
8.500000000000000000e+02 1.675749808782711625e-05 1.082549351849593222e-05 1.335072192887309939e-05 7.136075510061345994e-06 3.494065822451375425e-05 1.082549351849593222e-05 1.335072192887309939e-05 7.136075510061345994e-06 1.378125790506601334e-02 6.454998947447165847e-05
8.600000000000000000e+02 1.661827809584792703e-05 1.077094384527299553e-05 1.285150938201695681e-05 7.043036021059378982e-06 3.467032729531638324e-05 1.077094384527299553e-05 1.285150938201695681e-05 7.043036021059378982e-06 1.371271070092916489e-02 6.390945054590702057e-05
8.700000000000000000e+02 1.628742575121577829e-05 1.046104807755909860e-05 1.282571793126408011e-05 6.793598458898486570e-06 3.398705666768364608e-05 1.046104807755909860e-05 1.282571793126408011e-05 6.793598458898486570e-06 1.364875305444002151e-02 6.331467739073559642e-05
8.800000000000000000e+02 1.607689773663878441e-05 1.028975475492188707e-05 1.252959918929263949e-05 6.640299488935852423e-06 3.349548569531179965e-05 1.028975475492188707e-05 1.252959918929263949e-05 6.640299488935852423e-06 1.361149735748767853e-02 6.296949868556112051e-05
8.900000000000000000e+02 1.587741462572012097e-05 1.006459115160396323e-05 1.232029626407893375e-05 6.536823093483690172e-06 3.310357715236023068e-05 1.006459115160396323e-05 1.232029626407893375e-05 6.536823093483690172e-06 1.355467457324266434e-02 6.244483665795996785e-05
9.000000000000000000e+02 1.571700704516842961e-05 9.932797183864749968e-06 1.197534584207460284e-05 6.419522378564579412e-06 3.274695336585864425e-05 9.932797183864749968e-06 1.197534584207460284e-05 6.419522378564579412e-06 1.352187618613243103e-02 6.214301538420841098e-05
9.100000000000000000e+02 1.551991954329423606e-05 9.781974767975043505e-06 1.165438789030304179e-05 6.311732704489259049e-06 3.237387136323377490e-05 9.781974767975043505e-06 1.165438789030304179e-05 6.311732704489259049e-06 1.347315218299627304e-02 6.169597327243536711e-05
9.200000000000000000e+02 1.536168201710097492e-05 9.674551620264537632e-06 1.125507060351083055e-05 6.250689693843014538e-06 3.203761298209428787e-05 9.674551620264537632e-06 1.125507060351083055e-05 6.250689693843014538e-06 1.343269646167755127e-02 6.132601993158459663e-05
9.300000000000000000e+02 1.523293394711799920e-05 9.463425158173777163e-06 1.105405226553557441e-05 6.015249709889758378e-06 3.176685640937648714e-05 9.463425158173777163e-06 1.105405226553557441e-05 6.015249709889758378e-06 1.338224206119775772e-02 6.086619396228343248e-05
9.400000000000000000e+02 1.500428243161877617e-05 9.278612196794711053e-06 1.085657095245551318e-05 5.920322564634261653e-06 3.127564923488534987e-05 9.278612196794711053e-06 1.085657095245551318e-05 5.920322564634261653e-06 1.333373133093118668e-02 6.042572204023599625e-05
9.500000000000000000e+02 1.483785854361485690e-05 9.068049621419049799e-06 1.058734142134198919e-05 5.855884865013649687e-06 3.095554347964935005e-05 9.068049621419049799e-06 1.058734142134198919e-05 5.855884865013649687e-06 1.328883226960897446e-02 6.001945439493283629e-05
9.600000000000000000e+02 1.474508735554991290e-05 8.901201908884104341e-06 1.035035256791161373e-05 5.634471563098486513e-06 3.076772554777562618e-05 8.901201908884104341e-06 1.035035256791161373e-05 5.634471563098486513e-06 1.322002150118350983e-02 5.939948459854349494e-05
9.700000000000000000e+02 1.451635216653812677e-05 8.758156582189258188e-06 1.009329480439191684e-05 5.588833573710871860e-06 3.026209924428258091e-05 8.758156582189258188e-06 1.009329480439191684e-05 5.588833573710871860e-06 1.318823825567960739e-02 5.911421249038539827e-05
9.800000000000000000e+02 1.439522657165070996e-05 8.631544005766045302e-06 9.840997336141299456e-06 5.416573458205675706e-06 3.001270488312002271e-05 8.631544005766045302e-06 9.840997336141299456e-06 5.416573458205675706e-06 1.314751524478197098e-02 5.874971247976645827e-05
9.900000000000000000e+02 1.424620859324932098e-05 8.566205906390678138e-06 9.461196896154433489e-06 5.373991371016018093e-06 2.972982110804878175e-05 8.566205906390678138e-06 9.461196896154433489e-06 5.373991371016018093e-06 1.312224287539720535e-02 5.852407412021420896e-05
1.000000000000000000e+03 1.422749755874974653e-05 8.305425581056624651e-06 9.219804269378073514e-06 5.420224169938592240e-06 2.968513399537187070e-05 8.305425581056624651e-06 9.219804269378073514e-06 5.420224169938592240e-06 1.308006234467029572e-02 5.814843098050914705e-05
