# step, loss_train, loss_test, metrics_test
0.000000000000000000e+00 5.764575004577636719e+00 1.867831420898437500e+01 5.764575004577636719e+00 1.867831420898437500e+01 9.989398717880249023e-01 1.401815795898437500e+03
1.000000000000000000e+01 1.198064982891082764e-01 1.901270103454589844e+01 1.198064982891082764e-01 1.901270103454589844e+01 1.033785820007324219e+00 1.501320678710937500e+03
2.000000000000000000e+01 4.283775761723518372e-02 1.858684158325195312e+01 4.283775761723518372e-02 1.858684158325195312e+01 1.020395278930664062e+00 1.462679565429687500e+03
3.000000000000000000e+01 1.180631760507822037e-02 1.850123596191406250e+01 1.180631760507822037e-02 1.850123596191406250e+01 1.019535899162292480e+00 1.460216674804687500e+03
4.000000000000000000e+01 8.601467125117778778e-03 1.844172286987304688e+01 8.601467125117778778e-03 1.844172286987304688e+01 1.022602200508117676e+00 1.469013183593750000e+03
5.000000000000000000e+01 6.042038090527057648e-03 1.842100334167480469e+01 6.042038090527057648e-03 1.842100334167480469e+01 1.019769668579101562e+00 1.460886596679687500e+03
6.000000000000000000e+01 2.316725440323352814e-03 1.841259765625000000e+01 2.316725440323352814e-03 1.841259765625000000e+01 1.018974423408508301e+00 1.458608764648437500e+03
7.000000000000000000e+01 2.107872394844889641e-03 1.840769767761230469e+01 2.107872394844889641e-03 1.840769767761230469e+01 1.019308090209960938e+00 1.459564331054687500e+03
8.000000000000000000e+01 1.472810516133904457e-03 1.840491104125976562e+01 1.472810516133904457e-03 1.840491104125976562e+01 1.018508553504943848e+00 1.457275390625000000e+03
9.000000000000000000e+01 1.218075165525078773e-03 1.840317535400390625e+01 1.218075165525078773e-03 1.840317535400390625e+01 1.018347024917602539e+00 1.456813476562500000e+03
1.000000000000000000e+02 1.016467926092445850e-03 1.840205383300781250e+01 1.016467926092445850e-03 1.840205383300781250e+01 1.018282532691955566e+00 1.456629028320312500e+03
1.100000000000000000e+02 8.733038557693362236e-04 1.840126609802246094e+01 8.733038557693362236e-04 1.840126609802246094e+01 1.018055796623229980e+00 1.455979980468750000e+03
1.200000000000000000e+02 7.651593186892569065e-04 1.840066337585449219e+01 7.651593186892569065e-04 1.840066337585449219e+01 1.017948865890502930e+00 1.455674316406250000e+03
1.300000000000000000e+02 6.725985440425574780e-04 1.840019035339355469e+01 6.725985440425574780e-04 1.840019035339355469e+01 1.017820715904235840e+00 1.455307739257812500e+03
1.400000000000000000e+02 5.966600729152560234e-04 1.839981079101562500e+01 5.966600729152560234e-04 1.839981079101562500e+01 1.017728567123413086e+00 1.455044433593750000e+03
1.500000000000000000e+02 5.316521856002509594e-04 1.839949798583984375e+01 5.316521856002509594e-04 1.839949798583984375e+01 1.017635226249694824e+00 1.454777465820312500e+03
1.600000000000000000e+02 4.771992389578372240e-04 1.839923667907714844e+01 4.771992389578372240e-04 1.839923667907714844e+01 1.017560601234436035e+00 1.454564086914062500e+03
1.700000000000000000e+02 4.309274954721331596e-04 1.839901542663574219e+01 4.309274954721331596e-04 1.839901542663574219e+01 1.017490744590759277e+00 1.454364257812500000e+03
1.800000000000000000e+02 3.912808606401085854e-04 1.839880943298339844e+01 3.912808606401085854e-04 1.839880943298339844e+01 1.017431855201721191e+00 1.454196044921875000e+03
1.900000000000000000e+02 3.571615961845964193e-04 1.839864540100097656e+01 3.571615961845964193e-04 1.839864540100097656e+01 1.017374515533447266e+00 1.454032348632812500e+03
2.000000000000000000e+02 3.282266843598335981e-04 1.839847755432128906e+01 3.282266843598335981e-04 1.839847755432128906e+01 1.017325758934020996e+00 1.453892700195312500e+03
2.100000000000000000e+02 3.030424995813518763e-04 1.839834213256835938e+01 3.030424995813518763e-04 1.839834213256835938e+01 1.017279982566833496e+00 1.453762084960937500e+03
2.200000000000000000e+02 2.808273420669138432e-04 1.839822006225585938e+01 2.808273420669138432e-04 1.839822006225585938e+01 1.017238497734069824e+00 1.453643432617187500e+03
2.300000000000000000e+02 2.612248354125767946e-04 1.839809989929199219e+01 2.612248354125767946e-04 1.839809989929199219e+01 1.017201423645019531e+00 1.453537353515625000e+03
2.400000000000000000e+02 2.443949924781918526e-04 1.839798736572265625e+01 2.443949924781918526e-04 1.839798736572265625e+01 1.017169713973999023e+00 1.453446655273437500e+03
2.500000000000000000e+02 2.288312389282509685e-04 1.839790153503417969e+01 2.288312389282509685e-04 1.839790153503417969e+01 1.017141699790954590e+00 1.453366455078125000e+03
2.600000000000000000e+02 2.154467074433341622e-04 1.839781379699707031e+01 2.154467074433341622e-04 1.839781379699707031e+01 1.017112612724304199e+00 1.453283569335937500e+03
2.700000000000000000e+02 2.031460026046261191e-04 1.839772605895996094e+01 2.031460026046261191e-04 1.839772605895996094e+01 1.017089366912841797e+00 1.453217041015625000e+03
2.800000000000000000e+02 1.920726790558546782e-04 1.839764785766601562e+01 1.920726790558546782e-04 1.839764785766601562e+01 1.017067670822143555e+00 1.453155029296875000e+03
2.900000000000000000e+02 1.819286262616515160e-04 1.839758110046386719e+01 1.819286262616515160e-04 1.839758110046386719e+01 1.017047643661499023e+00 1.453097900390625000e+03
3.000000000000000000e+02 1.729072246234863997e-04 1.839752769470214844e+01 1.729072246234863997e-04 1.839752769470214844e+01 1.017031908035278320e+00 1.453052856445312500e+03
3.100000000000000000e+02 1.643197610974311829e-04 1.839746284484863281e+01 1.643197610974311829e-04 1.839746284484863281e+01 1.017018079757690430e+00 1.453013671875000000e+03
3.200000000000000000e+02 1.564810081617906690e-04 1.839742660522460938e+01 1.564810081617906690e-04 1.839742660522460938e+01 1.017004489898681641e+00 1.452974731445312500e+03
3.300000000000000000e+02 1.494403695687651634e-04 1.839737510681152344e+01 1.494403695687651634e-04 1.839737510681152344e+01 1.016992092132568359e+00 1.452939086914062500e+03
3.400000000000000000e+02 1.424718939233571291e-04 1.839733314514160156e+01 1.424718939233571291e-04 1.839733314514160156e+01 1.016983270645141602e+00 1.452914184570312500e+03
3.500000000000000000e+02 1.362490293104201555e-04 1.839728164672851562e+01 1.362490293104201555e-04 1.839728164672851562e+01 1.016975045204162598e+00 1.452890380859375000e+03
3.600000000000000000e+02 1.304177858401089907e-04 1.839726066589355469e+01 1.304177858401089907e-04 1.839726066589355469e+01 1.016970157623291016e+00 1.452876464843750000e+03
3.700000000000000000e+02 1.248020562343299389e-04 1.839722633361816406e+01 1.248020562343299389e-04 1.839722633361816406e+01 1.016960740089416504e+00 1.452849731445312500e+03
3.800000000000000000e+02 1.196202429127879441e-04 1.839719009399414062e+01 1.196202429127879441e-04 1.839719009399414062e+01 1.016957759857177734e+00 1.452841064453125000e+03
3.900000000000000000e+02 1.147179282270371914e-04 1.839717102050781250e+01 1.147179282270371914e-04 1.839717102050781250e+01 1.016953825950622559e+00 1.452829833984375000e+03
4.000000000000000000e+02 1.102034875657409430e-04 1.839713668823242188e+01 1.102034875657409430e-04 1.839713668823242188e+01 1.016951799392700195e+00 1.452824096679687500e+03
4.100000000000000000e+02 1.057837143889628351e-04 1.839711952209472656e+01 1.057837143889628351e-04 1.839711952209472656e+01 1.016949295997619629e+00 1.452816894531250000e+03
4.200000000000000000e+02 1.014240988297387958e-04 1.839710235595703125e+01 1.014240988297387958e-04 1.839710235595703125e+01 1.016945242881774902e+00 1.452805297851562500e+03
4.300000000000000000e+02 9.756888903211802244e-05 1.839707946777343750e+01 9.756888903211802244e-05 1.839707946777343750e+01 1.016943454742431641e+00 1.452800292968750000e+03
4.400000000000000000e+02 9.378582035424187779e-05 1.839708137512207031e+01 9.378582035424187779e-05 1.839708137512207031e+01 1.016946315765380859e+00 1.452808349609375000e+03
4.500000000000000000e+02 9.014114766614511609e-05 1.839705085754394531e+01 9.014114766614511609e-05 1.839705085754394531e+01 1.016946434974670410e+00 1.452808593750000000e+03
4.600000000000000000e+02 8.671235264046117663e-05 1.839703559875488281e+01 8.671235264046117663e-05 1.839703559875488281e+01 1.016944766044616699e+00 1.452803833007812500e+03
4.700000000000000000e+02 8.342976798303425312e-05 1.839702796936035156e+01 8.342976798303425312e-05 1.839702796936035156e+01 1.016943693161010742e+00 1.452801025390625000e+03
4.800000000000000000e+02 8.026614523259922862e-05 1.839701461791992188e+01 8.026614523259922862e-05 1.839701461791992188e+01 1.016945481300354004e+00 1.452806152343750000e+03
4.900000000000000000e+02 7.718426786595955491e-05 1.839699935913085938e+01 7.718426786595955491e-05 1.839699935913085938e+01 1.016946792602539062e+00 1.452810058593750000e+03
5.000000000000000000e+02 7.438548345817252994e-05 1.839701080322265625e+01 7.438548345817252994e-05 1.839701080322265625e+01 1.016949772834777832e+00 1.452818603515625000e+03
5.100000000000000000e+02 7.162436668295413256e-05 1.839698600769042969e+01 7.162436668295413256e-05 1.839698600769042969e+01 1.016952276229858398e+00 1.452825683593750000e+03
5.200000000000000000e+02 6.899979780428111553e-05 1.839698791503906250e+01 6.899979780428111553e-05 1.839698791503906250e+01 1.016952514648437500e+00 1.452826416015625000e+03
5.300000000000000000e+02 6.651615694863721728e-05 1.839695930480957031e+01 6.651615694863721728e-05 1.839695930480957031e+01 1.016956448554992676e+00 1.452837280273437500e+03
5.400000000000000000e+02 6.401720020221546292e-05 1.839696121215820312e+01 6.401720020221546292e-05 1.839696121215820312e+01 1.016957163810729980e+00 1.452839721679687500e+03
5.500000000000000000e+02 6.174846203066408634e-05 1.839695739746093750e+01 6.174846203066408634e-05 1.839695739746093750e+01 1.016958475112915039e+00 1.452843261718750000e+03
5.600000000000000000e+02 5.949674596195109189e-05 1.839695167541503906e+01 5.949674596195109189e-05 1.839695167541503906e+01 1.016959309577941895e+00 1.452845458984375000e+03
5.700000000000000000e+02 5.735882950830273330e-05 1.839694786071777344e+01 5.735882950830273330e-05 1.839694786071777344e+01 1.016965389251708984e+00 1.452863037109375000e+03
5.800000000000000000e+02 5.533952207770198584e-05 1.839694404602050781e+01 5.533952207770198584e-05 1.839694404602050781e+01 1.016965866088867188e+00 1.452864624023437500e+03
5.900000000000000000e+02 5.338982009561732411e-05 1.839694404602050781e+01 5.338982009561732411e-05 1.839694404602050781e+01 1.016968846321105957e+00 1.452872680664062500e+03
6.000000000000000000e+02 5.152061930857598782e-05 1.839692878723144531e+01 5.152061930857598782e-05 1.839692878723144531e+01 1.016971468925476074e+00 1.452880371093750000e+03
6.100000000000000000e+02 4.974643525201827288e-05 1.839693832397460938e+01 4.974643525201827288e-05 1.839693832397460938e+01 1.016974449157714844e+00 1.452888916015625000e+03
6.200000000000000000e+02 4.800173701369203627e-05 1.839691543579101562e+01 4.800173701369203627e-05 1.839691543579101562e+01 1.016975998878479004e+00 1.452893310546875000e+03
6.300000000000000000e+02 4.632291165762580931e-05 1.839692687988281250e+01 4.632291165762580931e-05 1.839692687988281250e+01 1.016979932785034180e+00 1.452904296875000000e+03
6.400000000000000000e+02 4.485457247938029468e-05 1.839692306518554688e+01 4.485457247938029468e-05 1.839692306518554688e+01 1.016982078552246094e+00 1.452910766601562500e+03
6.500000000000000000e+02 4.322360473452135921e-05 1.839691734313964844e+01 4.322360473452135921e-05 1.839691734313964844e+01 1.016983747482299805e+00 1.452915283203125000e+03
6.600000000000000000e+02 4.174932837486267090e-05 1.839691925048828125e+01 4.174932837486267090e-05 1.839691925048828125e+01 1.016986012458801270e+00 1.452921875000000000e+03
6.700000000000000000e+02 4.038308543385937810e-05 1.839692687988281250e+01 4.038308543385937810e-05 1.839692687988281250e+01 1.016989827156066895e+00 1.452932495117187500e+03
6.800000000000000000e+02 3.904857294401153922e-05 1.839692115783691406e+01 3.904857294401153922e-05 1.839692115783691406e+01 1.016991496086120605e+00 1.452937255859375000e+03
6.900000000000000000e+02 3.777907477342523634e-05 1.839691162109375000e+01 3.777907477342523634e-05 1.839691162109375000e+01 1.016994476318359375e+00 1.452946166992187500e+03
7.000000000000000000e+02 3.660420043161138892e-05 1.839692115783691406e+01 3.660420043161138892e-05 1.839692115783691406e+01 1.016995429992675781e+00 1.452948974609375000e+03
7.100000000000000000e+02 3.535283030942082405e-05 1.839690971374511719e+01 3.535283030942082405e-05 1.839690971374511719e+01 1.016997933387756348e+00 1.452955566406250000e+03
7.200000000000000000e+02 3.430240758461877704e-05 1.839691925048828125e+01 3.430240758461877704e-05 1.839691925048828125e+01 1.017001867294311523e+00 1.452967041015625000e+03
7.300000000000000000e+02 3.308500890852883458e-05 1.839690780639648438e+01 3.308500890852883458e-05 1.839690780639648438e+01 1.017004370689392090e+00 1.452974731445312500e+03
7.400000000000000000e+02 3.205921893822960556e-05 1.839691352844238281e+01 3.205921893822960556e-05 1.839691352844238281e+01 1.017005681991577148e+00 1.452978149414062500e+03
7.500000000000000000e+02 3.116069638053886592e-05 1.839691543579101562e+01 3.116069638053886592e-05 1.839691543579101562e+01 1.017009019851684570e+00 1.452987548828125000e+03
7.600000000000000000e+02 3.015893162228167057e-05 1.839690208435058594e+01 3.015893162228167057e-05 1.839690208435058594e+01 1.017010927200317383e+00 1.452992919921875000e+03
7.700000000000000000e+02 2.928163303295150399e-05 1.839690780639648438e+01 2.928163303295150399e-05 1.839690780639648438e+01 1.017014145851135254e+00 1.453002319335937500e+03
7.800000000000000000e+02 2.840855268004816025e-05 1.839690208435058594e+01 2.840855268004816025e-05 1.839690208435058594e+01 1.017016291618347168e+00 1.453008300781250000e+03
7.900000000000000000e+02 2.754176966845989227e-05 1.839690589904785156e+01 2.754176966845989227e-05 1.839690589904785156e+01 1.017018556594848633e+00 1.453014892578125000e+03
8.000000000000000000e+02 2.673974267963785678e-05 1.839690971374511719e+01 2.673974267963785678e-05 1.839690971374511719e+01 1.017019987106323242e+00 1.453018798828125000e+03
8.100000000000000000e+02 2.595832120277918875e-05 1.839690589904785156e+01 2.595832120277918875e-05 1.839690589904785156e+01 1.017022728919982910e+00 1.453026977539062500e+03
8.200000000000000000e+02 2.512315222702454776e-05 1.839690017700195312e+01 2.512315222702454776e-05 1.839690017700195312e+01 1.017025232315063477e+00 1.453034057617187500e+03
8.300000000000000000e+02 2.448452505632303655e-05 1.839689826965332031e+01 2.448452505632303655e-05 1.839689826965332031e+01 1.017027378082275391e+00 1.453039916992187500e+03
8.400000000000000000e+02 2.379100806138012558e-05 1.839689826965332031e+01 2.379100806138012558e-05 1.839689826965332031e+01 1.017029523849487305e+00 1.453046264648437500e+03
8.500000000000000000e+02 2.312397009518463165e-05 1.839690208435058594e+01 2.312397009518463165e-05 1.839690208435058594e+01 1.017031788825988770e+00 1.453052856445312500e+03
8.600000000000000000e+02 2.250920988444704562e-05 1.839690017700195312e+01 2.250920988444704562e-05 1.839690017700195312e+01 1.017033100128173828e+00 1.453056274414062500e+03
8.700000000000000000e+02 2.190968007198534906e-05 1.839689826965332031e+01 2.190968007198534906e-05 1.839689826965332031e+01 1.017035007476806641e+00 1.453061645507812500e+03
8.800000000000000000e+02 2.129816857632249594e-05 1.839689826965332031e+01 2.129816857632249594e-05 1.839689826965332031e+01 1.017036795616149902e+00 1.453067016601562500e+03
8.900000000000000000e+02 2.064455657091457397e-05 1.839689636230468750e+01 2.064455657091457397e-05 1.839689636230468750e+01 1.017038226127624512e+00 1.453071166992187500e+03
9.000000000000000000e+02 2.017465885728597641e-05 1.839690017700195312e+01 2.017465885728597641e-05 1.839690017700195312e+01 1.017039418220520020e+00 1.453074340820312500e+03
9.100000000000000000e+02 1.962208079930860549e-05 1.839690589904785156e+01 1.962208079930860549e-05 1.839690589904785156e+01 1.017042279243469238e+00 1.453082519531250000e+03
9.200000000000000000e+02 1.909132697619497776e-05 1.839689636230468750e+01 1.909132697619497776e-05 1.839689636230468750e+01 1.017043113708496094e+00 1.453085083007812500e+03
9.300000000000000000e+02 1.859920666902326047e-05 1.839690017700195312e+01 1.859920666902326047e-05 1.839690017700195312e+01 1.017044663429260254e+00 1.453089355468750000e+03
9.400000000000000000e+02 1.817031079553999007e-05 1.839689636230468750e+01 1.817031079553999007e-05 1.839689636230468750e+01 1.017046809196472168e+00 1.453095581054687500e+03
9.500000000000000000e+02 1.767552021192386746e-05 1.839689636230468750e+01 1.767552021192386746e-05 1.839689636230468750e+01 1.017048120498657227e+00 1.453099243164062500e+03
9.600000000000000000e+02 1.723842797218821943e-05 1.839690780639648438e+01 1.723842797218821943e-05 1.839690780639648438e+01 1.017050504684448242e+00 1.453106079101562500e+03
9.700000000000000000e+02 1.680720743024721742e-05 1.839691352844238281e+01 1.680720743024721742e-05 1.839691352844238281e+01 1.017051458358764648e+00 1.453109008789062500e+03
9.800000000000000000e+02 1.646894634177442640e-05 1.839689636230468750e+01 1.646894634177442640e-05 1.839689636230468750e+01 1.017053127288818359e+00 1.453113647460937500e+03
9.900000000000000000e+02 1.603409145900513977e-05 1.839689826965332031e+01 1.603409145900513977e-05 1.839689826965332031e+01 1.017055392265319824e+00 1.453120239257812500e+03
1.000000000000000000e+03 1.571306893310975283e-05 1.839690780639648438e+01 1.571306893310975283e-05 1.839690780639648438e+01 1.017056584358215332e+00 1.453123657226562500e+03
1.010000000000000000e+03 1.528524444438517094e-05 1.839690399169921875e+01 1.528524444438517094e-05 1.839690399169921875e+01 1.017057657241821289e+00 1.453126708984375000e+03
1.020000000000000000e+03 1.493169202149147168e-05 1.839689636230468750e+01 1.493169202149147168e-05 1.839689636230468750e+01 1.017059564590454102e+00 1.453132446289062500e+03
1.030000000000000000e+03 1.460311705159256235e-05 1.839690208435058594e+01 1.460311705159256235e-05 1.839690208435058594e+01 1.017059803009033203e+00 1.453132690429687500e+03
1.040000000000000000e+03 1.427697407052619383e-05 1.839689445495605469e+01 1.427697407052619383e-05 1.839689445495605469e+01 1.017060995101928711e+00 1.453136230468750000e+03
1.050000000000000000e+03 1.386892017762875184e-05 1.839689254760742188e+01 1.386892017762875184e-05 1.839689254760742188e+01 1.017062187194824219e+00 1.453139526367187500e+03
1.060000000000000000e+03 1.356365828542038798e-05 1.839689254760742188e+01 1.356365828542038798e-05 1.839689254760742188e+01 1.017063736915588379e+00 1.453143798828125000e+03
1.070000000000000000e+03 1.327856261923443526e-05 1.839690017700195312e+01 1.327856261923443526e-05 1.839690017700195312e+01 1.017064690589904785e+00 1.453146606445312500e+03
1.080000000000000000e+03 1.301386510021984577e-05 1.839689445495605469e+01 1.301386510021984577e-05 1.839689445495605469e+01 1.017066240310668945e+00 1.453151000976562500e+03
1.090000000000000000e+03 1.270702068723039702e-05 1.839690208435058594e+01 1.270702068723039702e-05 1.839690208435058594e+01 1.017067551612854004e+00 1.453154907226562500e+03
1.100000000000000000e+03 1.241072095581330359e-05 1.839689636230468750e+01 1.241072095581330359e-05 1.839689636230468750e+01 1.017067790031433105e+00 1.453155517578125000e+03
1.110000000000000000e+03 1.216955297422828153e-05 1.839690017700195312e+01 1.216955297422828153e-05 1.839690017700195312e+01 1.017070055007934570e+00 1.453161743164062500e+03
1.120000000000000000e+03 1.191511182696558535e-05 1.839690017700195312e+01 1.191511182696558535e-05 1.839690017700195312e+01 1.017071008682250977e+00 1.453164428710937500e+03
1.130000000000000000e+03 1.164653986052144319e-05 1.839689826965332031e+01 1.164653986052144319e-05 1.839689826965332031e+01 1.017071962356567383e+00 1.453167236328125000e+03
1.140000000000000000e+03 1.142343717219773680e-05 1.839689636230468750e+01 1.142343717219773680e-05 1.839689636230468750e+01 1.017073035240173340e+00 1.453170654296875000e+03
1.150000000000000000e+03 1.114448423322755843e-05 1.839690017700195312e+01 1.114448423322755843e-05 1.839690017700195312e+01 1.017073988914489746e+00 1.453173339843750000e+03
1.160000000000000000e+03 1.092346155928680673e-05 1.839689445495605469e+01 1.092346155928680673e-05 1.839689445495605469e+01 1.017075300216674805e+00 1.453177124023437500e+03
1.170000000000000000e+03 1.069159588951151818e-05 1.839690017700195312e+01 1.069159588951151818e-05 1.839690017700195312e+01 1.017076373100280762e+00 1.453180175781250000e+03
1.180000000000000000e+03 1.045912813424365595e-05 1.839690780639648438e+01 1.045912813424365595e-05 1.839690780639648438e+01 1.017076253890991211e+00 1.453179687500000000e+03
1.190000000000000000e+03 1.027136477205203846e-05 1.839690589904785156e+01 1.027136477205203846e-05 1.839690589904785156e+01 1.017078280448913574e+00 1.453185424804687500e+03
1.200000000000000000e+03 1.003005763777764514e-05 1.839689636230468750e+01 1.003005763777764514e-05 1.839689636230468750e+01 1.017079114913940430e+00 1.453188110351562500e+03
1.210000000000000000e+03 9.830846465774811804e-06 1.839689636230468750e+01 9.830846465774811804e-06 1.839689636230468750e+01 1.017080426216125488e+00 1.453191650390625000e+03
1.220000000000000000e+03 9.643238627177197486e-06 1.839690017700195312e+01 9.643238627177197486e-06 1.839690017700195312e+01 1.017081499099731445e+00 1.453194824218750000e+03
1.230000000000000000e+03 9.439444511372130364e-06 1.839689636230468750e+01 9.439444511372130364e-06 1.839689636230468750e+01 1.017081379890441895e+00 1.453194335937500000e+03
1.240000000000000000e+03 9.308988410339225084e-06 1.839689636230468750e+01 9.308988410339225084e-06 1.839689636230468750e+01 1.017082929611206055e+00 1.453198974609375000e+03
1.250000000000000000e+03 9.063464858627412468e-06 1.839690017700195312e+01 9.063464858627412468e-06 1.839690017700195312e+01 1.017083406448364258e+00 1.453200195312500000e+03
1.260000000000000000e+03 8.899281056073959917e-06 1.839689445495605469e+01 8.899281056073959917e-06 1.839689445495605469e+01 1.017084002494812012e+00 1.453202026367187500e+03
1.270000000000000000e+03 8.712808266864158213e-06 1.839689826965332031e+01 8.712808266864158213e-06 1.839689826965332031e+01 1.017085194587707520e+00 1.453205444335937500e+03
1.280000000000000000e+03 8.557607543480116874e-06 1.839690017700195312e+01 8.557607543480116874e-06 1.839690017700195312e+01 1.017086386680603027e+00 1.453208740234375000e+03
1.290000000000000000e+03 8.399981197726447135e-06 1.839690208435058594e+01 8.399981197726447135e-06 1.839690208435058594e+01 1.017087697982788086e+00 1.453212524414062500e+03
1.300000000000000000e+03 8.201852324418723583e-06 1.839690589904785156e+01 8.201852324418723583e-06 1.839690589904785156e+01 1.017087697982788086e+00 1.453212036132812500e+03
1.310000000000000000e+03 8.066541340667754412e-06 1.839689826965332031e+01 8.066541340667754412e-06 1.839689826965332031e+01 1.017088890075683594e+00 1.453215820312500000e+03
1.320000000000000000e+03 7.905564416432753205e-06 1.839689254760742188e+01 7.905564416432753205e-06 1.839689254760742188e+01 1.017088532447814941e+00 1.453214843750000000e+03
1.330000000000000000e+03 7.745832590444479138e-06 1.839689445495605469e+01 7.745832590444479138e-06 1.839689445495605469e+01 1.017090082168579102e+00 1.453219238281250000e+03
1.340000000000000000e+03 7.598594947921810672e-06 1.839690017700195312e+01 7.598594947921810672e-06 1.839690017700195312e+01 1.017090439796447754e+00 1.453220581054687500e+03
1.350000000000000000e+03 7.444610218954039738e-06 1.839690017700195312e+01 7.444610218954039738e-06 1.839690017700195312e+01 1.017090916633605957e+00 1.453221679687500000e+03
1.360000000000000000e+03 7.333718258450971916e-06 1.839691162109375000e+01 7.333718258450971916e-06 1.839691162109375000e+01 1.017091631889343262e+00 1.453223632812500000e+03
1.370000000000000000e+03 7.450209068338153884e-06 1.839690017700195312e+01 7.450209068338153884e-06 1.839690017700195312e+01 1.017093420028686523e+00 1.453228881835937500e+03
1.380000000000000000e+03 7.225854460557457060e-06 1.839689636230468750e+01 7.225854460557457060e-06 1.839689636230468750e+01 1.017093539237976074e+00 1.453229125976562500e+03
1.390000000000000000e+03 6.966883120185229927e-06 1.839689826965332031e+01 6.966883120185229927e-06 1.839689826965332031e+01 1.017093062400817871e+00 1.453227905273437500e+03
1.400000000000000000e+03 6.755540198355447501e-06 1.839690017700195312e+01 6.755540198355447501e-06 1.839690017700195312e+01 1.017094731330871582e+00 1.453232543945312500e+03
1.410000000000000000e+03 6.635576937696896493e-06 1.839689445495605469e+01 6.635576937696896493e-06 1.839689445495605469e+01 1.017095327377319336e+00 1.453234252929687500e+03
1.420000000000000000e+03 6.506812042061937973e-06 1.839689254760742188e+01 6.506812042061937973e-06 1.839689254760742188e+01 1.017097115516662598e+00 1.453239379882812500e+03
1.430000000000000000e+03 6.510433649964397773e-06 1.839690780639648438e+01 6.510433649964397773e-06 1.839690780639648438e+01 1.017095565795898438e+00 1.453234863281250000e+03
1.440000000000000000e+03 6.320767624856671318e-06 1.839689254760742188e+01 6.320767624856671318e-06 1.839689254760742188e+01 1.017096877098083496e+00 1.453238647460937500e+03
1.450000000000000000e+03 6.208893864823039621e-06 1.839689445495605469e+01 6.208893864823039621e-06 1.839689445495605469e+01 1.017098069190979004e+00 1.453241821289062500e+03
1.460000000000000000e+03 6.082171694288263097e-06 1.839689636230468750e+01 6.082171694288263097e-06 1.839689636230468750e+01 1.017098069190979004e+00 1.453242065429687500e+03
1.470000000000000000e+03 5.922118361922912300e-06 1.839689636230468750e+01 5.922118361922912300e-06 1.839689636230468750e+01 1.017100453376770020e+00 1.453248657226562500e+03
1.480000000000000000e+03 5.871393113920930773e-06 1.839690208435058594e+01 5.871393113920930773e-06 1.839690208435058594e+01 1.017100095748901367e+00 1.453248168945312500e+03
1.490000000000000000e+03 5.722909008909482509e-06 1.839689636230468750e+01 5.722909008909482509e-06 1.839689636230468750e+01 1.017100691795349121e+00 1.453249511718750000e+03
1.500000000000000000e+03 5.608769697573734447e-06 1.839689636230468750e+01 5.608769697573734447e-06 1.839689636230468750e+01 1.017101645469665527e+00 1.453252197265625000e+03
1.510000000000000000e+03 5.493150183610850945e-06 1.839689826965332031e+01 5.493150183610850945e-06 1.839689826965332031e+01 1.017102718353271484e+00 1.453255371093750000e+03
1.520000000000000000e+03 5.427350970421684906e-06 1.839690017700195312e+01 5.427350970421684906e-06 1.839690017700195312e+01 1.017102956771850586e+00 1.453255981445312500e+03
1.530000000000000000e+03 5.341806627257028595e-06 1.839689636230468750e+01 5.341806627257028595e-06 1.839689636230468750e+01 1.017103672027587891e+00 1.453258178710937500e+03
1.540000000000000000e+03 5.242987299425294623e-06 1.839689826965332031e+01 5.242987299425294623e-06 1.839689826965332031e+01 1.017104744911193848e+00 1.453261352539062500e+03
1.550000000000000000e+03 5.129711098561529070e-06 1.839690589904785156e+01 5.129711098561529070e-06 1.839690589904785156e+01 1.017104744911193848e+00 1.453260986328125000e+03
1.560000000000000000e+03 5.040255018684547395e-06 1.839689826965332031e+01 5.040255018684547395e-06 1.839689826965332031e+01 1.017105221748352051e+00 1.453262573242187500e+03
1.570000000000000000e+03 4.919157618132885545e-06 1.839690780639648438e+01 4.919157618132885545e-06 1.839690780639648438e+01 1.017106175422668457e+00 1.453265380859375000e+03
1.580000000000000000e+03 4.843926944886334240e-06 1.839689826965332031e+01 4.843926944886334240e-06 1.839689826965332031e+01 1.017106771469116211e+00 1.453266723632812500e+03
1.590000000000000000e+03 4.808877747564110905e-06 1.839691162109375000e+01 4.808877747564110905e-06 1.839691162109375000e+01 1.017105817794799805e+00 1.453264160156250000e+03
1.600000000000000000e+03 4.707470452558482066e-06 1.839689826965332031e+01 4.707470452558482066e-06 1.839689826965332031e+01 1.017108201980590820e+00 1.453271118164062500e+03
1.610000000000000000e+03 4.594493930198950693e-06 1.839690208435058594e+01 4.594493930198950693e-06 1.839690208435058594e+01 1.017107725143432617e+00 1.453269531250000000e+03
1.620000000000000000e+03 4.506745881371898577e-06 1.839690208435058594e+01 4.506745881371898577e-06 1.839690208435058594e+01 1.017109155654907227e+00 1.453273803710937500e+03
1.630000000000000000e+03 4.427316980581963435e-06 1.839689445495605469e+01 4.427316980581963435e-06 1.839689445495605469e+01 1.017108678817749023e+00 1.453272460937500000e+03
1.640000000000000000e+03 4.323012944951187819e-06 1.839689445495605469e+01 4.323012944951187819e-06 1.839689445495605469e+01 1.017110347747802734e+00 1.453277099609375000e+03
1.650000000000000000e+03 4.264478775439783931e-06 1.839689445495605469e+01 4.264478775439783931e-06 1.839689445495605469e+01 1.017110943794250488e+00 1.453279174804687500e+03
1.660000000000000000e+03 4.203460775897838175e-06 1.839689636230468750e+01 4.203460775897838175e-06 1.839689636230468750e+01 1.017110824584960938e+00 1.453278320312500000e+03
1.670000000000000000e+03 4.124414772377349436e-06 1.839689636230468750e+01 4.124414772377349436e-06 1.839689636230468750e+01 1.017111778259277344e+00 1.453281127929687500e+03
1.680000000000000000e+03 4.071184775966685265e-06 1.839689636230468750e+01 4.071184775966685265e-06 1.839689636230468750e+01 1.017112135887145996e+00 1.453282104492187500e+03
1.690000000000000000e+03 3.954701242037117481e-06 1.839689445495605469e+01 3.954701242037117481e-06 1.839689445495605469e+01 1.017113327980041504e+00 1.453285400390625000e+03
1.700000000000000000e+03 3.908498911187052727e-06 1.839690017700195312e+01 3.908498911187052727e-06 1.839690017700195312e+01 1.017114162445068359e+00 1.453288085937500000e+03
1.710000000000000000e+03 3.938421286875382066e-06 1.839689636230468750e+01 3.938421286875382066e-06 1.839689636230468750e+01 1.017113685607910156e+00 1.453286621093750000e+03
1.720000000000000000e+03 3.771256160689517856e-06 1.839689445495605469e+01 3.771256160689517856e-06 1.839689445495605469e+01 1.017114400863647461e+00 1.453288696289062500e+03
1.730000000000000000e+03 3.711815907081472687e-06 1.839689826965332031e+01 3.711815907081472687e-06 1.839689826965332031e+01 1.017115592956542969e+00 1.453292236328125000e+03
1.740000000000000000e+03 3.640544719019089825e-06 1.839690017700195312e+01 3.640544719019089825e-06 1.839690017700195312e+01 1.017115592956542969e+00 1.453291992187500000e+03
1.750000000000000000e+03 3.620984443841734901e-06 1.839690399169921875e+01 3.620984443841734901e-06 1.839690399169921875e+01 1.017115354537963867e+00 1.453291503906250000e+03
1.760000000000000000e+03 3.758727643798920326e-06 1.839690017700195312e+01 3.758727643798920326e-06 1.839690017700195312e+01 1.017117857933044434e+00 1.453298950195312500e+03
1.770000000000000000e+03 3.549292387106106617e-06 1.839689445495605469e+01 3.549292387106106617e-06 1.839689445495605469e+01 1.017118453979492188e+00 1.453300292968750000e+03
1.780000000000000000e+03 3.398620947336894460e-06 1.839689826965332031e+01 3.398620947336894460e-06 1.839689826965332031e+01 1.017117023468017578e+00 1.453296142578125000e+03
1.790000000000000000e+03 3.340127250339719467e-06 1.839690208435058594e+01 3.340127250339719467e-06 1.839690208435058594e+01 1.017117857933044434e+00 1.453298461914062500e+03
1.800000000000000000e+03 3.841181296593276784e-06 1.839690971374511719e+01 3.841181296593276784e-06 1.839690971374511719e+01 1.017120599746704102e+00 1.453306396484375000e+03
1.810000000000000000e+03 3.215466676920186728e-06 1.839690971374511719e+01 3.215466676920186728e-06 1.839690971374511719e+01 1.017119526863098145e+00 1.453303344726562500e+03
1.820000000000000000e+03 3.457704906395520084e-06 1.839690780639648438e+01 3.457704906395520084e-06 1.839690780639648438e+01 1.017118811607360840e+00 1.453301269531250000e+03
1.830000000000000000e+03 3.807610937656136230e-06 1.839690971374511719e+01 3.807610937656136230e-06 1.839690971374511719e+01 1.017119526863098145e+00 1.453303466796875000e+03
1.840000000000000000e+03 3.055391971429344267e-06 1.839689826965332031e+01 3.055391971429344267e-06 1.839689826965332031e+01 1.017120957374572754e+00 1.453307617187500000e+03
1.850000000000000000e+03 3.006611905220779590e-06 1.839690589904785156e+01 3.006611905220779590e-06 1.839690589904785156e+01 1.017121434211730957e+00 1.453308959960937500e+03
1.860000000000000000e+03 2.965497742479783483e-06 1.839689826965332031e+01 2.965497742479783483e-06 1.839689826965332031e+01 1.017122626304626465e+00 1.453312377929687500e+03
1.870000000000000000e+03 2.922758994827745482e-06 1.839690017700195312e+01 2.922758994827745482e-06 1.839690017700195312e+01 1.017122268676757812e+00 1.453311279296875000e+03
1.880000000000000000e+03 2.878228542613214813e-06 1.839689636230468750e+01 2.878228542613214813e-06 1.839689636230468750e+01 1.017124056816101074e+00 1.453316040039062500e+03
1.890000000000000000e+03 2.938861598522635177e-06 1.839689636230468750e+01 2.938861598522635177e-06 1.839689636230468750e+01 1.017122507095336914e+00 1.453311767578125000e+03
1.900000000000000000e+03 2.742691322055179626e-06 1.839689254760742188e+01 2.742691322055179626e-06 1.839689254760742188e+01 1.017123579978942871e+00 1.453314941406250000e+03
1.910000000000000000e+03 2.690796918614069000e-06 1.839690017700195312e+01 2.690796918614069000e-06 1.839690017700195312e+01 1.017124295234680176e+00 1.453317260742187500e+03
1.920000000000000000e+03 2.882510216295486316e-06 1.839690208435058594e+01 2.882510216295486316e-06 1.839690208435058594e+01 1.017127275466918945e+00 1.453325683593750000e+03
1.930000000000000000e+03 3.177676035193144344e-06 1.839691352844238281e+01 3.177676035193144344e-06 1.839691352844238281e+01 1.017123699188232422e+00 1.453315307617187500e+03
1.940000000000000000e+03 2.900647359638242051e-06 1.839690589904785156e+01 2.900647359638242051e-06 1.839690589904785156e+01 1.017125487327575684e+00 1.453320312500000000e+03
1.950000000000000000e+03 2.918292011599987745e-06 1.839690780639648438e+01 2.918292011599987745e-06 1.839690780639648438e+01 1.017125368118286133e+00 1.453320068359375000e+03
1.960000000000000000e+03 2.564850774433580227e-06 1.839689445495605469e+01 2.564850774433580227e-06 1.839689445495605469e+01 1.017125964164733887e+00 1.453321777343750000e+03
1.970000000000000000e+03 2.573201982158934698e-06 1.839690589904785156e+01 2.573201982158934698e-06 1.839690589904785156e+01 1.017127513885498047e+00 1.453326293945312500e+03
1.980000000000000000e+03 2.461851863699848764e-06 1.839689254760742188e+01 2.461851863699848764e-06 1.839689254760742188e+01 1.017129421234130859e+00 1.453331787109375000e+03
1.990000000000000000e+03 2.409958597127115354e-06 1.839690208435058594e+01 2.409958597127115354e-06 1.839690208435058594e+01 1.017129421234130859e+00 1.453331542968750000e+03
2.000000000000000000e+03 2.394734337940462865e-06 1.839690017700195312e+01 2.394734337940462865e-06 1.839690017700195312e+01 1.017130136489868164e+00 1.453333740234375000e+03
2.010000000000000000e+03 2.426275841571623459e-06 1.839690208435058594e+01 2.426275841571623459e-06 1.839690208435058594e+01 1.017130851745605469e+00 1.453335815429687500e+03
2.020000000000000000e+03 2.285369873789022677e-06 1.839689826965332031e+01 2.285369873789022677e-06 1.839689826965332031e+01 1.017129898071289062e+00 1.453333251953125000e+03
2.030000000000000000e+03 2.247420979983871803e-06 1.839689636230468750e+01 2.247420979983871803e-06 1.839689636230468750e+01 1.017130851745605469e+00 1.453335693359375000e+03
2.040000000000000000e+03 2.220583837697631679e-06 1.839690017700195312e+01 2.220583837697631679e-06 1.839690017700195312e+01 1.017130970954895020e+00 1.453335937500000000e+03
2.050000000000000000e+03 2.197025423811282963e-06 1.839689254760742188e+01 2.197025423811282963e-06 1.839689254760742188e+01 1.017131328582763672e+00 1.453337036132812500e+03
2.060000000000000000e+03 2.175803274440113455e-06 1.839690780639648438e+01 2.175803274440113455e-06 1.839690780639648438e+01 1.017132520675659180e+00 1.453340332031250000e+03
2.070000000000000000e+03 2.245004679934936576e-06 1.839689445495605469e+01 2.245004679934936576e-06 1.839689445495605469e+01 1.017133235931396484e+00 1.453342407226562500e+03
2.080000000000000000e+03 2.118248858096194454e-06 1.839690589904785156e+01 2.118248858096194454e-06 1.839690589904785156e+01 1.017133712768554688e+00 1.453343872070312500e+03
2.090000000000000000e+03 2.124284264937159605e-06 1.839690208435058594e+01 2.124284264937159605e-06 1.839690208435058594e+01 1.017135262489318848e+00 1.453348388671875000e+03
2.100000000000000000e+03 2.036930254689650610e-06 1.839690589904785156e+01 2.036930254689650610e-06 1.839690589904785156e+01 1.017135024070739746e+00 1.453347656250000000e+03
2.110000000000000000e+03 1.971387519006384537e-06 1.839689826965332031e+01 1.971387519006384537e-06 1.839689826965332031e+01 1.017135620117187500e+00 1.453349243164062500e+03
2.120000000000000000e+03 2.134614533133571967e-06 1.839690780639648438e+01 2.134614533133571967e-06 1.839690780639648438e+01 1.017138242721557617e+00 1.453356933593750000e+03
2.130000000000000000e+03 1.944753194038639776e-06 1.839690971374511719e+01 1.944753194038639776e-06 1.839690971374511719e+01 1.017137050628662109e+00 1.453353393554687500e+03
2.140000000000000000e+03 2.005083388212369755e-06 1.839690208435058594e+01 2.005083388212369755e-06 1.839690208435058594e+01 1.017136573791503906e+00 1.453352172851562500e+03
2.150000000000000000e+03 1.970125367733999155e-06 1.839690399169921875e+01 1.970125367733999155e-06 1.839690399169921875e+01 1.017138481140136719e+00 1.453357666015625000e+03
2.160000000000000000e+03 2.348906718907528557e-06 1.839690780639648438e+01 2.348906718907528557e-06 1.839690780639648438e+01 1.017139434814453125e+00 1.453360351562500000e+03
2.170000000000000000e+03 4.004933998658088967e-06 1.839690971374511719e+01 4.004933998658088967e-06 1.839690971374511719e+01 1.017134547233581543e+00 1.453345947265625000e+03
2.180000000000000000e+03 1.976803105208091438e-06 1.839689826965332031e+01 1.976803105208091438e-06 1.839689826965332031e+01 1.017139554023742676e+00 1.453360473632812500e+03
2.190000000000000000e+03 2.161478050766163506e-06 1.839689826965332031e+01 2.161478050766163506e-06 1.839689826965332031e+01 1.017136335372924805e+00 1.453351440429687500e+03
2.200000000000000000e+03 2.032698148468625732e-06 1.839691162109375000e+01 2.032698148468625732e-06 1.839691162109375000e+01 1.017136216163635254e+00 1.453350952148437500e+03
2.210000000000000000e+03 2.229040319434716366e-06 1.839690017700195312e+01 2.229040319434716366e-06 1.839690017700195312e+01 1.017140984535217285e+00 1.453364746093750000e+03
2.220000000000000000e+03 3.621419182309182361e-06 1.839691352844238281e+01 3.621419182309182361e-06 1.839691352844238281e+01 1.017135620117187500e+00 1.453349243164062500e+03
2.230000000000000000e+03 4.915976205666083843e-06 1.839690780639648438e+01 4.915976205666083843e-06 1.839690780639648438e+01 1.017142534255981445e+00 1.453369140625000000e+03
2.240000000000000000e+03 1.646882083150558174e-06 1.839690780639648438e+01 1.646882083150558174e-06 1.839690780639648438e+01 1.017138481140136719e+00 1.453357543945312500e+03
2.250000000000000000e+03 1.590988517818914261e-06 1.839691162109375000e+01 1.590988517818914261e-06 1.839691162109375000e+01 1.017139792442321777e+00 1.453361450195312500e+03
2.260000000000000000e+03 1.643009568397246767e-06 1.839690971374511719e+01 1.643009568397246767e-06 1.839690971374511719e+01 1.017139554023742676e+00 1.453360595703125000e+03
2.270000000000000000e+03 2.292051249241922051e-06 1.839689445495605469e+01 2.292051249241922051e-06 1.839689445495605469e+01 1.017138242721557617e+00 1.453356933593750000e+03
2.280000000000000000e+03 1.568010702612809837e-06 1.839689826965332031e+01 1.568010702612809837e-06 1.839689826965332031e+01 1.017142415046691895e+00 1.453368774414062500e+03
2.290000000000000000e+03 1.958876282515120693e-06 1.839689636230468750e+01 1.958876282515120693e-06 1.839689636230468750e+01 1.017140030860900879e+00 1.453361938476562500e+03
2.300000000000000000e+03 1.434359455743106082e-05 1.839690017700195312e+01 1.434359455743106082e-05 1.839690017700195312e+01 1.017132520675659180e+00 1.453340454101562500e+03
2.310000000000000000e+03 6.029079031577566639e-06 1.839690589904785156e+01 6.029079031577566639e-06 1.839690589904785156e+01 1.017142057418823242e+00 1.453367675781250000e+03
2.320000000000000000e+03 1.825102231123310048e-06 1.839689636230468750e+01 1.825102231123310048e-06 1.839689636230468750e+01 1.017136931419372559e+00 1.453353271484375000e+03
2.330000000000000000e+03 1.529496148577891290e-05 1.839689445495605469e+01 1.529496148577891290e-05 1.839689445495605469e+01 1.017144799232482910e+00 1.453375366210937500e+03
2.340000000000000000e+03 4.811178314412245527e-06 1.839690971374511719e+01 4.811178314412245527e-06 1.839690971374511719e+01 1.017132401466369629e+00 1.453340087890625000e+03
2.350000000000000000e+03 1.460804583075514529e-06 1.839689826965332031e+01 1.460804583075514529e-06 1.839689826965332031e+01 1.017128348350524902e+00 1.453328613281250000e+03
2.360000000000000000e+03 8.514542969351168722e-06 1.839689445495605469e+01 8.514542969351168722e-06 1.839689445495605469e+01 1.017133593559265137e+00 1.453343627929687500e+03
2.370000000000000000e+03 1.591550608281977475e-05 1.839689254760742188e+01 1.591550608281977475e-05 1.839689254760742188e+01 1.017122268676757812e+00 1.453311035156250000e+03
2.380000000000000000e+03 1.755216885612753686e-06 1.839689636230468750e+01 1.755216885612753686e-06 1.839689636230468750e+01 1.017126441001892090e+00 1.453322998046875000e+03
2.390000000000000000e+03 3.966886288253590465e-05 1.839690399169921875e+01 3.966886288253590465e-05 1.839690399169921875e+01 1.017124533653259277e+00 1.453317749023437500e+03
2.400000000000000000e+03 9.828627298702485859e-06 1.839689254760742188e+01 9.828627298702485859e-06 1.839689254760742188e+01 1.017109036445617676e+00 1.453273437500000000e+03
2.410000000000000000e+03 2.096297976095229387e-06 1.839689445495605469e+01 2.096297976095229387e-06 1.839689445495605469e+01 1.017104506492614746e+00 1.453260375976562500e+03
2.420000000000000000e+03 1.502353916293941438e-05 1.839690589904785156e+01 1.502353916293941438e-05 1.839690589904785156e+01 1.017120957374572754e+00 1.453307250976562500e+03
2.430000000000000000e+03 7.500666106352582574e-05 1.839691162109375000e+01 7.500666106352582574e-05 1.839691162109375000e+01 1.017097353935241699e+00 1.453240112304687500e+03
2.440000000000000000e+03 2.576266160758677870e-05 1.839690399169921875e+01 2.576266160758677870e-05 1.839690399169921875e+01 1.017074942588806152e+00 1.453175781250000000e+03
2.450000000000000000e+03 1.015690759231802076e-05 1.839690017700195312e+01 1.015690759231802076e-05 1.839690017700195312e+01 1.017049074172973633e+00 1.453102050781250000e+03
2.460000000000000000e+03 2.105598287016618997e-05 1.839690589904785156e+01 2.105598287016618997e-05 1.839690589904785156e+01 1.017085075378417969e+00 1.453204956054687500e+03
2.470000000000000000e+03 7.806156645528972149e-06 1.839691162109375000e+01 7.806156645528972149e-06 1.839691162109375000e+01 1.017056107521057129e+00 1.453122314453125000e+03
2.480000000000000000e+03 7.520941835537087172e-06 1.839690208435058594e+01 7.520941835537087172e-06 1.839690208435058594e+01 1.017059445381164551e+00 1.453131469726562500e+03
2.490000000000000000e+03 1.586641883477568626e-04 1.839690589904785156e+01 1.586641883477568626e-04 1.839690589904785156e+01 1.016975998878479004e+00 1.452893066406250000e+03
2.500000000000000000e+03 1.000516203930601478e-04 1.839689254760742188e+01 1.000516203930601478e-04 1.839689254760742188e+01 1.017014741897583008e+00 1.453003906250000000e+03
2.510000000000000000e+03 3.457158163655549288e-05 1.839690208435058594e+01 3.457158163655549288e-05 1.839690208435058594e+01 1.016972184181213379e+00 1.452882446289062500e+03
2.520000000000000000e+03 1.700624488876201212e-05 1.839690971374511719e+01 1.700624488876201212e-05 1.839690971374511719e+01 1.016986131668090820e+00 1.452922119140625000e+03
2.530000000000000000e+03 2.475619794495287351e-06 1.839690208435058594e+01 2.475619794495287351e-06 1.839690208435058594e+01 1.016993045806884766e+00 1.452942016601562500e+03
2.540000000000000000e+03 1.672715006861835718e-05 1.839689254760742188e+01 1.672715006861835718e-05 1.839689254760742188e+01 1.017009258270263672e+00 1.452988403320312500e+03
2.550000000000000000e+03 2.141107979696244001e-04 1.839690017700195312e+01 2.141107979696244001e-04 1.839690017700195312e+01 1.016954898834228516e+00 1.452833129882812500e+03
2.560000000000000000e+03 9.628638508729636669e-05 1.839690399169921875e+01 9.628638508729636669e-05 1.839690399169921875e+01 1.016907691955566406e+00 1.452698120117187500e+03
2.570000000000000000e+03 1.861800410551950336e-05 1.839690208435058594e+01 1.861800410551950336e-05 1.839690208435058594e+01 1.016919970512390137e+00 1.452733276367187500e+03
2.580000000000000000e+03 1.821564001147635281e-05 1.839690780639648438e+01 1.821564001147635281e-05 1.839690780639648438e+01 1.016920328140258789e+00 1.452734130859375000e+03
2.590000000000000000e+03 1.481895765209628735e-06 1.839691352844238281e+01 1.481895765209628735e-06 1.839691352844238281e+01 1.016939520835876465e+00 1.452788940429687500e+03
2.600000000000000000e+03 6.353144999593496323e-05 1.839689826965332031e+01 6.353144999593496323e-05 1.839689826965332031e+01 1.016943693161010742e+00 1.452800781250000000e+03
2.610000000000000000e+03 8.314797923958394676e-06 1.839690017700195312e+01 8.314797923958394676e-06 1.839690017700195312e+01 1.016855478286743164e+00 1.452548950195312500e+03
2.620000000000000000e+03 5.917216640227707103e-06 1.839691352844238281e+01 5.917216640227707103e-06 1.839691352844238281e+01 1.016813516616821289e+00 1.452429199218750000e+03
2.630000000000000000e+03 4.563125912682153285e-06 1.839690208435058594e+01 4.563125912682153285e-06 1.839690208435058594e+01 1.016856074333190918e+00 1.452550537109375000e+03
2.640000000000000000e+03 1.231422356795519590e-05 1.839690017700195312e+01 1.231422356795519590e-05 1.839690017700195312e+01 1.016857028007507324e+00 1.452553588867187500e+03
2.650000000000000000e+03 4.634334618458524346e-05 1.839690589904785156e+01 4.634334618458524346e-05 1.839690589904785156e+01 1.016848564147949219e+00 1.452529174804687500e+03
2.660000000000000000e+03 1.951095782715128735e-06 1.839690399169921875e+01 1.951095782715128735e-06 1.839690399169921875e+01 1.016839742660522461e+00 1.452504028320312500e+03
2.670000000000000000e+03 8.315523882629349828e-05 1.839691352844238281e+01 8.315523882629349828e-05 1.839691352844238281e+01 1.016839861869812012e+00 1.452504150390625000e+03
2.680000000000000000e+03 7.338752766372635961e-05 1.839691543579101562e+01 7.338752766372635961e-05 1.839691543579101562e+01 1.016820549964904785e+00 1.452449218750000000e+03
2.690000000000000000e+03 5.264172068564221263e-05 1.839690208435058594e+01 5.264172068564221263e-05 1.839690208435058594e+01 1.016791582107543945e+00 1.452366333007812500e+03
2.700000000000000000e+03 3.158571053063496947e-05 1.839690589904785156e+01 3.158571053063496947e-05 1.839690589904785156e+01 1.016735315322875977e+00 1.452205688476562500e+03
2.710000000000000000e+03 1.925624383147805929e-05 1.839690399169921875e+01 1.925624383147805929e-05 1.839690399169921875e+01 1.016763806343078613e+00 1.452286987304687500e+03
2.720000000000000000e+03 9.824578228290192783e-06 1.839690589904785156e+01 9.824578228290192783e-06 1.839690589904785156e+01 1.016772031784057617e+00 1.452310546875000000e+03
2.730000000000000000e+03 2.656023752933833748e-06 1.839690971374511719e+01 2.656023752933833748e-06 1.839690971374511719e+01 1.016781806945800781e+00 1.452338500976562500e+03
2.740000000000000000e+03 1.526638811810698826e-06 1.839689636230468750e+01 1.526638811810698826e-06 1.839689636230468750e+01 1.016788244247436523e+00 1.452356933593750000e+03
2.750000000000000000e+03 2.238637898699380457e-05 1.839690971374511719e+01 2.238637898699380457e-05 1.839690971374511719e+01 1.016792535781860352e+00 1.452369140625000000e+03
2.760000000000000000e+03 1.160076863016001880e-04 1.839690399169921875e+01 1.160076863016001880e-04 1.839690399169921875e+01 1.016664266586303711e+00 1.452002685546875000e+03
2.770000000000000000e+03 4.834217179450206459e-06 1.839690208435058594e+01 4.834217179450206459e-06 1.839690208435058594e+01 1.016674757003784180e+00 1.452032592773437500e+03
2.780000000000000000e+03 2.254597711726091802e-05 1.839691162109375000e+01 2.254597711726091802e-05 1.839691162109375000e+01 1.016684889793395996e+00 1.452061523437500000e+03
2.790000000000000000e+03 4.295622147765243426e-06 1.839690208435058594e+01 4.295622147765243426e-06 1.839690208435058594e+01 1.016699314117431641e+00 1.452102661132812500e+03
2.800000000000000000e+03 2.059455937342136167e-06 1.839689826965332031e+01 2.059455937342136167e-06 1.839689826965332031e+01 1.016713500022888184e+00 1.452143554687500000e+03
2.810000000000000000e+03 1.474269197387911845e-06 1.839690017700195312e+01 1.474269197387911845e-06 1.839690017700195312e+01 1.016719102859497070e+00 1.452159423828125000e+03
2.820000000000000000e+03 1.526565597487206105e-06 1.839690208435058594e+01 1.526565597487206105e-06 1.839690208435058594e+01 1.016720771789550781e+00 1.452163940429687500e+03
2.830000000000000000e+03 1.816072312976757530e-06 1.839690208435058594e+01 1.816072312976757530e-06 1.839690208435058594e+01 1.016722559928894043e+00 1.452169067382812500e+03
2.840000000000000000e+03 5.841983693244401366e-06 1.839691162109375000e+01 5.841983693244401366e-06 1.839691162109375000e+01 1.016720533370971680e+00 1.452163330078125000e+03
2.850000000000000000e+03 6.514015840366482735e-04 1.839691352844238281e+01 6.514015840366482735e-04 1.839691352844238281e+01 1.016619443893432617e+00 1.451874633789062500e+03
2.860000000000000000e+03 1.878148614196106791e-04 1.839690208435058594e+01 1.878148614196106791e-04 1.839690208435058594e+01 1.016556739807128906e+00 1.451695678710937500e+03
2.870000000000000000e+03 1.671186037128791213e-04 1.839690208435058594e+01 1.671186037128791213e-04 1.839690208435058594e+01 1.016375541687011719e+00 1.451178344726562500e+03
2.880000000000000000e+03 8.893692574929445982e-05 1.839689636230468750e+01 8.893692574929445982e-05 1.839689636230468750e+01 1.016450762748718262e+00 1.451393066406250000e+03
2.890000000000000000e+03 2.043275890173390508e-05 1.839690971374511719e+01 2.043275890173390508e-05 1.839690971374511719e+01 1.016433358192443848e+00 1.451343017578125000e+03
2.900000000000000000e+03 7.713548257015645504e-06 1.839691162109375000e+01 7.713548257015645504e-06 1.839691162109375000e+01 1.016466617584228516e+00 1.451437988281250000e+03
2.910000000000000000e+03 2.133708676410606131e-06 1.839690971374511719e+01 2.133708676410606131e-06 1.839690971374511719e+01 1.016459703445434570e+00 1.451418457031250000e+03
2.920000000000000000e+03 4.096330940228654072e-06 1.839690208435058594e+01 4.096330940228654072e-06 1.839690208435058594e+01 1.016468405723571777e+00 1.451443359375000000e+03
2.930000000000000000e+03 8.649278242955915630e-06 1.839689826965332031e+01 8.649278242955915630e-06 1.839689826965332031e+01 1.016470551490783691e+00 1.451449218750000000e+03
2.940000000000000000e+03 5.552527454710798338e-06 1.839690399169921875e+01 5.552527454710798338e-06 1.839690399169921875e+01 1.016477584838867188e+00 1.451469238281250000e+03
2.950000000000000000e+03 1.615879000382847153e-06 1.839689636230468750e+01 1.615879000382847153e-06 1.839689636230468750e+01 1.016476511955261230e+00 1.451466308593750000e+03
2.960000000000000000e+03 4.220495611662045121e-06 1.839690589904785156e+01 4.220495611662045121e-06 1.839690589904785156e+01 1.016477823257446289e+00 1.451470336914062500e+03
2.970000000000000000e+03 6.103872237872565165e-06 1.839690208435058594e+01 6.103872237872565165e-06 1.839690208435058594e+01 1.016481399536132812e+00 1.451480346679687500e+03
2.980000000000000000e+03 4.400630587042542174e-06 1.839690589904785156e+01 4.400630587042542174e-06 1.839690589904785156e+01 1.016482353210449219e+00 1.451483154296875000e+03
2.990000000000000000e+03 1.947567761817481369e-05 1.839690399169921875e+01 1.947567761817481369e-05 1.839690399169921875e+01 1.016474246978759766e+00 1.451459960937500000e+03
3.000000000000000000e+03 2.077812132483813912e-05 1.839691162109375000e+01 2.077812132483813912e-05 1.839691162109375000e+01 1.016485214233398438e+00 1.451491455078125000e+03
3.010000000000000000e+03 3.236771362935542129e-06 1.839690971374511719e+01 3.236771362935542129e-06 1.839690971374511719e+01 1.016437172889709473e+00 1.451354248046875000e+03
3.020000000000000000e+03 2.901830157497897744e-05 1.839690780639648438e+01 2.901830157497897744e-05 1.839690780639648438e+01 1.016400933265686035e+00 1.451250488281250000e+03
3.030000000000000000e+03 2.955039053631480783e-05 1.839690780639648438e+01 2.955039053631480783e-05 1.839690780639648438e+01 1.016398310661315918e+00 1.451243286132812500e+03
3.040000000000000000e+03 3.179411942255683243e-05 1.839690399169921875e+01 3.179411942255683243e-05 1.839690399169921875e+01 1.016417860984802246e+00 1.451298828125000000e+03
3.050000000000000000e+03 3.127449963358230889e-05 1.839690017700195312e+01 3.127449963358230889e-05 1.839690017700195312e+01 1.016430020332336426e+00 1.451333984375000000e+03
3.060000000000000000e+03 9.898431017063558102e-06 1.839690971374511719e+01 9.898431017063558102e-06 1.839690971374511719e+01 1.016416788101196289e+00 1.451295776367187500e+03
3.070000000000000000e+03 2.730540018092142418e-06 1.839690208435058594e+01 2.730540018092142418e-06 1.839690208435058594e+01 1.016381978988647461e+00 1.451196655273437500e+03
3.080000000000000000e+03 1.048297144734533504e-05 1.839690017700195312e+01 1.048297144734533504e-05 1.839690017700195312e+01 1.016360878944396973e+00 1.451136352539062500e+03
3.090000000000000000e+03 9.085121746466029435e-06 1.839690780639648438e+01 9.085121746466029435e-06 1.839690780639648438e+01 1.016379594802856445e+00 1.451189575195312500e+03
3.100000000000000000e+03 3.572564673959277570e-05 1.839691162109375000e+01 3.572564673959277570e-05 1.839691162109375000e+01 1.016405344009399414e+00 1.451263183593750000e+03
3.110000000000000000e+03 1.409464744028809946e-06 1.839689254760742188e+01 1.409464744028809946e-06 1.839689254760742188e+01 1.016387104988098145e+00 1.451211059570312500e+03
3.120000000000000000e+03 4.113495742785744369e-05 1.839691352844238281e+01 4.113495742785744369e-05 1.839691352844238281e+01 1.016352772712707520e+00 1.451113159179687500e+03
3.130000000000000000e+03 4.814276326214894652e-05 1.839690971374511719e+01 4.814276326214894652e-05 1.839690971374511719e+01 1.016371607780456543e+00 1.451166992187500000e+03
3.140000000000000000e+03 2.118711336152045988e-06 1.839690399169921875e+01 2.118711336152045988e-06 1.839690399169921875e+01 1.016372680664062500e+00 1.451169677734375000e+03
3.150000000000000000e+03 8.483068086206912994e-05 1.839690017700195312e+01 8.483068086206912994e-05 1.839690017700195312e+01 1.016339540481567383e+00 1.451075317382812500e+03
3.160000000000000000e+03 8.732828428037464619e-05 1.839689636230468750e+01 8.732828428037464619e-05 1.839689636230468750e+01 1.016330242156982422e+00 1.451048461914062500e+03
3.170000000000000000e+03 6.405741441994905472e-05 1.839689254760742188e+01 6.405741441994905472e-05 1.839689254760742188e+01 1.016337752342224121e+00 1.451070434570312500e+03
3.180000000000000000e+03 5.811858864035457373e-05 1.839690971374511719e+01 5.811858864035457373e-05 1.839690971374511719e+01 1.016305446624755859e+00 1.450978027343750000e+03
3.190000000000000000e+03 1.778112891770433635e-05 1.839690399169921875e+01 1.778112891770433635e-05 1.839690399169921875e+01 1.016300916671752930e+00 1.450965087890625000e+03
3.200000000000000000e+03 3.217830226276419125e-06 1.839690208435058594e+01 3.217830226276419125e-06 1.839690208435058594e+01 1.016288399696350098e+00 1.450929321289062500e+03
3.210000000000000000e+03 4.745452679344452918e-05 1.839690208435058594e+01 4.745452679344452918e-05 1.839690208435058594e+01 1.016285896301269531e+00 1.450922119140625000e+03
3.220000000000000000e+03 3.615823061409173533e-06 1.839690971374511719e+01 3.615823061409173533e-06 1.839690971374511719e+01 1.016297698020935059e+00 1.450955810546875000e+03
3.230000000000000000e+03 2.247905968033592217e-06 1.839689445495605469e+01 2.247905968033592217e-06 1.839689445495605469e+01 1.016301393508911133e+00 1.450966552734375000e+03
3.240000000000000000e+03 2.233462328149471432e-05 1.839690399169921875e+01 2.233462328149471432e-05 1.839690399169921875e+01 1.016303777694702148e+00 1.450973144531250000e+03
3.250000000000000000e+03 6.652844604104757309e-05 1.839690208435058594e+01 6.652844604104757309e-05 1.839690208435058594e+01 1.016236186027526855e+00 1.450780151367187500e+03
3.260000000000000000e+03 1.273191155632957816e-04 1.839690780639648438e+01 1.273191155632957816e-04 1.839690780639648438e+01 1.016237139701843262e+00 1.450782592773437500e+03
3.270000000000000000e+03 1.063015079125761986e-04 1.839690017700195312e+01 1.063015079125761986e-04 1.839690017700195312e+01 1.016240596771240234e+00 1.450792968750000000e+03
3.280000000000000000e+03 7.896950410213321447e-05 1.839689636230468750e+01 7.896950410213321447e-05 1.839689636230468750e+01 1.016234278678894043e+00 1.450774780273437500e+03
3.290000000000000000e+03 5.987865733914077282e-05 1.839689445495605469e+01 5.987865733914077282e-05 1.839689445495605469e+01 1.016225695610046387e+00 1.450750244140625000e+03
3.300000000000000000e+03 2.570738433860242367e-05 1.839690208435058594e+01 2.570738433860242367e-05 1.839690208435058594e+01 1.016211271286010742e+00 1.450709106445312500e+03
3.310000000000000000e+03 2.376488737354520708e-06 1.839690208435058594e+01 2.376488737354520708e-06 1.839690208435058594e+01 1.016203522682189941e+00 1.450687011718750000e+03
3.320000000000000000e+03 2.090284942823927850e-05 1.839689064025878906e+01 2.090284942823927850e-05 1.839689064025878906e+01 1.016194224357604980e+00 1.450660400390625000e+03
3.330000000000000000e+03 5.768808114225976169e-05 1.839690971374511719e+01 5.768808114225976169e-05 1.839690971374511719e+01 1.016203045845031738e+00 1.450685546875000000e+03
3.340000000000000000e+03 2.250830584671348333e-05 1.839690399169921875e+01 2.250830584671348333e-05 1.839690399169921875e+01 1.016209244728088379e+00 1.450703125000000000e+03
3.350000000000000000e+03 1.289610008825547993e-05 1.839690971374511719e+01 1.289610008825547993e-05 1.839690971374511719e+01 1.016203284263610840e+00 1.450686401367187500e+03
3.360000000000000000e+03 6.686094820906873792e-06 1.839690017700195312e+01 6.686094820906873792e-06 1.839690017700195312e+01 1.016142249107360840e+00 1.450511962890625000e+03
3.370000000000000000e+03 2.061596569546964020e-05 1.839689826965332031e+01 2.061596569546964020e-05 1.839689826965332031e+01 1.016124486923217773e+00 1.450461303710937500e+03
3.380000000000000000e+03 2.610995215945877135e-05 1.839689254760742188e+01 2.610995215945877135e-05 1.839689254760742188e+01 1.016126155853271484e+00 1.450466186523437500e+03
3.390000000000000000e+03 1.072420946002239361e-05 1.839690589904785156e+01 1.072420946002239361e-05 1.839690589904785156e+01 1.016149401664733887e+00 1.450532470703125000e+03
3.400000000000000000e+03 3.341545743751339614e-05 1.839690589904785156e+01 3.341545743751339614e-05 1.839690589904785156e+01 1.016158819198608398e+00 1.450559326171875000e+03
3.410000000000000000e+03 6.770042091375216842e-06 1.839690399169921875e+01 6.770042091375216842e-06 1.839690399169921875e+01 1.016160964965820312e+00 1.450565551757812500e+03
3.420000000000000000e+03 1.477737896493636072e-06 1.839690589904785156e+01 1.477737896493636072e-06 1.839690589904785156e+01 1.016157269477844238e+00 1.450554809570312500e+03
3.430000000000000000e+03 2.595197111077141017e-05 1.839690589904785156e+01 2.595197111077141017e-05 1.839690589904785156e+01 1.016156315803527832e+00 1.450552246093750000e+03
3.440000000000000000e+03 2.083350409520789981e-05 1.839689826965332031e+01 2.083350409520789981e-05 1.839689826965332031e+01 1.016131877899169922e+00 1.450482299804687500e+03
3.450000000000000000e+03 1.462877389712957665e-05 1.839689636230468750e+01 1.462877389712957665e-05 1.839689636230468750e+01 1.016151547431945801e+00 1.450538452148437500e+03
3.460000000000000000e+03 5.936022716923616827e-05 1.839690208435058594e+01 5.936022716923616827e-05 1.839690208435058594e+01 1.016096949577331543e+00 1.450382690429687500e+03
3.470000000000000000e+03 9.265420521842315793e-05 1.839689064025878906e+01 9.265420521842315793e-05 1.839689064025878906e+01 1.016106128692626953e+00 1.450408935546875000e+03
3.480000000000000000e+03 1.112443642341531813e-04 1.839690017700195312e+01 1.112443642341531813e-04 1.839690017700195312e+01 1.016101717948913574e+00 1.450396118164062500e+03
3.490000000000000000e+03 1.165924186352640390e-04 1.839690780639648438e+01 1.165924186352640390e-04 1.839690780639648438e+01 1.016086459159851074e+00 1.450352783203125000e+03
3.500000000000000000e+03 7.629714673385024071e-05 1.839689826965332031e+01 7.629714673385024071e-05 1.839689826965332031e+01 1.016075015068054199e+00 1.450319946289062500e+03
3.510000000000000000e+03 2.411542482150252908e-05 1.839690589904785156e+01 2.411542482150252908e-05 1.839690589904785156e+01 1.016074061393737793e+00 1.450317260742187500e+03
3.520000000000000000e+03 5.286313808028353378e-06 1.839691162109375000e+01 5.286313808028353378e-06 1.839691162109375000e+01 1.016087889671325684e+00 1.450356689453125000e+03
3.530000000000000000e+03 4.997566520614782348e-06 1.839690971374511719e+01 4.997566520614782348e-06 1.839690971374511719e+01 1.016092538833618164e+00 1.450369873046875000e+03
3.540000000000000000e+03 1.536574245619704016e-06 1.839690780639648438e+01 1.536574245619704016e-06 1.839690780639648438e+01 1.016100168228149414e+00 1.450391723632812500e+03
3.550000000000000000e+03 2.808355930028483272e-05 1.839691543579101562e+01 2.808355930028483272e-05 1.839691543579101562e+01 1.016098022460937500e+00 1.450385620117187500e+03
3.560000000000000000e+03 3.874129106407053769e-06 1.839690399169921875e+01 3.874129106407053769e-06 1.839690399169921875e+01 1.016025781631469727e+00 1.450179321289062500e+03
3.570000000000000000e+03 2.069595211651176214e-05 1.839690780639648438e+01 2.069595211651176214e-05 1.839690780639648438e+01 1.016015887260437012e+00 1.450151367187500000e+03
3.580000000000000000e+03 1.092889124265639111e-05 1.839690017700195312e+01 1.092889124265639111e-05 1.839690017700195312e+01 1.016025900840759277e+00 1.450179809570312500e+03
3.590000000000000000e+03 1.718521161819808185e-06 1.839691162109375000e+01 1.718521161819808185e-06 1.839691162109375000e+01 1.016027569770812988e+00 1.450184692382812500e+03
3.600000000000000000e+03 6.317007319012191147e-06 1.839691162109375000e+01 6.317007319012191147e-06 1.839691162109375000e+01 1.016015887260437012e+00 1.450151123046875000e+03
3.610000000000000000e+03 7.475990514649311081e-06 1.839690208435058594e+01 7.475990514649311081e-06 1.839690208435058594e+01 1.016002058982849121e+00 1.450111694335937500e+03
3.620000000000000000e+03 5.806390618090517819e-06 1.839690780639648438e+01 5.806390618090517819e-06 1.839690780639648438e+01 1.016002058982849121e+00 1.450111816406250000e+03
3.630000000000000000e+03 1.134670037572504953e-05 1.839689445495605469e+01 1.134670037572504953e-05 1.839689445495605469e+01 1.016002774238586426e+00 1.450113769531250000e+03
3.640000000000000000e+03 3.367938916198909283e-05 1.839690589904785156e+01 3.367938916198909283e-05 1.839690589904785156e+01 1.015990734100341797e+00 1.450079223632812500e+03
3.650000000000000000e+03 2.121312900271732360e-05 1.839689445495605469e+01 2.121312900271732360e-05 1.839689445495605469e+01 1.016014099121093750e+00 1.450146484375000000e+03
3.660000000000000000e+03 9.106885954679455608e-06 1.839690208435058594e+01 9.106885954679455608e-06 1.839690208435058594e+01 1.016026377677917480e+00 1.450181396484375000e+03
3.670000000000000000e+03 9.870444728221627884e-07 1.839690780639648438e+01 9.870444728221627884e-07 1.839690780639648438e+01 1.016035914421081543e+00 1.450208496093750000e+03
3.680000000000000000e+03 9.509372489446832333e-07 1.839690971374511719e+01 9.509372489446832333e-07 1.839690971374511719e+01 1.016042113304138184e+00 1.450226074218750000e+03
3.690000000000000000e+03 6.792019121348857880e-05 1.839689826965332031e+01 6.792019121348857880e-05 1.839689826965332031e+01 1.016029834747314453e+00 1.450191162109375000e+03
3.700000000000000000e+03 8.854020416038110852e-05 1.839689445495605469e+01 8.854020416038110852e-05 1.839689445495605469e+01 1.015972375869750977e+00 1.450027221679687500e+03
3.710000000000000000e+03 1.045341778080910444e-04 1.839690017700195312e+01 1.045341778080910444e-04 1.839690017700195312e+01 1.015974879264831543e+00 1.450034423828125000e+03
3.720000000000000000e+03 3.550637484295293689e-05 1.839690208435058594e+01 3.550637484295293689e-05 1.839690208435058594e+01 1.015980005264282227e+00 1.450048706054687500e+03
3.730000000000000000e+03 1.814380993891973048e-05 1.839690780639648438e+01 1.814380993891973048e-05 1.839690780639648438e+01 1.015993475914001465e+00 1.450087280273437500e+03
3.740000000000000000e+03 8.204213372664526105e-06 1.839690971374511719e+01 8.204213372664526105e-06 1.839690971374511719e+01 1.015997648239135742e+00 1.450098999023437500e+03
3.750000000000000000e+03 3.566971827240195125e-06 1.839690017700195312e+01 3.566971827240195125e-06 1.839690017700195312e+01 1.016004800796508789e+00 1.450119628906250000e+03
3.760000000000000000e+03 4.325132522353669629e-06 1.839690208435058594e+01 4.325132522353669629e-06 1.839690208435058594e+01 1.016005039215087891e+00 1.450120239257812500e+03
3.770000000000000000e+03 4.455115231394302100e-06 1.839690589904785156e+01 4.455115231394302100e-06 1.839690589904785156e+01 1.016010642051696777e+00 1.450136352539062500e+03
3.780000000000000000e+03 5.724942093365825713e-05 1.839690589904785156e+01 5.724942093365825713e-05 1.839690589904785156e+01 1.015952229499816895e+00 1.449969726562500000e+03
3.790000000000000000e+03 4.350323069957084954e-05 1.839690971374511719e+01 4.350323069957084954e-05 1.839690971374511719e+01 1.015929698944091797e+00 1.449905273437500000e+03
3.800000000000000000e+03 5.622978278552182019e-05 1.839690208435058594e+01 5.622978278552182019e-05 1.839690208435058594e+01 1.015956640243530273e+00 1.449982055664062500e+03
3.810000000000000000e+03 2.725623926380649209e-05 1.839689445495605469e+01 2.725623926380649209e-05 1.839689445495605469e+01 1.015963077545166016e+00 1.450000366210937500e+03
3.820000000000000000e+03 2.180454885092331097e-06 1.839691543579101562e+01 2.180454885092331097e-06 1.839691543579101562e+01 1.015969514846801758e+00 1.450018676757812500e+03
3.830000000000000000e+03 3.479291626717895269e-05 1.839690780639648438e+01 3.479291626717895269e-05 1.839690780639648438e+01 1.015970110893249512e+00 1.450020874023437500e+03
3.840000000000000000e+03 9.238369784725364298e-06 1.839690017700195312e+01 9.238369784725364298e-06 1.839690017700195312e+01 1.015942931175231934e+00 1.449942871093750000e+03
3.850000000000000000e+03 3.160084088449366391e-05 1.839691925048828125e+01 3.160084088449366391e-05 1.839691925048828125e+01 1.015967130661010742e+00 1.450012084960937500e+03
3.860000000000000000e+03 1.234572778230358381e-06 1.839689445495605469e+01 1.234572778230358381e-06 1.839689445495605469e+01 1.015960812568664551e+00 1.449994018554687500e+03
3.870000000000000000e+03 1.144464840763248503e-05 1.839689826965332031e+01 1.144464840763248503e-05 1.839689826965332031e+01 1.015975475311279297e+00 1.450035766601562500e+03
3.880000000000000000e+03 8.720489131519570947e-05 1.839689826965332031e+01 8.720489131519570947e-05 1.839689826965332031e+01 1.015879988670349121e+00 1.449763305664062500e+03
3.890000000000000000e+03 4.857598833041265607e-05 1.839691352844238281e+01 4.857598833041265607e-05 1.839691352844238281e+01 1.015917062759399414e+00 1.449869140625000000e+03
3.900000000000000000e+03 7.656994421267881989e-05 1.839690017700195312e+01 7.656994421267881989e-05 1.839690017700195312e+01 1.015883445739746094e+00 1.449773071289062500e+03
3.910000000000000000e+03 2.579382999101653695e-05 1.839690589904785156e+01 2.579382999101653695e-05 1.839690589904785156e+01 1.015909433364868164e+00 1.449847290039062500e+03
3.920000000000000000e+03 8.393785719817969948e-06 1.839691162109375000e+01 8.393785719817969948e-06 1.839691162109375000e+01 1.015889525413513184e+00 1.449790649414062500e+03
3.930000000000000000e+03 1.203243118652608246e-05 1.839689826965332031e+01 1.203243118652608246e-05 1.839689826965332031e+01 1.015900969505310059e+00 1.449823120117187500e+03
3.940000000000000000e+03 1.917053850775118917e-05 1.839690017700195312e+01 1.917053850775118917e-05 1.839690017700195312e+01 1.015927076339721680e+00 1.449897583007812500e+03
3.950000000000000000e+03 1.617714588064700365e-05 1.839690589904785156e+01 1.617714588064700365e-05 1.839690589904785156e+01 1.015928983688354492e+00 1.449903076171875000e+03
3.960000000000000000e+03 1.144793986895820126e-05 1.839690399169921875e+01 1.144793986895820126e-05 1.839690399169921875e+01 1.015941858291625977e+00 1.449940063476562500e+03
3.970000000000000000e+03 1.630796759855002165e-05 1.839690208435058594e+01 1.630796759855002165e-05 1.839690208435058594e+01 1.015945315361022949e+00 1.449949951171875000e+03
3.980000000000000000e+03 4.428827196534257382e-06 1.839690971374511719e+01 4.428827196534257382e-06 1.839690971374511719e+01 1.015947222709655762e+00 1.449955444335937500e+03
3.990000000000000000e+03 1.016873852677235845e-06 1.839690971374511719e+01 1.016873852677235845e-06 1.839690971374511719e+01 1.015949368476867676e+00 1.449961303710937500e+03
4.000000000000000000e+03 1.068240271706599742e-05 1.839689826965332031e+01 1.068240271706599742e-05 1.839689826965332031e+01 1.015944242477416992e+00 1.449946899414062500e+03
4.010000000000000000e+03 9.288638693760731257e-07 1.839690971374511719e+01 9.288638693760731257e-07 1.839690971374511719e+01 1.015948653221130371e+00 1.449959228515625000e+03
4.020000000000000000e+03 1.619576869416050613e-05 1.839689826965332031e+01 1.619576869416050613e-05 1.839689826965332031e+01 1.015953898429870605e+00 1.449974365234375000e+03
4.030000000000000000e+03 4.009442636743187904e-05 1.839689826965332031e+01 4.009442636743187904e-05 1.839689826965332031e+01 1.015898346900939941e+00 1.449815673828125000e+03
4.040000000000000000e+03 4.291366713005118072e-05 1.839689636230468750e+01 4.291366713005118072e-05 1.839689636230468750e+01 1.015887379646301270e+00 1.449784301757812500e+03
4.050000000000000000e+03 5.859226439497433603e-05 1.839690780639648438e+01 5.859226439497433603e-05 1.839690780639648438e+01 1.015922665596008301e+00 1.449885009765625000e+03
4.060000000000000000e+03 1.708196759864222258e-05 1.839690017700195312e+01 1.708196759864222258e-05 1.839690017700195312e+01 1.015921354293823242e+00 1.449881469726562500e+03
4.070000000000000000e+03 7.367782473011175171e-06 1.839690589904785156e+01 7.367782473011175171e-06 1.839690589904785156e+01 1.015928030014038086e+00 1.449900390625000000e+03
4.080000000000000000e+03 3.100791582255624235e-05 1.839691162109375000e+01 3.100791582255624235e-05 1.839691162109375000e+01 1.015924453735351562e+00 1.449890258789062500e+03
4.090000000000000000e+03 5.223799234954640269e-06 1.839691543579101562e+01 5.223799234954640269e-06 1.839691543579101562e+01 1.015913128852844238e+00 1.449858032226562500e+03
4.100000000000000000e+03 7.028382970020174980e-05 1.839691352844238281e+01 7.028382970020174980e-05 1.839691352844238281e+01 1.015930652618408203e+00 1.449907958984375000e+03
4.110000000000000000e+03 1.475825683883158490e-05 1.839690017700195312e+01 1.475825683883158490e-05 1.839690017700195312e+01 1.015881419181823730e+00 1.449767456054687500e+03
4.120000000000000000e+03 1.332513966190163046e-05 1.839691162109375000e+01 1.332513966190163046e-05 1.839691162109375000e+01 1.015937566757202148e+00 1.449927612304687500e+03
4.130000000000000000e+03 2.104995701301959343e-06 1.839690971374511719e+01 2.104995701301959343e-06 1.839690971374511719e+01 1.015915513038635254e+00 1.449864868164062500e+03
4.140000000000000000e+03 1.346808062407944817e-06 1.839690589904785156e+01 1.346808062407944817e-06 1.839690589904785156e+01 1.015931487083435059e+00 1.449910156250000000e+03
4.150000000000000000e+03 1.656082713452633470e-05 1.839690971374511719e+01 1.656082713452633470e-05 1.839690971374511719e+01 1.015939593315124512e+00 1.449933593750000000e+03
4.160000000000000000e+03 2.382584716542623937e-05 1.839690589904785156e+01 2.382584716542623937e-05 1.839690589904785156e+01 1.015924453735351562e+00 1.449890380859375000e+03
4.170000000000000000e+03 1.531333168713899795e-06 1.839690971374511719e+01 1.531333168713899795e-06 1.839690971374511719e+01 1.015933394432067871e+00 1.449915771484375000e+03
4.180000000000000000e+03 8.298620377900078893e-05 1.839690780639648438e+01 8.298620377900078893e-05 1.839690780639648438e+01 1.015921354293823242e+00 1.449881347656250000e+03
4.190000000000000000e+03 2.521416536183096468e-05 1.839690971374511719e+01 2.521416536183096468e-05 1.839690971374511719e+01 1.015898585319519043e+00 1.449816406250000000e+03
4.200000000000000000e+03 2.044279972324147820e-05 1.839689445495605469e+01 2.044279972324147820e-05 1.839689445495605469e+01 1.015942931175231934e+00 1.449943237304687500e+03
4.210000000000000000e+03 3.095866304647643119e-06 1.839689445495605469e+01 3.095866304647643119e-06 1.839689445495605469e+01 1.015917539596557617e+00 1.449870361328125000e+03
4.220000000000000000e+03 8.939307917898986489e-06 1.839690208435058594e+01 8.939307917898986489e-06 1.839690208435058594e+01 1.015936970710754395e+00 1.449926025390625000e+03
4.230000000000000000e+03 1.263005515284021385e-06 1.839690780639648438e+01 1.263005515284021385e-06 1.839690780639648438e+01 1.015942454338073730e+00 1.449941894531250000e+03
4.240000000000000000e+03 6.573171958734747022e-06 1.839690589904785156e+01 6.573171958734747022e-06 1.839690589904785156e+01 1.015950798988342285e+00 1.449965332031250000e+03
4.250000000000000000e+03 1.355794520350173116e-04 1.839689636230468750e+01 1.355794520350173116e-04 1.839689636230468750e+01 1.015917778015136719e+00 1.449871093750000000e+03
4.260000000000000000e+03 4.921679646940901875e-05 1.839690208435058594e+01 4.921679646940901875e-05 1.839690208435058594e+01 1.015912413597106934e+00 1.449855957031250000e+03
4.270000000000000000e+03 1.965219780686311424e-06 1.839690971374511719e+01 1.965219780686311424e-06 1.839690971374511719e+01 1.015939831733703613e+00 1.449933959960937500e+03
4.280000000000000000e+03 8.001852052075264510e-07 1.839690589904785156e+01 8.001852052075264510e-07 1.839690589904785156e+01 1.015946149826049805e+00 1.449952026367187500e+03
4.290000000000000000e+03 6.325101935544807930e-07 1.839690589904785156e+01 6.325101935544807930e-07 1.839690589904785156e+01 1.015955448150634766e+00 1.449978393554687500e+03
4.300000000000000000e+03 8.460567914880812168e-05 1.839690780639648438e+01 8.460567914880812168e-05 1.839690780639648438e+01 1.015945315361022949e+00 1.449949951171875000e+03
4.310000000000000000e+03 4.569119482766836882e-06 1.839689636230468750e+01 4.569119482766836882e-06 1.839689636230468750e+01 1.015893578529357910e+00 1.449802001953125000e+03
4.320000000000000000e+03 4.567802989186020568e-06 1.839690780639648438e+01 4.567802989186020568e-06 1.839690780639648438e+01 1.015954971313476562e+00 1.449977172851562500e+03
4.330000000000000000e+03 5.792448064312338829e-05 1.839691162109375000e+01 5.792448064312338829e-05 1.839691162109375000e+01 1.015940666198730469e+00 1.449936401367187500e+03
4.340000000000000000e+03 2.395838237134739757e-05 1.839690971374511719e+01 2.395838237134739757e-05 1.839690971374511719e+01 1.015946984291076660e+00 1.449954589843750000e+03
4.350000000000000000e+03 8.114801062220067251e-07 1.839690780639648438e+01 8.114801062220067251e-07 1.839690780639648438e+01 1.015978693962097168e+00 1.450045288085937500e+03
4.360000000000000000e+03 2.511314232833683491e-05 1.839690971374511719e+01 2.511314232833683491e-05 1.839690971374511719e+01 1.015971541404724121e+00 1.450024902343750000e+03
4.370000000000000000e+03 4.976159834768623114e-05 1.839690017700195312e+01 4.976159834768623114e-05 1.839690017700195312e+01 1.015940666198730469e+00 1.449936645507812500e+03
4.380000000000000000e+03 5.963653529761359096e-05 1.839690399169921875e+01 5.963653529761359096e-05 1.839690399169921875e+01 1.015950560569763184e+00 1.449964965820312500e+03
4.390000000000000000e+03 1.876950250334630255e-06 1.839690589904785156e+01 1.876950250334630255e-06 1.839690589904785156e+01 1.015962719917297363e+00 1.449999511718750000e+03
4.400000000000000000e+03 2.990310895256698132e-05 1.839691162109375000e+01 2.990310895256698132e-05 1.839691162109375000e+01 1.015969276428222656e+00 1.450018066406250000e+03
4.410000000000000000e+03 7.152095349738374352e-05 1.839690589904785156e+01 7.152095349738374352e-05 1.839690589904785156e+01 1.015918850898742676e+00 1.449874145507812500e+03
4.420000000000000000e+03 2.138713716703932732e-05 1.839690589904785156e+01 2.138713716703932732e-05 1.839690589904785156e+01 1.015975236892700195e+00 1.450035400390625000e+03
4.430000000000000000e+03 1.306553022004663944e-04 1.839690589904785156e+01 1.306553022004663944e-04 1.839690589904785156e+01 1.015945196151733398e+00 1.449949462890625000e+03
4.440000000000000000e+03 4.855593579122796655e-05 1.839692115783691406e+01 4.855593579122796655e-05 1.839692115783691406e+01 1.015956997871398926e+00 1.449983276367187500e+03
4.450000000000000000e+03 1.853754474723245949e-05 1.839689636230468750e+01 1.853754474723245949e-05 1.839689636230468750e+01 1.015968799591064453e+00 1.450016845703125000e+03
4.460000000000000000e+03 2.468284719725488685e-06 1.839690589904785156e+01 2.468284719725488685e-06 1.839690589904785156e+01 1.015980839729309082e+00 1.450051025390625000e+03
4.470000000000000000e+03 8.554900705348700285e-05 1.839690589904785156e+01 8.554900705348700285e-05 1.839690589904785156e+01 1.015981554985046387e+00 1.450053100585937500e+03
4.480000000000000000e+03 1.992118995985947549e-06 1.839690399169921875e+01 1.992118995985947549e-06 1.839690399169921875e+01 1.015957713127136230e+00 1.449984985351562500e+03
4.490000000000000000e+03 9.642240183893591166e-05 1.839690017700195312e+01 9.642240183893591166e-05 1.839690017700195312e+01 1.015967607498168945e+00 1.450013671875000000e+03
4.500000000000000000e+03 1.799498136278998572e-06 1.839690399169921875e+01 1.799498136278998572e-06 1.839690399169921875e+01 1.015969991683959961e+00 1.450020263671875000e+03
4.510000000000000000e+03 2.090276575472671539e-05 1.839690589904785156e+01 2.090276575472671539e-05 1.839690589904785156e+01 1.015996456146240234e+00 1.450095825195312500e+03
4.520000000000000000e+03 5.975378371658734977e-05 1.839690208435058594e+01 5.975378371658734977e-05 1.839690208435058594e+01 1.015987992286682129e+00 1.450071655273437500e+03
4.530000000000000000e+03 2.519524059607647359e-05 1.839690208435058594e+01 2.519524059607647359e-05 1.839690208435058594e+01 1.015986919403076172e+00 1.450068481445312500e+03
4.540000000000000000e+03 8.996644464787095785e-05 1.839691162109375000e+01 8.996644464787095785e-05 1.839691162109375000e+01 1.015992879867553711e+00 1.450085205078125000e+03
4.550000000000000000e+03 2.319740087841637433e-05 1.839689636230468750e+01 2.319740087841637433e-05 1.839689636230468750e+01 1.015986084938049316e+00 1.450066284179687500e+03
4.560000000000000000e+03 1.705814952401851770e-06 1.839690780639648438e+01 1.705814952401851770e-06 1.839690780639648438e+01 1.016024231910705566e+00 1.450175415039062500e+03
4.570000000000000000e+03 1.673066144576296210e-04 1.839691162109375000e+01 1.673066144576296210e-04 1.839691162109375000e+01 1.015994429588317871e+00 1.450089965820312500e+03
4.580000000000000000e+03 7.579379598610103130e-05 1.839691352844238281e+01 7.579379598610103130e-05 1.839691352844238281e+01 1.015936613082885742e+00 1.449925048828125000e+03
4.590000000000000000e+03 6.548335659317672253e-05 1.839691543579101562e+01 6.548335659317672253e-05 1.839691543579101562e+01 1.016062498092651367e+00 1.450284179687500000e+03
4.600000000000000000e+03 1.810024405131116509e-04 1.839690971374511719e+01 1.810024405131116509e-04 1.839690971374511719e+01 1.016094565391540527e+00 1.450375854492187500e+03
4.610000000000000000e+03 1.092765569686889648e+00 1.840557670593261719e+01 1.092765569686889648e+00 1.840557670593261719e+01 1.018558621406555176e+00 1.457418701171875000e+03
4.620000000000000000e+03 3.810503721237182617e+00 1.847216987609863281e+01 3.810503721237182617e+00 1.847216987609863281e+01 1.007443785667419434e+00 1.425784667968750000e+03
4.630000000000000000e+03 3.963485002517700195e+00 1.841412353515625000e+01 3.963485002517700195e+00 1.841412353515625000e+01 1.002522349357604980e+00 1.411888427734375000e+03
4.640000000000000000e+03 3.999055385589599609e+00 1.840777587890625000e+01 3.999055385589599609e+00 1.840777587890625000e+01 1.000250339508056641e+00 1.405496582031250000e+03
4.650000000000000000e+03 3.828116416931152344e+00 1.840205383300781250e+01 3.828116416931152344e+00 1.840205383300781250e+01 1.001780986785888672e+00 1.409800781250000000e+03
4.660000000000000000e+03 3.484195470809936523e+00 1.840192031860351562e+01 3.484195470809936523e+00 1.840192031860351562e+01 1.001706242561340332e+00 1.409590698242187500e+03
4.670000000000000000e+03 3.952775716781616211e+00 1.841787528991699219e+01 3.952775716781616211e+00 1.841787528991699219e+01 1.002937436103820801e+00 1.413057861328125000e+03
4.680000000000000000e+03 2.588053464889526367e+00 1.846704483032226562e+01 2.588053464889526367e+00 1.846704483032226562e+01 9.978851675987243652e-01 1.398857543945312500e+03
4.690000000000000000e+03 3.999985933303833008e+00 1.844684791564941406e+01 3.999985933303833008e+00 1.844684791564941406e+01 1.004501819610595703e+00 1.417469482421875000e+03
4.700000000000000000e+03 3.999994754791259766e+00 1.841712570190429688e+01 3.999994754791259766e+00 1.841712570190429688e+01 9.989755749702453613e-01 1.401916137695312500e+03
4.710000000000000000e+03 4.000000953674316406e+00 1.840531158447265625e+01 4.000000953674316406e+00 1.840531158447265625e+01 1.001307249069213867e+00 1.408468017578125000e+03
4.720000000000000000e+03 4.000000953674316406e+00 1.839970779418945312e+01 4.000000953674316406e+00 1.839970779418945312e+01 9.996503591537475586e-01 1.403810668945312500e+03
4.730000000000000000e+03 4.000001430511474609e+00 1.839768028259277344e+01 4.000001430511474609e+00 1.839768028259277344e+01 1.000492811203002930e+00 1.406177856445312500e+03
4.740000000000000000e+03 4.000000953674316406e+00 1.839720535278320312e+01 4.000000953674316406e+00 1.839720535278320312e+01 1.000198006629943848e+00 1.405349365234375000e+03
4.750000000000000000e+03 4.000000476837158203e+00 1.839708328247070312e+01 4.000000476837158203e+00 1.839708328247070312e+01 1.000224351882934570e+00 1.405422973632812500e+03
4.760000000000000000e+03 3.999999523162841797e+00 1.839705848693847656e+01 3.999999523162841797e+00 1.839705848693847656e+01 1.000301837921142578e+00 1.405640991210937500e+03
4.770000000000000000e+03 3.999999046325683594e+00 1.839701080322265625e+01 3.999999046325683594e+00 1.839701080322265625e+01 1.000219464302062988e+00 1.405409790039062500e+03
4.780000000000000000e+03 3.999998807907104492e+00 1.839699745178222656e+01 3.999998807907104492e+00 1.839699745178222656e+01 1.000286817550659180e+00 1.405598876953125000e+03
4.790000000000000000e+03 3.999998092651367188e+00 1.839698219299316406e+01 3.999998092651367188e+00 1.839698219299316406e+01 1.000247597694396973e+00 1.405488647460937500e+03
4.800000000000000000e+03 3.999997854232788086e+00 1.839696884155273438e+01 3.999997854232788086e+00 1.839696884155273438e+01 1.000274062156677246e+00 1.405563110351562500e+03
4.810000000000000000e+03 3.999997138977050781e+00 1.839696884155273438e+01 3.999997138977050781e+00 1.839696884155273438e+01 1.000265479087829590e+00 1.405538696289062500e+03
4.820000000000000000e+03 3.999996662139892578e+00 1.839696311950683594e+01 3.999996662139892578e+00 1.839696311950683594e+01 1.000273227691650391e+00 1.405560424804687500e+03
4.830000000000000000e+03 3.999995946884155273e+00 1.839695549011230469e+01 3.999995946884155273e+00 1.839695549011230469e+01 1.000273823738098145e+00 1.405562133789062500e+03
4.840000000000000000e+03 3.999995708465576172e+00 1.839696121215820312e+01 3.999995708465576172e+00 1.839696121215820312e+01 1.000277280807495117e+00 1.405571899414062500e+03
4.850000000000000000e+03 3.999994516372680664e+00 1.839694595336914062e+01 3.999994516372680664e+00 1.839694595336914062e+01 1.000281095504760742e+00 1.405582763671875000e+03
4.860000000000000000e+03 3.999993801116943359e+00 1.839694786071777344e+01 3.999993801116943359e+00 1.839694786071777344e+01 1.000284433364868164e+00 1.405592041015625000e+03
4.870000000000000000e+03 3.999991893768310547e+00 1.839694404602050781e+01 3.999991893768310547e+00 1.839694404602050781e+01 1.000289201736450195e+00 1.405605468750000000e+03
4.880000000000000000e+03 3.999990224838256836e+00 1.839694404602050781e+01 3.999990224838256836e+00 1.839694404602050781e+01 1.000294923782348633e+00 1.405621459960937500e+03
4.890000000000000000e+03 3.999987363815307617e+00 1.839694595336914062e+01 3.999987363815307617e+00 1.839694595336914062e+01 1.000302433967590332e+00 1.405642822265625000e+03
4.900000000000000000e+03 3.999982595443725586e+00 1.839694404602050781e+01 3.999982595443725586e+00 1.839694404602050781e+01 1.000312805175781250e+00 1.405671875000000000e+03
4.910000000000000000e+03 3.999971866607666016e+00 1.839693832397460938e+01 3.999971866607666016e+00 1.839693832397460938e+01 1.000329256057739258e+00 1.405718139648437500e+03
4.920000000000000000e+03 3.999935626983642578e+00 1.839694213867187500e+01 3.999935626983642578e+00 1.839694213867187500e+01 1.000359296798706055e+00 1.405802490234375000e+03
4.930000000000000000e+03 3.999207735061645508e+00 1.839694213867187500e+01 3.999207735061645508e+00 1.839694213867187500e+01 1.000421166419982910e+00 1.405976318359375000e+03
4.940000000000000000e+03 3.999999284744262695e+00 1.839785957336425781e+01 3.999999284744262695e+00 1.839785957336425781e+01 1.000282049179077148e+00 1.405585571289062500e+03
4.950000000000000000e+03 3.999985218048095703e+00 1.839742469787597656e+01 3.999985218048095703e+00 1.839742469787597656e+01 1.000092864036560059e+00 1.405053833007812500e+03
4.960000000000000000e+03 3.999949216842651367e+00 1.839710807800292969e+01 3.999949216842651367e+00 1.839710807800292969e+01 1.000313043594360352e+00 1.405672851562500000e+03
4.970000000000000000e+03 3.999753713607788086e+00 1.839701080322265625e+01 3.999753713607788086e+00 1.839701080322265625e+01 1.000233769416809082e+00 1.405449951171875000e+03
4.980000000000000000e+03 3.998991012573242188e+00 1.839699935913085938e+01 3.998991012573242188e+00 1.839699935913085938e+01 1.000378251075744629e+00 1.405855468750000000e+03
4.990000000000000000e+03 4.002694129943847656e+00 1.839931678771972656e+01 4.002694129943847656e+00 1.839931678771972656e+01 9.990919828414916992e-01 1.402243164062500000e+03
5.000000000000000000e+03 4.000000476837158203e+00 1.839790725708007812e+01 4.000000476837158203e+00 1.839790725708007812e+01 1.000450849533081055e+00 1.406059692382812500e+03
