# step, loss_train, loss_test, metrics_test
0.000000000000000000e+00 2.331087738275527954e-02 3.247670531272888184e-01 5.152967572212219238e-01 4.428310692310333252e-01 2.331087738275527954e-02 3.247670531272888184e-01 5.152967572212219238e-01 4.428310692310333252e-01 1.122771263122558594e+00 4.506096243858337402e-01
1.000000000000000000e+01 3.605305776000022888e-02 9.922398626804351807e-02 7.293265312910079956e-02 6.922853738069534302e-02 3.605305776000022888e-02 9.922398626804351807e-02 7.293265312910079956e-02 6.922853738069534302e-02 5.223526954650878906e-01 9.753163158893585205e-02
2.000000000000000000e+01 9.541102335788309574e-04 1.522117760032415390e-02 5.536445602774620056e-02 2.192585170269012451e-02 9.541102335788309574e-04 1.522117760032415390e-02 5.536445602774620056e-02 2.192585170269012451e-02 3.863120675086975098e-01 5.334507673978805542e-02
3.000000000000000000e+01 2.950372640043497086e-03 6.750707514584064484e-03 3.338778764009475708e-02 9.328638203442096710e-03 2.950372640043497086e-03 6.750707514584064484e-03 3.338778764009475708e-02 9.328638203442096710e-03 2.961678206920623779e-01 3.135404735803604126e-02
4.000000000000000000e+01 9.044795879162847996e-04 4.280647262930870056e-03 1.943578757345676422e-02 5.798504222184419632e-03 9.044795879162847996e-04 4.280647262930870056e-03 1.943578757345676422e-02 5.798504222184419632e-03 2.337900847196578979e-01 1.953754574060440063e-02
5.000000000000000000e+01 1.535270246677100658e-03 2.435490489006042480e-03 8.986066095530986786e-03 3.236076328903436661e-03 1.535270246677100658e-03 2.435490489006042480e-03 8.986066095530986786e-03 3.236076328903436661e-03 1.672459691762924194e-01 9.998367168009281158e-03
6.000000000000000000e+01 1.770680071786046028e-03 1.776145072653889656e-03 4.369355738162994385e-03 1.967504154890775681e-03 1.770680071786046028e-03 1.776145072653889656e-03 4.369355738162994385e-03 1.967504154890775681e-03 1.135357618331909180e-01 4.607689101248979568e-03
7.000000000000000000e+01 1.595556270331144333e-03 1.258444855920970440e-03 2.829870674759149551e-03 1.464287983253598213e-03 1.595556270331144333e-03 1.258444855920970440e-03 2.829870674759149551e-03 1.464287983253598213e-03 9.138088673353195190e-02 2.984891179949045181e-03
8.000000000000000000e+01 1.253622584044933319e-03 9.263106039725244045e-04 2.116120886057615280e-03 1.076355227269232273e-03 1.253622584044933319e-03 9.263106039725244045e-04 2.116120886057615280e-03 1.076355227269232273e-03 8.142919093370437622e-02 2.370162401348352432e-03
9.000000000000000000e+01 9.952567052096128464e-04 7.036174065433442593e-04 1.742323860526084900e-03 8.511550840921700001e-04 9.952567052096128464e-04 7.036174065433442593e-04 1.742323860526084900e-03 8.511550840921700001e-04 7.665212452411651611e-02 2.100227167829871178e-03
1.000000000000000000e+02 8.307610987685620785e-04 5.612179520539939404e-04 1.447921502403914928e-03 7.170170429162681103e-04 8.307610987685620785e-04 5.612179520539939404e-04 1.447921502403914928e-03 7.170170429162681103e-04 7.401221990585327148e-02 1.958053791895508766e-03
1.000000000000000000e+02 6.287251017056405544e-04 5.612179520539939404e-04 1.447921502403914928e-03 7.170170429162681103e-04 8.307610987685620785e-04 5.612179520539939404e-04 1.447921502403914928e-03 7.170170429162681103e-04 7.401221990585327148e-02 1.958053791895508766e-03
1.100000000000000000e+02 5.550715723074972630e-04 1.633620122447609901e-03 1.893932349048554897e-03 1.796281198039650917e-03 6.970627000555396080e-04 1.633620122447609901e-03 1.893932349048554897e-03 1.796281198039650917e-03 9.138640016317367554e-02 2.985251834616065025e-03
1.200000000000000000e+02 4.116658819839358330e-04 7.317019626498222351e-04 9.374013170599937439e-04 7.343551260419189930e-04 5.556849646382033825e-04 7.317019626498222351e-04 9.374013170599937439e-04 7.343551260419189930e-04 6.360740959644317627e-02 1.446216250769793987e-03
1.300000000000000000e+02 3.404425806365907192e-04 4.342137544881552458e-04 6.762132979929447174e-04 4.659620753955096006e-04 4.607762384694069624e-04 4.342137544881552458e-04 6.762132979929447174e-04 4.659620753955096006e-04 5.812835320830345154e-02 1.207796856760978699e-03
1.400000000000000000e+02 3.378019027877599001e-04 2.567971532698720694e-04 5.500290426425635815e-04 3.262262034695595503e-04 4.292553931009024382e-04 2.567971532698720694e-04 5.500290426425635815e-04 3.262262034695595503e-04 5.505478382110595703e-02 1.083447714336216450e-03
1.500000000000000000e+02 3.149416006635874510e-04 1.999949163291603327e-04 4.261214926373213530e-04 2.457799564581364393e-04 4.019291081931442022e-04 1.999949163291603327e-04 4.261214926373213530e-04 2.457799564581364393e-04 5.111876130104064941e-02 9.340679389424622059e-04
1.600000000000000000e+02 2.695572038646787405e-04 1.607377926120534539e-04 3.504264459479600191e-04 2.168888167943805456e-04 3.600414493121206760e-04 1.607377926120534539e-04 3.504264459479600191e-04 2.168888167943805456e-04 4.905571043491363525e-02 8.601950830779969692e-04
1.700000000000000000e+02 2.466519072186201811e-04 1.394095452269539237e-04 3.128733078483492136e-04 1.790037058526650071e-04 3.348921600263565779e-04 1.394095452269539237e-04 3.128733078483492136e-04 1.790037058526650071e-04 4.727362468838691711e-02 7.988323341123759747e-04
1.800000000000000000e+02 2.340540086152032018e-04 1.219472833327017725e-04 2.694801369216293097e-04 1.551372406538575888e-04 3.176016034558415413e-04 1.219472833327017725e-04 2.694801369216293097e-04 1.551372406538575888e-04 4.597898200154304504e-02 7.556776399724185467e-04
1.900000000000000000e+02 2.233659470221027732e-04 1.092230304493568838e-04 2.356137702008709311e-04 1.395474537275731564e-04 3.033565881196409464e-04 1.092230304493568838e-04 2.356137702008709311e-04 1.395474537275731564e-04 4.497307538986206055e-02 7.229746552184224129e-04
2.000000000000000000e+02 2.129317144863307476e-04 9.820410195970907807e-05 2.102953440044075251e-04 1.243331353180110455e-04 2.894287463277578354e-04 9.820410195970907807e-05 2.102953440044075251e-04 1.243331353180110455e-04 4.379239305853843689e-02 6.855120882391929626e-04
2.000000000000000000e+02 1.685763127170503139e-04 9.820410195970907807e-05 2.102953440044075251e-04 1.243331353180110455e-04 2.894287463277578354e-04 9.820410195970907807e-05 2.102953440044075251e-04 1.243331353180110455e-04 4.379239305853843689e-02 6.855120882391929626e-04
2.100000000000000000e+02 5.973684601485729218e-04 8.553463267162442207e-04 4.730185028165578842e-04 9.157318272627890110e-04 7.939235074445605278e-04 8.553463267162442207e-04 4.730185028165578842e-04 9.157318272627890110e-04 5.356786027550697327e-02 1.025714329443871975e-03
2.200000000000000000e+02 1.790735259419307113e-04 3.687847347464412451e-04 3.643657255452126265e-04 4.588650481309741735e-04 2.984752645716071129e-04 3.687847347464412451e-04 3.643657255452126265e-04 4.588650481309741735e-04 4.549374431371688843e-02 7.398116867989301682e-04
2.300000000000000000e+02 1.397298183292150497e-04 2.135388640454038978e-04 2.427443396300077438e-04 2.115306124323979020e-04 2.297432656632736325e-04 2.135388640454038978e-04 2.427443396300077438e-04 2.115306124323979020e-04 4.123734310269355774e-02 6.078538717702031136e-04
2.400000000000000000e+02 1.491465081926435232e-04 1.831399713410064578e-04 2.062290877802297473e-04 1.854415459092706442e-04 2.370483998674899340e-04 1.831399713410064578e-04 2.062290877802297473e-04 1.854415459092706442e-04 4.003189876675605774e-02 5.728358519263565540e-04
2.500000000000000000e+02 1.351161190541461110e-04 1.022251599351875484e-04 1.459834602428600192e-04 1.143089466495439410e-04 2.249740064144134521e-04 1.022251599351875484e-04 1.459834602428600192e-04 1.143089466495439410e-04 3.885465115308761597e-02 5.396396736614406109e-04
2.600000000000000000e+02 1.335441629635170102e-04 6.188287079567089677e-05 1.136401333496905863e-04 7.686462777201086283e-05 2.302668290212750435e-04 6.188287079567089677e-05 1.136401333496905863e-04 7.686462777201086283e-05 3.873095661401748657e-02 5.362092633731663227e-04
2.700000000000000000e+02 1.339394220849499106e-04 6.026380651746876538e-05 1.023721561068668962e-04 7.602528057759627700e-05 2.296427119290456176e-04 6.026380651746876538e-05 1.023721561068668962e-04 7.602528057759627700e-05 3.835222125053405762e-02 5.257737357169389725e-04
2.800000000000000000e+02 1.260428980458527803e-04 5.218288424657657743e-05 9.631737339077517390e-05 6.420399586204439402e-05 2.169447543565183878e-04 5.218288424657657743e-05 9.631737339077517390e-05 6.420399586204439402e-05 3.741110116243362427e-02 5.002865800634026527e-04
2.900000000000000000e+02 1.222852588398382068e-04 4.849148899666033685e-05 8.991385402623564005e-05 5.899728785152547061e-05 2.103279548464342952e-04 4.849148899666033685e-05 8.991385402623564005e-05 5.899728785152547061e-05 3.699873387813568115e-02 4.893184523098170757e-04
3.000000000000000000e+02 1.193140269606374204e-04 4.533881656243465841e-05 8.175209950422868133e-05 5.556677569984458387e-05 2.053976495517417789e-04 4.533881656243465841e-05 8.175209950422868133e-05 5.556677569984458387e-05 3.672190755605697632e-02 4.820235772058367729e-04
3.000000000000000000e+02 9.868981578620150685e-05 4.533881656243465841e-05 8.175209950422868133e-05 5.556677569984458387e-05 2.053976495517417789e-04 4.533881656243465841e-05 8.175209950422868133e-05 5.556677569984458387e-05 3.672190755605697632e-02 4.820235772058367729e-04
3.100000000000000000e+02 6.212858133949339390e-04 5.216900724917650223e-03 1.901143579743802547e-03 5.567853804677724838e-03 4.996419302187860012e-04 5.216900724917650223e-03 1.901143579743802547e-03 5.567853804677724838e-03 8.462335169315338135e-02 2.559753833338618279e-03
3.200000000000000000e+02 4.258941626176238060e-04 7.311172666959464550e-04 6.218763883225619793e-04 7.214007200673222542e-04 6.750808097422122955e-04 7.311172666959464550e-04 6.218763883225619793e-04 7.214007200673222542e-04 5.536183714866638184e-02 1.095566898584365845e-03
3.300000000000000000e+02 9.528226655675098300e-05 3.341686096973717213e-04 2.577983832452446222e-04 3.160492633469402790e-04 1.893275475595146418e-04 3.341686096973717213e-04 2.577983832452446222e-04 3.160492633469402790e-04 4.662948101758956909e-02 7.772110984660685062e-04
3.400000000000000000e+02 1.158588274847716093e-04 2.353512682020664215e-04 1.957432832568883896e-04 2.643662155605852604e-04 2.351504372199997306e-04 2.353512682020664215e-04 1.957432832568883896e-04 2.643662155605852604e-04 4.065665602684020996e-02 5.908551975153386593e-04
3.500000000000000000e+02 9.261161176254972816e-05 8.652122778585180640e-05 1.025108140311203897e-04 9.352148481411859393e-05 1.920329086715355515e-04 8.652122778585180640e-05 1.025108140311203897e-04 9.352148481411859393e-05 3.779125213623046875e-02 5.105055170133709908e-04
3.600000000000000000e+02 9.295155905419960618e-05 5.225791755947284400e-05 6.989582470851019025e-05 6.138432217994704843e-05 1.931589213199913502e-04 5.225791755947284400e-05 6.989582470851019025e-05 6.138432217994704843e-05 3.600612282752990723e-02 4.634155484382063150e-04
3.700000000000000000e+02 8.918516687117516994e-05 4.370430178823880851e-05 6.316405779216438532e-05 5.108400364406406879e-05 1.860165211837738752e-04 4.370430178823880851e-05 6.316405779216438532e-05 5.108400364406406879e-05 3.492302820086479187e-02 4.359549784567207098e-04
3.800000000000000000e+02 8.783109660726040602e-05 3.853067391901277006e-05 5.724242873839102685e-05 4.648853064281865954e-05 1.829837128752842546e-04 3.853067391901277006e-05 5.724242873839102685e-05 4.648853064281865954e-05 3.436036035418510437e-02 4.220202099531888962e-04
3.900000000000000000e+02 8.524710574420168996e-05 3.580471093300729990e-05 5.347636397345922887e-05 4.253488077665679157e-05 1.778941950760781765e-04 3.580471093300729990e-05 5.347636397345922887e-05 4.253488077665679157e-05 3.430534154176712036e-02 4.206697631161659956e-04
4.000000000000000000e+02 8.414239709964022040e-05 3.376345557626336813e-05 5.092613355373032391e-05 4.006739254691638052e-05 1.755608391249552369e-04 3.376345557626336813e-05 5.092613355373032391e-05 4.006739254691638052e-05 3.406001999974250793e-02 4.146747814957052469e-04
