# step, loss_train, loss_test, metrics_test
0.000000000000000000e+00 1.372679233551025391e+00 2.356620550155639648e+00 1.372679233551025391e+00 2.356620550155639648e+00 9.836846590042114258e-01 2.356946229934692383e+00
1.000000000000000000e+01 2.381407022476196289e-01 1.290890097618103027e+00 2.381407022476196289e-01 1.290890097618103027e+00 7.282178997993469238e-01 1.291696906089782715e+00
2.000000000000000000e+01 1.201325654983520508e-01 8.044258952140808105e-01 1.201325654983520508e-01 8.044258952140808105e-01 5.748336911201477051e-01 8.048637509346008301e-01
3.000000000000000000e+01 5.623155459761619568e-02 4.060763716697692871e-01 5.623155459761619568e-02 4.060763716697692871e-01 4.084219634532928467e-01 4.063085913658142090e-01
4.000000000000000000e+01 3.329496830701828003e-02 9.249383211135864258e-02 3.329496830701828003e-02 9.249383211135864258e-02 1.949495971202850342e-01 9.257262945175170898e-02
5.000000000000000000e+01 2.976181544363498688e-02 5.896573141217231750e-02 2.976181544363498688e-02 5.896573141217231750e-02 1.554632335901260376e-01 5.886989831924438477e-02
6.000000000000000000e+01 1.199665386229753494e-02 3.849710896611213684e-02 1.199665386229753494e-02 3.849710896611213684e-02 1.257082521915435791e-01 3.849156573414802551e-02
7.000000000000000000e+01 1.009160280227661133e-02 2.888703159987926483e-02 1.009160280227661133e-02 2.888703159987926483e-02 1.089596971869468689e-01 2.891809679567813873e-02
8.000000000000000000e+01 5.642945878207683563e-03 2.702496200799942017e-02 5.642945878207683563e-03 2.702496200799942017e-02 1.054389402270317078e-01 2.707945182919502258e-02
9.000000000000000000e+01 5.355123896151781082e-03 2.257773093879222870e-02 5.355123896151781082e-03 2.257773093879222870e-02 9.649786353111267090e-02 2.268158271908760071e-02
1.000000000000000000e+02 5.326900631189346313e-03 1.931177824735641479e-02 5.326900631189346313e-03 1.931177824735641479e-02 8.932699263095855713e-02 1.943583600223064423e-02
1.100000000000000000e+02 4.550491459667682648e-03 1.725084707140922546e-02 4.550491459667682648e-03 1.725084707140922546e-02 8.454560488462448120e-02 1.741085015237331390e-02
1.200000000000000000e+02 4.377381876111030579e-03 1.494614221155643463e-02 4.377381876111030579e-03 1.494614221155643463e-02 7.882031798362731934e-02 1.513262465596199036e-02
1.300000000000000000e+02 3.819417208433151245e-03 1.326940022408962250e-02 3.819417208433151245e-03 1.326940022408962250e-02 7.437265664339065552e-02 1.347300596535205841e-02
1.400000000000000000e+02 3.379964036867022514e-03 1.170256081968545914e-02 3.379964036867022514e-03 1.170256081968545914e-02 6.997009366750717163e-02 1.192512363195419312e-02
1.500000000000000000e+02 3.040613373741507530e-03 1.028604526072740555e-02 3.040613373741507530e-03 1.028604526072740555e-02 6.571638584136962891e-02 1.051926054060459137e-02
1.600000000000000000e+02 2.795533277094364166e-03 9.035153314471244812e-03 2.795533277094364166e-03 9.035153314471244812e-03 6.171074137091636658e-02 9.275970049202442169e-03
1.700000000000000000e+02 2.604289911687374115e-03 7.963757961988449097e-03 2.604289911687374115e-03 7.963757961988449097e-03 5.804375186562538147e-02 8.206326514482498169e-03
1.800000000000000000e+02 2.444916404783725739e-03 7.040176540613174438e-03 2.444916404783725739e-03 7.040176540613174438e-03 5.466938763856887817e-02 7.279914803802967072e-03
1.900000000000000000e+02 2.296857535839080811e-03 6.233934778720140457e-03 2.296857535839080811e-03 6.233934778720140457e-03 5.152126029133796692e-02 6.465629674494266510e-03
2.000000000000000000e+02 2.146530663594603539e-03 5.529876798391342163e-03 2.146530663594603539e-03 5.529876798391342163e-03 4.859015345573425293e-02 5.750882439315319061e-03
2.100000000000000000e+02 1.987600000575184822e-03 4.915173631161451340e-03 1.987600000575184822e-03 4.915173631161451340e-03 4.586449638009071350e-02 5.123788025230169296e-03
2.200000000000000000e+02 1.825166749767959118e-03 4.375165794044733047e-03 1.825166749767959118e-03 4.375165794044733047e-03 4.332212731242179871e-02 4.571486264467239380e-03
2.300000000000000000e+02 1.669146586209535599e-03 3.898796858265995979e-03 1.669146586209535599e-03 3.898796858265995979e-03 4.094390198588371277e-02 4.083347506821155548e-03
2.400000000000000000e+02 1.528128283098340034e-03 3.481559222564101219e-03 1.528128283098340034e-03 3.481559222564101219e-03 3.873895108699798584e-02 3.655389184132218361e-03
2.500000000000000000e+02 1.406993833370506763e-03 3.124498762190341949e-03 1.406993833370506763e-03 3.124498762190341949e-03 3.674421831965446472e-02 3.288636915385723114e-03
2.600000000000000000e+02 1.302602118812501431e-03 2.826946321874856949e-03 1.302602118812501431e-03 2.826946321874856949e-03 3.499136865139007568e-02 2.982357749715447426e-03
2.700000000000000000e+02 1.211946597322821617e-03 2.583314431831240654e-03 1.211946597322821617e-03 2.583314431831240654e-03 3.348438814282417297e-02 2.731006359681487083e-03
2.800000000000000000e+02 1.130986493080854416e-03 2.387512009590864182e-03 1.130986493080854416e-03 2.387512009590864182e-03 3.221820667386054993e-02 2.528369659557938576e-03
2.900000000000000000e+02 1.057066256180405617e-03 2.229398814961314201e-03 1.057066256180405617e-03 2.229398814961314201e-03 3.115439042448997498e-02 2.364157466217875481e-03
3.000000000000000000e+02 9.895608527585864067e-04 2.100150100886821747e-03 9.895608527585864067e-04 2.100150100886821747e-03 3.025499358773231506e-02 2.229626290500164032e-03
3.100000000000000000e+02 9.276621276512742043e-04 1.993271056562662125e-03 9.276621276512742043e-04 1.993271056562662125e-03 2.948828972876071930e-02 2.118054078891873360e-03
3.200000000000000000e+02 8.714487194083631039e-04 1.901848707348108292e-03 8.714487194083631039e-04 1.901848707348108292e-03 2.881493419408798218e-02 2.022428438067436218e-03
3.300000000000000000e+02 8.207920473068952560e-04 1.822540420107543468e-03 8.207920473068952560e-04 1.822540420107543468e-03 2.821678109467029572e-02 1.939334906637668610e-03
3.400000000000000000e+02 7.749600918032228947e-04 1.752638141624629498e-03 7.749600918032228947e-04 1.752638141624629498e-03 2.767853997647762299e-02 1.866054371930658817e-03
3.500000000000000000e+02 7.339459843933582306e-04 1.689772470854222775e-03 7.339459843933582306e-04 1.689772470854222775e-03 2.718416787683963776e-02 1.799989375285804272e-03
3.600000000000000000e+02 6.968904635868966579e-04 1.632996485568583012e-03 6.968904635868966579e-04 1.632996485568583012e-03 2.672916278243064880e-02 1.740237814374268055e-03
3.700000000000000000e+02 6.631659343838691711e-04 1.581000629812479019e-03 6.631659343838691711e-04 1.581000629812479019e-03 2.630534023046493530e-02 1.685488503426313400e-03
3.800000000000000000e+02 6.331203039735555649e-04 1.532737514935433865e-03 6.331203039735555649e-04 1.532737514935433865e-03 2.590493485331535339e-02 1.634567626751959324e-03
3.900000000000000000e+02 6.054296391084790230e-04 1.488152309320867062e-03 6.054296391084790230e-04 1.488152309320867062e-03 2.552955597639083862e-02 1.587538863532245159e-03
4.000000000000000000e+02 5.805523833259940147e-04 1.446157577447593212e-03 5.805523833259940147e-04 1.446157577447593212e-03 2.516985684633255005e-02 1.543118502013385296e-03
4.100000000000000000e+02 5.578378913924098015e-04 1.407120842486619949e-03 5.578378913924098015e-04 1.407120842486619949e-03 2.483058162033557892e-02 1.501798629760742188e-03
4.200000000000000000e+02 5.370031576603651047e-04 1.369981444440782070e-03 5.370031576603651047e-04 1.369981444440782070e-03 2.450322732329368591e-02 1.462461426854133606e-03
4.300000000000000000e+02 5.179750733077526093e-04 1.335023203864693642e-03 5.179750733077526093e-04 1.335023203864693642e-03 2.419105172157287598e-02 1.425434718839824200e-03
4.400000000000000000e+02 5.004118429496884346e-04 1.301887212321162224e-03 5.004118429496884346e-04 1.301887212321162224e-03 2.389039844274520874e-02 1.390223507769405842e-03
4.500000000000000000e+02 4.841029294766485691e-04 1.270693261176347733e-03 4.841029294766485691e-04 1.270693261176347733e-03 2.360467426478862762e-02 1.357168890535831451e-03
4.600000000000000000e+02 4.692514194175601006e-04 1.240671146661043167e-03 4.692514194175601006e-04 1.240671146661043167e-03 2.332565374672412872e-02 1.325273420661687851e-03
4.700000000000000000e+02 4.553303297143429518e-04 1.212111325003206730e-03 4.553303297143429518e-04 1.212111325003206730e-03 2.305697835981845856e-02 1.294919056817889214e-03
4.800000000000000000e+02 4.425813676789402962e-04 1.184678170830011368e-03 4.425813676789402962e-04 1.184678170830011368e-03 2.279595471918582916e-02 1.265766099095344543e-03
4.900000000000000000e+02 4.303939058445394039e-04 1.158956554718315601e-03 4.303939058445394039e-04 1.158956554718315601e-03 2.254892885684967041e-02 1.238482072949409485e-03
5.000000000000000000e+02 4.192113701719790697e-04 1.133883255533874035e-03 4.192113701719790697e-04 1.133883255533874035e-03 2.230468764901161194e-02 1.211797818541526794e-03
5.100000000000000000e+02 4.086824774276465178e-04 1.110000885091722012e-03 4.086824774276465178e-04 1.110000885091722012e-03 2.206991240382194519e-02 1.186421723105013371e-03
5.200000000000000000e+02 3.987286181654781103e-04 1.087181270122528076e-03 3.987286181654781103e-04 1.087181270122528076e-03 2.184355072677135468e-02 1.162209198810160160e-03
5.300000000000000000e+02 3.895405679941177368e-04 1.065008924342691898e-03 3.895405679941177368e-04 1.065008924342691898e-03 2.162088081240653992e-02 1.138635212555527687e-03
5.400000000000000000e+02 3.808414039667695761e-04 1.043763011693954468e-03 3.808414039667695761e-04 1.043763011693954468e-03 2.140529453754425049e-02 1.116041443310678005e-03
5.500000000000000000e+02 3.725243150256574154e-04 1.023310236632823944e-03 3.725243150256574154e-04 1.023310236632823944e-03 2.119587548077106476e-02 1.094310660846531391e-03
5.600000000000000000e+02 3.647066187113523483e-04 1.003615674562752247e-03 3.647066187113523483e-04 1.003615674562752247e-03 2.099280059337615967e-02 1.073442166671156883e-03
5.700000000000000000e+02 3.573676222003996372e-04 9.845205349847674370e-04 3.573676222003996372e-04 9.845205349847674370e-04 2.079349942505359650e-02 1.053156796842813492e-03
5.800000000000000000e+02 3.503561310935765505e-04 9.660599753260612488e-04 3.503561310935765505e-04 9.660599753260612488e-04 2.059898525476455688e-02 1.033545122481882572e-03
5.900000000000000000e+02 3.437085251789540052e-04 9.482197929173707962e-04 3.437085251789540052e-04 9.482197929173707962e-04 2.040940709412097931e-02 1.014609006233513355e-03
6.000000000000000000e+02 3.372667997609823942e-04 9.311027242802083492e-04 3.372667997609823942e-04 9.311027242802083492e-04 2.022629044950008392e-02 9.964839555323123932e-04
6.100000000000000000e+02 3.312592743895947933e-04 9.143835050053894520e-04 3.312592743895947933e-04 9.143835050053894520e-04 2.004534192383289337e-02 9.787343442440032959e-04
6.200000000000000000e+02 3.254604525864124298e-04 8.981567807495594025e-04 3.254604525864124298e-04 8.981567807495594025e-04 1.986835524439811707e-02 9.615275193937122822e-04
6.300000000000000000e+02 3.197476326022297144e-04 8.825868135318160057e-04 3.197476326022297144e-04 8.825868135318160057e-04 1.969729177653789520e-02 9.450414218008518219e-04
6.400000000000000000e+02 3.149230033159255981e-04 8.679514867253601551e-04 3.149230033159255981e-04 8.679514867253601551e-04 1.953586004674434662e-02 9.296145290136337280e-04
6.500000000000000000e+02 5.805391119793057442e-04 9.577305754646658897e-04 5.805391119793057442e-04 9.577305754646658897e-04 2.046703547239303589e-02 1.020346651785075665e-03
6.600000000000000000e+02 8.272137492895126343e-04 1.019521267153322697e-03 8.272137492895126343e-04 1.019521267153322697e-03 2.102361619472503662e-02 1.076595857739448547e-03
6.700000000000000000e+02 4.616904770955443382e-04 8.908392046578228474e-04 4.616904770955443382e-04 8.908392046578228474e-04 1.973635144531726837e-02 9.487933130003511906e-04
6.800000000000000000e+02 3.422919544391334057e-04 8.378931670449674129e-04 3.422919544391334057e-04 8.378931670449674129e-04 1.918042078614234924e-02 8.960951236076653004e-04
6.900000000000000000e+02 3.052970860153436661e-04 8.118536788970232010e-04 3.052970860153436661e-04 8.118536788970232010e-04 1.889427192509174347e-02 8.695574360899627209e-04
7.000000000000000000e+02 2.907965390477329493e-04 7.950054714456200600e-04 2.907965390477329493e-04 7.950054714456200600e-04 1.870256476104259491e-02 8.520011324435472488e-04
7.100000000000000000e+02 2.810005971696227789e-04 7.802025647833943367e-04 2.810005971696227789e-04 7.802025647833943367e-04 1.853234320878982544e-02 8.365627727471292019e-04
7.200000000000000000e+02 2.751844585873186588e-04 7.674021180719137192e-04 2.751844585873186588e-04 7.674021180719137192e-04 1.838362030684947968e-02 8.231897372752428055e-04
7.300000000000000000e+02 2.719075419008731842e-04 7.553474279120564461e-04 2.719075419008731842e-04 7.553474279120564461e-04 1.824108324944972992e-02 8.104741573333740234e-04
7.400000000000000000e+02 2.686343796085566282e-04 7.432194543071091175e-04 2.686343796085566282e-04 7.432194543071091175e-04 1.809577643871307373e-02 7.976132328622043133e-04
7.500000000000000000e+02 2.647707297001034021e-04 7.320906152017414570e-04 2.647707297001034021e-04 7.320906152017414570e-04 1.796223595738410950e-02 7.858844473958015442e-04
7.600000000000000000e+02 2.617375284899026155e-04 7.207508315332233906e-04 2.617375284899026155e-04 7.207508315332233906e-04 1.782448217272758484e-02 7.738767308183014393e-04
7.700000000000000000e+02 2.583192836027592421e-04 7.099377107806503773e-04 2.583192836027592421e-04 7.099377107806503773e-04 1.769292168319225311e-02 7.624948630109429359e-04
7.800000000000000000e+02 2.554368693381547928e-04 6.996177835389971733e-04 2.554368693381547928e-04 6.996177835389971733e-04 1.756583899259567261e-02 7.515808683820068836e-04
7.900000000000000000e+02 2.704140206333249807e-04 6.972104893065989017e-04 2.704140206333249807e-04 6.972104893065989017e-04 1.753544621169567108e-02 7.489822455681860447e-04
8.000000000000000000e+02 1.299642026424407959e-03 1.046054647304117680e-03 1.299642026424407959e-03 1.046054647304117680e-03 2.124868892133235931e-02 1.099770772270858288e-03
8.100000000000000000e+02 2.412864414509385824e-04 6.792474887333810329e-04 2.412864414509385824e-04 6.792474887333810329e-04 1.730388030409812927e-02 7.293312810361385345e-04
8.200000000000000000e+02 2.687376982066780329e-04 6.855741376057267189e-04 2.687376982066780329e-04 6.855741376057267189e-04 1.737397536635398865e-02 7.352520478889346123e-04
8.300000000000000000e+02 2.654698619153350592e-04 6.725639104843139648e-04 2.654698619153350592e-04 6.725639104843139648e-04 1.721538603305816650e-02 7.218905957415699959e-04
8.400000000000000000e+02 2.448608574923127890e-04 6.528743542730808258e-04 2.448608574923127890e-04 6.528743542730808258e-04 1.697334647178649902e-02 7.017343887127935886e-04
8.500000000000000000e+02 2.299802436027675867e-04 6.391889182850718498e-04 2.299802436027675867e-04 6.391889182850718498e-04 1.680336520075798035e-02 6.877497653476893902e-04
8.600000000000000000e+02 2.298064355272799730e-04 6.305357674136757851e-04 2.298064355272799730e-04 6.305357674136757851e-04 1.669203490018844604e-02 6.786665180698037148e-04
8.700000000000000000e+02 2.268701355205848813e-04 6.198009359650313854e-04 2.268701355205848813e-04 6.198009359650313854e-04 1.655033044517040253e-02 6.671926239505410194e-04
8.800000000000000000e+02 2.242786431452259421e-04 6.109870737418532372e-04 2.242786431452259421e-04 6.109870737418532372e-04 1.643550768494606018e-02 6.579671171493828297e-04
8.900000000000000000e+02 2.224082709290087223e-04 6.020308355800807476e-04 2.224082709290087223e-04 6.020308355800807476e-04 1.631584763526916504e-02 6.484211189672350883e-04
9.000000000000000000e+02 2.200884919147938490e-04 5.934862419962882996e-04 2.200884919147938490e-04 5.934862419962882996e-04 1.620221696794033051e-02 6.394208758138120174e-04
9.100000000000000000e+02 2.180718292947858572e-04 5.849994486197829247e-04 2.180718292947858572e-04 5.849994486197829247e-04 1.608858816325664520e-02 6.304835551418364048e-04
9.200000000000000000e+02 2.160866424674168229e-04 5.766709800809621811e-04 2.160866424674168229e-04 5.766709800809621811e-04 1.597574912011623383e-02 6.216706242412328720e-04
9.300000000000000000e+02 2.144692989531904459e-04 5.687968805432319641e-04 2.144692989531904459e-04 5.687968805432319641e-04 1.586864143610000610e-02 6.133626447990536690e-04
9.400000000000000000e+02 3.893657994922250509e-04 6.303046829998493195e-04 3.893657994922250509e-04 6.303046829998493195e-04 1.665208488702774048e-02 6.754217902198433876e-04
9.500000000000000000e+02 9.086675709113478661e-04 8.389244903810322285e-04 9.086675709113478661e-04 8.389244903810322285e-04 1.900990679860115051e-02 8.802333613857626915e-04
9.600000000000000000e+02 6.178210023790597916e-04 7.235600496642291546e-04 6.178210023790597916e-04 7.235600496642291546e-04 1.773523166775703430e-02 7.661461713723838329e-04
9.700000000000000000e+02 2.006580034503713250e-04 5.711857229471206665e-04 2.006580034503713250e-04 5.711857229471206665e-04 1.590291224420070648e-02 6.160148186609148979e-04
9.800000000000000000e+02 2.307024406036362052e-04 5.700583569705486298e-04 2.307024406036362052e-04 5.700583569705486298e-04 1.588130556046962738e-02 6.143420469015836716e-04
9.900000000000000000e+02 1.920421345857903361e-04 5.427394062280654907e-04 1.920421345857903361e-04 5.427394062280654907e-04 1.550574786961078644e-02 5.856298957951366901e-04
1.000000000000000000e+03 1.969589648069813848e-04 5.354692111723124981e-04 1.969589648069813848e-04 5.354692111723124981e-04 1.540010701864957809e-02 5.776772741228342056e-04
1.010000000000000000e+03 1.911220024339854717e-04 5.250002141110599041e-04 1.911220024339854717e-04 5.250002141110599041e-04 1.525490917265415192e-02 5.668355734087526798e-04
1.020000000000000000e+03 1.891208376036956906e-04 5.167359486222267151e-04 1.891208376036956906e-04 5.167359486222267151e-04 1.513805612921714783e-02 5.581848672591149807e-04
1.030000000000000000e+03 1.880791242001578212e-04 5.091318162158131599e-04 1.880791242001578212e-04 5.091318162158131599e-04 1.502860430628061295e-02 5.501425475813448429e-04
1.040000000000000000e+03 1.870111300377175212e-04 5.018702358938753605e-04 1.870111300377175212e-04 5.018702358938753605e-04 1.492286939173936844e-02 5.424285773187875748e-04
1.050000000000000000e+03 1.860170159488916397e-04 4.946165136061608791e-04 1.860170159488916397e-04 4.946165136061608791e-04 1.481723878532648087e-02 5.347765982151031494e-04
1.060000000000000000e+03 1.848808169597759843e-04 4.876260936725884676e-04 1.848808169597759843e-04 4.876260936725884676e-04 1.471385452896356583e-02 5.273401038721203804e-04
1.070000000000000000e+03 1.839042088249698281e-04 4.807683872058987617e-04 1.839042088249698281e-04 4.807683872058987617e-04 1.461241394281387329e-02 5.200940067879855633e-04
1.080000000000000000e+03 1.827658416004851460e-04 4.741002339869737625e-04 1.827658416004851460e-04 4.741002339869737625e-04 1.451272424310445786e-02 5.130217759869992733e-04
1.090000000000000000e+03 1.816701114876195788e-04 4.675208765547722578e-04 1.816701114876195788e-04 4.675208765547722578e-04 1.441351696848869324e-02 5.060317926108837128e-04
1.100000000000000000e+03 1.806333457352593541e-04 4.610619798768311739e-04 1.806333457352593541e-04 4.610619798768311739e-04 1.431552786380052567e-02 4.991748137399554253e-04
1.110000000000000000e+03 1.794663839973509312e-04 4.548518336378037930e-04 1.794663839973509312e-04 4.548518336378037930e-04 1.422091014683246613e-02 4.925979883410036564e-04
1.120000000000000000e+03 1.783936022548004985e-04 4.486290563363581896e-04 1.783936022548004985e-04 4.486290563363581896e-04 1.412510965019464493e-02 4.859835316892713308e-04
1.130000000000000000e+03 1.772483083186671138e-04 4.426309023983776569e-04 1.772483083186671138e-04 4.426309023983776569e-04 1.403185445815324783e-02 4.795876448042690754e-04
1.140000000000000000e+03 1.761888270266354084e-04 4.367506771814078093e-04 1.761888270266354084e-04 4.367506771814078093e-04 1.394065842032432556e-02 4.733740352094173431e-04
1.150000000000000000e+03 1.768336805980652571e-04 4.319718573242425919e-04 1.768336805980652571e-04 4.319718573242425919e-04 1.386569440364837646e-02 4.682968428824096918e-04
1.160000000000000000e+03 3.822908329311758280e-04 5.092042265459895134e-04 3.822908329311758280e-04 5.092042265459895134e-04 1.497018057852983475e-02 5.458734813146293163e-04
1.170000000000000000e+03 1.945364929269999266e-04 4.380205937195569277e-04 1.945364929269999266e-04 4.380205937195569277e-04 1.393985468894243240e-02 4.733195237349718809e-04
1.180000000000000000e+03 1.714366226224228740e-04 4.405236686579883099e-04 1.714366226224228740e-04 4.405236686579883099e-04 1.399257965385913849e-02 4.769066872540861368e-04
1.190000000000000000e+03 1.579165691509842873e-04 4.279080603737384081e-04 1.579165691509842873e-04 4.279080603737384081e-04 1.380245480686426163e-02 4.640347906388342381e-04
1.200000000000000000e+03 1.585064019309356809e-04 4.201923438813537359e-04 1.585064019309356809e-04 4.201923438813537359e-04 1.367681473493576050e-02 4.556252679321914911e-04
1.210000000000000000e+03 1.581644755788147449e-04 4.131730529479682446e-04 1.581644755788147449e-04 4.131730529479682446e-04 1.356460433453321457e-02 4.481796931941062212e-04
1.220000000000000000e+03 1.588763698237016797e-04 4.075275501236319542e-04 1.588763698237016797e-04 4.075275501236319542e-04 1.347396895289421082e-02 4.422104102559387684e-04
1.230000000000000000e+03 1.592673797858878970e-04 4.012261924799531698e-04 1.592673797858878970e-04 4.012261924799531698e-04 1.337100006639957428e-02 4.354775010142475367e-04
1.240000000000000000e+03 1.578362716827541590e-04 3.946364740841090679e-04 1.578362716827541590e-04 3.946364740841090679e-04 1.326265744864940643e-02 4.284488386474549770e-04
1.250000000000000000e+03 1.575734058860689402e-04 3.888389037456363440e-04 1.575734058860689402e-04 3.888389037456363440e-04 1.316649001091718674e-02 4.222579882480204105e-04
1.260000000000000000e+03 1.568526204209774733e-04 3.833842929452657700e-04 1.568526204209774733e-04 3.833842929452657700e-04 1.307605020701885223e-02 4.164770070929080248e-04
1.270000000000000000e+03 1.563737459946423769e-04 3.780210972763597965e-04 1.563737459946423769e-04 3.780210972763597965e-04 1.298615522682666779e-02 4.107702989131212234e-04
1.280000000000000000e+03 1.558214571559801698e-04 3.728122974280267954e-04 1.558214571559801698e-04 3.728122974280267954e-04 1.289846654981374741e-02 4.052416479680687189e-04
1.290000000000000000e+03 1.551334426039829850e-04 3.678304492495954037e-04 1.551334426039829850e-04 3.678304492495954037e-04 1.281390339136123657e-02 3.999454493168741465e-04
1.300000000000000000e+03 1.544820988783612847e-04 3.629272687248885632e-04 1.544820988783612847e-04 3.629272687248885632e-04 1.272978447377681732e-02 3.947116492781788111e-04
1.310000000000000000e+03 1.538130745757371187e-04 3.580779593903571367e-04 1.538130745757371187e-04 3.580779593903571367e-04 1.264643389731645584e-02 3.895597474183887243e-04
1.320000000000000000e+03 1.539239601697772741e-04 3.535794676281511784e-04 1.539239601697772741e-04 3.535794676281511784e-04 1.256755553185939789e-02 3.847153566312044859e-04
1.330000000000000000e+03 2.034570643445476890e-04 3.686087438836693764e-04 2.034570643445476890e-04 3.686087438836693764e-04 1.280174683779478073e-02 3.991869161836802959e-04
1.340000000000000000e+03 1.699023297987878323e-03 1.140181790105998516e-03 1.699023297987878323e-03 1.140181790105998516e-03 2.190627157688140869e-02 1.168893184512853622e-03
1.350000000000000000e+03 5.590286455117166042e-04 5.426641437225043774e-04 5.590286455117166042e-04 5.426641437225043774e-04 1.533762924373149872e-02 5.729996482841670513e-04
1.360000000000000000e+03 2.917710226029157639e-04 4.168406303506344557e-04 2.917710226029157639e-04 4.168406303506344557e-04 1.356086693704128265e-02 4.479326307773590088e-04
1.370000000000000000e+03 1.668617187533527613e-04 3.660538641270250082e-04 1.668617187533527613e-04 3.660538641270250082e-04 1.276255585253238678e-02 3.967466473113745451e-04
1.380000000000000000e+03 1.410528348060324788e-04 3.471734235063195229e-04 1.410528348060324788e-04 3.471734235063195229e-04 1.244846265763044357e-02 3.774586657527834177e-04
1.390000000000000000e+03 1.381189358653500676e-04 3.395778185222297907e-04 1.381189358653500676e-04 3.395778185222297907e-04 1.231832429766654968e-02 3.696077619679272175e-04
1.400000000000000000e+03 1.381969486828893423e-04 3.339773102197796106e-04 1.381969486828893423e-04 3.339773102197796106e-04 1.221756637096405029e-02 3.635861794464290142e-04
1.410000000000000000e+03 1.381699403282254934e-04 3.286633000243455172e-04 1.381699403282254934e-04 3.286633000243455172e-04 1.212185621261596680e-02 3.579118929337710142e-04
1.420000000000000000e+03 1.376697036903351545e-04 3.233835450373589993e-04 1.376697036903351545e-04 3.233835450373589993e-04 1.202709507197141647e-02 3.523378691170364618e-04
1.430000000000000000e+03 1.372493425151333213e-04 3.186299582011997700e-04 1.372493425151333213e-04 3.186299582011997700e-04 1.194092724472284317e-02 3.473073593340814114e-04
1.440000000000000000e+03 1.371224934700876474e-04 3.140427579637616873e-04 1.371224934700876474e-04 3.140427579637616873e-04 1.185691915452480316e-02 3.424376773182302713e-04
1.450000000000000000e+03 1.369113160762935877e-04 3.095883876085281372e-04 1.369113160762935877e-04 3.095883876085281372e-04 1.177438069134950638e-02 3.376867680344730616e-04
1.460000000000000000e+03 1.365178468404337764e-04 3.053625405300408602e-04 1.365178468404337764e-04 3.053625405300408602e-04 1.169542036950588226e-02 3.331727930344641209e-04
1.470000000000000000e+03 1.361454487778246403e-04 3.012113738805055618e-04 1.361454487778246403e-04 3.012113738805055618e-04 1.161778531968593597e-02 3.287642612121999264e-04
1.480000000000000000e+03 1.357498695142567158e-04 2.971621288452297449e-04 1.357498695142567158e-04 2.971621288452297449e-04 1.154116075485944748e-02 3.244418476242572069e-04
1.490000000000000000e+03 1.352230028714984655e-04 2.932859933935105801e-04 1.352230028714984655e-04 2.932859933935105801e-04 1.146773155778646469e-02 3.203265077900141478e-04
1.500000000000000000e+03 1.346894423477351665e-04 2.894874487537890673e-04 1.346894423477351665e-04 2.894874487537890673e-04 1.139486953616142273e-02 3.162689681630581617e-04
1.510000000000000000e+03 1.346834906144067645e-04 2.859486558008939028e-04 1.346834906144067645e-04 2.859486558008939028e-04 1.132665760815143585e-02 3.124938521068543196e-04
1.520000000000000000e+03 1.739913277560845017e-04 3.002319426741451025e-04 1.739913277560845017e-04 3.002319426741451025e-04 1.158077083528041840e-02 3.266727144364267588e-04
1.530000000000000000e+03 1.960174879059195518e-03 9.575274307280778885e-04 1.960174879059195518e-03 9.575274307280778885e-04 2.010136283934116364e-02 9.842123836278915405e-04
1.540000000000000000e+03 4.682458820752799511e-04 4.637176753021776676e-04 4.682458820752799511e-04 4.637176753021776676e-04 1.419454906135797501e-02 4.907734692096710205e-04
1.550000000000000000e+03 2.569794887676835060e-04 3.720950626302510500e-04 2.569794887676835060e-04 3.720950626302510500e-04 1.280867494642734528e-02 3.996191953774541616e-04
1.560000000000000000e+03 1.431908312952145934e-04 2.983369631692767143e-04 1.431908312952145934e-04 2.983369631692767143e-04 1.155179087072610855e-02 3.250397858209908009e-04
1.570000000000000000e+03 1.182730266009457409e-04 2.843218098860234022e-04 1.182730266009457409e-04 2.843218098860234022e-04 1.129032298922538757e-02 3.104921488557010889e-04
1.580000000000000000e+03 1.186784429592080414e-04 2.791354781948029995e-04 1.186784429592080414e-04 2.791354781948029995e-04 1.118906866759061813e-02 3.049479855690151453e-04
1.590000000000000000e+03 1.192273703054524958e-04 2.740034542512148619e-04 1.192273703054524958e-04 2.740034542512148619e-04 1.108789071440696716e-02 2.994579263031482697e-04
1.600000000000000000e+03 1.195777731481939554e-04 2.692098496481776237e-04 1.195777731481939554e-04 2.692098496481776237e-04 1.099316682666540146e-02 2.943632134702056646e-04
1.610000000000000000e+03 1.200671104015782475e-04 2.648742520250380039e-04 1.200671104015782475e-04 2.648742520250380039e-04 1.090655848383903503e-02 2.897432714235037565e-04
1.620000000000000000e+03 1.202287530759349465e-04 2.606970083434134722e-04 1.202287530759349465e-04 2.606970083434134722e-04 1.082311384379863739e-02 2.853266487363725901e-04
1.630000000000000000e+03 1.202088606078177691e-04 2.565440372563898563e-04 1.202088606078177691e-04 2.565440372563898563e-04 1.073899399489164352e-02 2.809086290653795004e-04
1.640000000000000000e+03 1.200956612592563033e-04 2.528659242670983076e-04 1.200956612592563033e-04 2.528659242670983076e-04 1.066387910395860672e-02 2.769926795735955238e-04
1.650000000000000000e+03 1.199119651573710144e-04 2.492321655154228210e-04 1.199119651573710144e-04 2.492321655154228210e-04 1.058928668498992920e-02 2.731311833485960960e-04
1.660000000000000000e+03 1.197325909743085504e-04 2.456740767229348421e-04 1.197325909743085504e-04 2.456740767229348421e-04 1.051559299230575562e-02 2.693428250495344400e-04
1.670000000000000000e+03 1.195067161461338401e-04 2.422463730908930302e-04 1.195067161461338401e-04 2.422463730908930302e-04 1.044394727796316147e-02 2.656850556377321482e-04
1.680000000000000000e+03 1.191267001559026539e-04 2.390174340689554811e-04 1.191267001559026539e-04 2.390174340689554811e-04 1.037628669291734695e-02 2.622538013383746147e-04
1.690000000000000000e+03 1.188108653877861798e-04 2.357626653974875808e-04 1.188108653877861798e-04 2.357626653974875808e-04 1.030751131474971771e-02 2.587888448033481836e-04
1.700000000000000000e+03 1.185551955131813884e-04 2.327135880477726460e-04 1.185551955131813884e-04 2.327135880477726460e-04 1.024256739765405655e-02 2.555380051489919424e-04
1.710000000000000000e+03 1.213479699799790978e-04 2.312936849193647504e-04 1.213479699799790978e-04 2.312936849193647504e-04 1.021058298647403717e-02 2.539446286391466856e-04
1.720000000000000000e+03 3.769207105506211519e-04 3.426899784244596958e-04 3.769207105506211519e-04 3.426899784244596958e-04 1.224640570580959320e-02 3.653046151157468557e-04
1.730000000000000000e+03 1.397144806105643511e-04 2.425468846922740340e-04 1.397144806105643511e-04 2.425468846922740340e-04 1.042855996638536453e-02 2.649028319865465164e-04
1.740000000000000000e+03 1.162474363809451461e-04 2.426625869702547789e-04 1.162474363809451461e-04 2.426625869702547789e-04 1.044752262532711029e-02 2.658670418895781040e-04
1.750000000000000000e+03 1.060049253283068538e-04 2.389833098277449608e-04 1.060049253283068538e-04 2.389833098277449608e-04 1.037510577589273453e-02 2.621941093821078539e-04
1.760000000000000000e+03 1.105206320062279701e-04 2.365435502724722028e-04 1.105206320062279701e-04 2.365435502724722028e-04 1.031457446515560150e-02 2.591436204966157675e-04
1.770000000000000000e+03 1.072156446753069758e-04 2.308321127202361822e-04 1.072156446753069758e-04 2.308321127202361822e-04 1.019466388970613480e-02 2.531533828005194664e-04
1.780000000000000000e+03 1.052419975167140365e-04 2.250373509014025331e-04 1.052419975167140365e-04 2.250373509014025331e-04 1.007225178182125092e-02 2.471104089636355639e-04
1.790000000000000000e+03 1.055728644132614136e-04 2.206226636189967394e-04 1.055728644132614136e-04 2.206226636189967394e-04 9.975342079997062683e-03 2.423781697871163487e-04
1.800000000000000000e+03 1.062896990333683789e-04 2.169110521208494902e-04 1.062896990333683789e-04 2.169110521208494902e-04 9.893704205751419067e-03 2.384271647315472364e-04
1.810000000000000000e+03 1.063268209691159427e-04 2.129967469954863191e-04 1.063268209691159427e-04 2.129967469954863191e-04 9.807433001697063446e-03 2.342872467124834657e-04
1.820000000000000000e+03 1.065557371475733817e-04 2.093858347507193685e-04 1.065557371475733817e-04 2.093858347507193685e-04 9.727099910378456116e-03 2.304648514837026596e-04
1.830000000000000000e+03 1.064244934241287410e-04 2.061570121441036463e-04 1.064244934241287410e-04 2.061570121441036463e-04 9.654630906879901886e-03 2.270435943501070142e-04
1.840000000000000000e+03 1.063811650965362787e-04 2.030337782343849540e-04 1.063811650965362787e-04 2.030337782343849540e-04 9.583660401403903961e-03 2.237179141957312822e-04
1.850000000000000000e+03 1.062726805685088038e-04 2.000085223698988557e-04 1.062726805685088038e-04 2.000085223698988557e-04 9.514619596302509308e-03 2.205061464337632060e-04
1.860000000000000000e+03 1.060830982169136405e-04 1.971280726138502359e-04 1.060830982169136405e-04 1.971280726138502359e-04 9.448276832699775696e-03 2.174418332288041711e-04
1.870000000000000000e+03 1.058757334249094129e-04 1.942807866726070642e-04 1.058757334249094129e-04 1.942807866726070642e-04 9.382311254739761353e-03 2.144161699106916785e-04
1.880000000000000000e+03 1.056358451023697853e-04 1.915477623697370291e-04 1.056358451023697853e-04 1.915477623697370291e-04 9.318490512669086456e-03 2.115090755978599191e-04
1.890000000000000000e+03 1.053152373060584068e-04 1.889062259579077363e-04 1.053152373060584068e-04 1.889062259579077363e-04 9.256235323846340179e-03 2.086924068862572312e-04
1.900000000000000000e+03 1.050060745910741389e-04 1.863658690126612782e-04 1.050060745910741389e-04 1.863658690126612782e-04 9.195934049785137177e-03 2.059821272268891335e-04
1.910000000000000000e+03 1.226881722686812282e-04 1.929109712364152074e-04 1.226881722686812282e-04 1.929109712364152074e-04 9.337515570223331451e-03 2.123736485373228788e-04
1.920000000000000000e+03 3.178119426593184471e-03 1.395768020302057266e-03 3.178119426593184471e-03 1.395768020302057266e-03 2.409766614437103271e-02 1.414450816810131073e-03
1.930000000000000000e+03 6.888743955641984940e-04 5.900613032281398773e-04 6.888743955641984940e-04 5.900613032281398773e-04 1.583027653396129608e-02 6.104004569351673126e-04
1.940000000000000000e+03 1.948706631083041430e-04 2.923123247455805540e-04 1.948706631083041430e-04 2.923123247455805540e-04 1.134436670690774918e-02 3.134717408102005720e-04
1.950000000000000000e+03 8.816958143142983317e-05 2.089517365675419569e-04 8.816958143142983317e-05 2.089517365675419569e-04 9.712980128824710846e-03 2.297962055308744311e-04
1.960000000000000000e+03 9.444737952435389161e-05 2.066368324449285865e-04 9.444737952435389161e-05 2.066368324449285865e-04 9.651167318224906921e-03 2.268807147629559040e-04
1.970000000000000000e+03 9.717352804727852345e-05 2.024957648245617747e-04 9.717352804727852345e-05 2.024957648245617747e-04 9.554679505527019501e-03 2.223668852820992470e-04
1.980000000000000000e+03 8.864657138474285603e-05 1.923282397910952568e-04 8.864657138474285603e-05 1.923282397910952568e-04 9.325652383267879486e-03 2.118343109032139182e-04
1.990000000000000000e+03 8.966180757852271199e-05 1.877295144367963076e-04 8.966180757852271199e-05 1.877295144367963076e-04 9.216970764100551605e-03 2.069256297545507550e-04
2.000000000000000000e+03 9.000246063806116581e-05 1.826357620302587748e-04 9.000246063806116581e-05 1.826357620302587748e-04 9.096609428524971008e-03 2.015565696638077497e-04
2.010000000000000000e+03 9.091092942981049418e-05 1.786739303497597575e-04 9.091092942981049418e-05 1.786739303497597575e-04 9.002288803458213806e-03 1.973984617507085204e-04
2.020000000000000000e+03 9.118932939600199461e-05 1.750241062836721539e-04 9.118932939600199461e-05 1.750241062836721539e-04 8.914003148674964905e-03 1.935456966748461127e-04
2.030000000000000000e+03 9.148217941401526332e-05 1.717285485938191414e-04 9.148217941401526332e-05 1.717285485938191414e-04 8.833199739456176758e-03 1.900526694953441620e-04
2.040000000000000000e+03 9.173087164526805282e-05 1.686213799985125661e-04 9.173087164526805282e-05 1.686213799985125661e-04 8.756145834922790527e-03 1.867514074547216296e-04
2.050000000000000000e+03 9.184506052406504750e-05 1.657592365518212318e-04 9.184506052406504750e-05 1.657592365518212318e-04 8.684815838932991028e-03 1.837211457313969731e-04
2.060000000000000000e+03 9.195299935527145863e-05 1.629146427148953080e-04 9.195299935527145863e-05 1.629146427148953080e-04 8.613688871264457703e-03 1.807241787901148200e-04
2.070000000000000000e+03 9.192854486173018813e-05 1.603034907020628452e-04 9.192854486173018813e-05 1.603034907020628452e-04 8.547213859856128693e-03 1.779455342330038548e-04
2.080000000000000000e+03 9.192237484967336059e-05 1.577480579726397991e-04 9.192237484967336059e-05 1.577480579726397991e-04 8.481795899569988251e-03 1.752320094965398312e-04
2.090000000000000000e+03 9.177291940432041883e-05 1.553518522996455431e-04 9.177291940432041883e-05 1.553518522996455431e-04 8.420096710324287415e-03 1.726919435895979404e-04
2.100000000000000000e+03 9.159085311694070697e-05 1.530322333564981818e-04 9.159085311694070697e-05 1.530322333564981818e-04 8.359581232070922852e-03 1.702185400063171983e-04
2.110000000000000000e+03 9.139530448010191321e-05 1.507835695520043373e-04 9.139530448010191321e-05 1.507835695520043373e-04 8.300542831420898438e-03 1.678227854426950216e-04
2.120000000000000000e+03 9.114309796132147312e-05 1.485965331085026264e-04 9.114309796132147312e-05 1.485965331085026264e-04 8.242700248956680298e-03 1.654919324209913611e-04
2.130000000000000000e+03 9.094584675040096045e-05 1.464683300582692027e-04 9.094584675040096045e-05 1.464683300582692027e-04 8.185872808098793030e-03 1.632179191801697016e-04
2.140000000000000000e+03 9.059316653292626143e-05 1.444270310457795858e-04 9.059316653292626143e-05 1.444270310457795858e-04 8.131589740514755249e-03 1.610604085726663470e-04
2.150000000000000000e+03 9.029114880831912160e-05 1.423781941412016749e-04 9.029114880831912160e-05 1.423781941412016749e-04 8.075835183262825012e-03 1.588593440828844905e-04
2.160000000000000000e+03 9.004457388073205948e-05 1.405351940775290132e-04 9.004457388073205948e-05 1.405351940775290132e-04 8.025627583265304565e-03 1.568902371218428016e-04
2.170000000000000000e+03 9.261092782253399491e-05 1.403224450768902898e-04 9.261092782253399491e-05 1.403224450768902898e-04 8.016327396035194397e-03 1.565268030390143394e-04
2.180000000000000000e+03 2.186862984672188759e-04 2.029592869803309441e-04 2.186862984672188759e-04 2.029592869803309441e-04 9.480100125074386597e-03 2.189090300817042589e-04
2.190000000000000000e+03 5.115301464684307575e-04 3.436506958678364754e-04 5.115301464684307575e-04 3.436506958678364754e-04 1.214511599391698837e-02 3.592867869883775711e-04
2.200000000000000000e+03 3.053841355722397566e-04 2.754458982963114977e-04 3.053841355722397566e-04 2.754458982963114977e-04 1.094994507730007172e-02 2.920530387200415134e-04
2.210000000000000000e+03 1.452335854992270470e-04 1.946978445630520582e-04 1.452335854992270470e-04 1.946978445630520582e-04 9.318172931671142578e-03 2.114946400979533792e-04
2.220000000000000000e+03 1.024247030727565289e-04 1.577287621330469847e-04 1.024247030727565289e-04 1.577287621330469847e-04 8.454531431198120117e-03 1.741073065204545856e-04
2.230000000000000000e+03 8.358877676073461771e-05 1.453226432204246521e-04 8.358877676073461771e-05 1.453226432204246521e-04 8.142805658280849457e-03 1.615050132386386395e-04
2.240000000000000000e+03 7.904386438895016909e-05 1.389630779158324003e-04 7.904386438895016909e-05 1.389630779158324003e-04 7.974735461175441742e-03 1.549067674204707146e-04
2.250000000000000000e+03 8.051963231991976500e-05 1.359841844532638788e-04 8.051963231991976500e-05 1.359841844532638788e-04 7.891439832746982574e-03 1.516877091489732265e-04
2.260000000000000000e+03 8.044361311476677656e-05 1.328392972936853766e-04 8.044361311476677656e-05 1.328392972936853766e-04 7.804893422871828079e-03 1.483787928009405732e-04
2.270000000000000000e+03 8.064709254540503025e-05 1.301486190641298890e-04 8.064709254540503025e-05 1.301486190641298890e-04 7.729685865342617035e-03 1.455330348107963800e-04
2.280000000000000000e+03 8.068898023338988423e-05 1.276371767744421959e-04 8.068898023338988423e-05 1.276371767744421959e-04 7.659210357815027237e-03 1.428913383278995752e-04
2.290000000000000000e+03 8.072228956734761596e-05 1.254145754501223564e-04 8.072228956734761596e-05 1.254145754501223564e-04 7.595492526888847351e-03 1.405237562721595168e-04
2.300000000000000000e+03 8.073422941379249096e-05 1.232989598065614700e-04 8.073422941379249096e-05 1.232989598065614700e-04 7.534148171544075012e-03 1.382630434818565845e-04
2.310000000000000000e+03 8.063425775617361069e-05 1.213455616380088031e-04 8.063425775617361069e-05 1.213455616380088031e-04 7.477507926523685455e-03 1.361920294584706426e-04
2.320000000000000000e+03 8.053459896473214030e-05 1.194512587971985340e-04 8.053459896473214030e-05 1.194512587971985340e-04 7.422302383929491043e-03 1.341884781140834093e-04
2.330000000000000000e+03 8.035843347897753119e-05 1.176515943370759487e-04 8.035843347897753119e-05 1.176515943370759487e-04 7.368792779743671417e-03 1.322606403846293688e-04
2.340000000000000000e+03 8.060502295847982168e-05 1.161618492915295064e-04 8.060502295847982168e-05 1.161618492915295064e-04 7.323826663196086884e-03 1.306513877352699637e-04
2.350000000000000000e+03 1.378572633257135749e-04 1.462107029510661960e-04 1.378572633257135749e-04 1.462107029510661960e-04 8.122755214571952820e-03 1.607106387382373214e-04
2.360000000000000000e+03 1.338994363322854042e-03 1.024377299472689629e-03 1.338994363322854042e-03 1.024377299472689629e-03 2.065539173781871796e-02 1.039213500916957855e-03
2.370000000000000000e+03 3.386731259524822235e-04 3.272311878390610218e-04 3.386731259524822235e-04 3.272311878390610218e-04 1.186636183410882950e-02 3.429833159316331148e-04
2.380000000000000000e+03 8.540949784219264984e-05 1.566792925586923957e-04 8.540949784219264984e-05 1.566792925586923957e-04 8.413474075496196747e-03 1.724204048514366150e-04
2.390000000000000000e+03 1.024384837364777923e-04 1.562246470712125301e-04 1.024384837364777923e-04 1.562246470712125301e-04 8.389496244490146637e-03 1.714390091365203261e-04
2.400000000000000000e+03 6.831520295236259699e-05 1.310497609665617347e-04 6.831520295236259699e-05 1.310497609665617347e-04 7.741295732557773590e-03 1.459705235902220011e-04
2.410000000000000000e+03 7.379515591310337186e-05 1.287215272895991802e-04 7.379515591310337186e-05 1.287215272895991802e-04 7.671693339943885803e-03 1.433574798284098506e-04
2.420000000000000000e+03 6.940097955521196127e-05 1.210000336868688464e-04 6.940097955521196127e-05 1.210000336868688464e-04 7.454638369381427765e-03 1.353602274321019650e-04
2.430000000000000000e+03 6.936943827895447612e-05 1.171423718915320933e-04 6.936943827895447612e-05 1.171423718915320933e-04 7.341430988162755966e-03 1.312802341999486089e-04
2.440000000000000000e+03 7.011795241851359606e-05 1.140350650530308485e-04 7.011795241851359606e-05 1.140350650530308485e-04 7.249254733324050903e-03 1.280043361475691199e-04
2.450000000000000000e+03 7.057845505187287927e-05 1.113312609959393740e-04 7.057845505187287927e-05 1.113312609959393740e-04 7.168402895331382751e-03 1.251649373443797231e-04
2.460000000000000000e+03 7.089591235853731632e-05 1.089119323296472430e-04 7.089591235853731632e-05 1.089119323296472430e-04 7.094264496117830276e-03 1.225893211085349321e-04
2.470000000000000000e+03 7.112995081115514040e-05 1.067447883542627096e-04 7.112995081115514040e-05 1.067447883542627096e-04 7.027756422758102417e-03 1.203015417559072375e-04
2.480000000000000000e+03 7.120104419300332665e-05 1.047086770995520055e-04 7.120104419300332665e-05 1.047086770995520055e-04 6.964135915040969849e-03 1.181333063868805766e-04
2.490000000000000000e+03 7.126548734959214926e-05 1.028042024699971080e-04 7.126548734959214926e-05 1.028042024699971080e-04 6.904557812958955765e-03 1.161207183031365275e-04
2.500000000000000000e+03 7.121113594621419907e-05 1.010858322842977941e-04 7.121113594621419907e-05 1.010858322842977941e-04 6.849586497992277145e-03 1.142790497397072613e-04
