# step, loss_train, loss_test, metrics_test
0.000000000000000000e+00 9.340797550976276398e-03 1.741041988134384155e-01 4.939869940280914307e-01 4.516539871692657471e-01 9.340797550976276398e-03 1.741041988134384155e-01 4.939869940280914307e-01 4.516539871692657471e-01 1.126366138458251953e+00 4.381894767284393311e-01
1.000000000000000000e+01 1.370448246598243713e-02 2.543880417943000793e-02 1.335979700088500977e-01 1.171977370977401733e-01 1.370448246598243713e-02 2.543880417943000793e-02 1.335979700088500977e-01 1.171977370977401733e-01 6.231758594512939453e-01 1.341294050216674805e-01
2.000000000000000000e+01 3.223419189453125000e-03 1.262149494141340256e-02 7.441236078739166260e-02 4.822837933897972107e-02 3.223419189453125000e-03 1.262149494141340256e-02 7.441236078739166260e-02 4.822837933897972107e-02 4.023968875408172607e-01 5.592577159404754639e-02
3.000000000000000000e+01 1.030085724778473377e-03 6.226725876331329346e-03 4.871937260031700134e-02 2.813260070979595184e-02 1.030085724778473377e-03 6.226725876331329346e-03 4.871937260031700134e-02 2.813260070979595184e-02 3.289296627044677734e-01 3.736877441406250000e-02
4.000000000000000000e+01 2.303167013451457024e-03 3.078991314396262169e-03 2.915243618190288544e-02 1.917229406535625458e-02 2.303167013451457024e-03 3.078991314396262169e-03 2.915243618190288544e-02 1.917229406535625458e-02 2.809751033782958984e-01 2.726706489920616150e-02
5.000000000000000000e+01 3.859486896544694901e-03 2.915685996413230896e-03 1.576924137771129608e-02 1.180237066000699997e-02 3.859486896544694901e-03 2.915685996413230896e-03 1.576924137771129608e-02 1.180237066000699997e-02 2.287980020046234131e-01 1.808036491274833679e-02
6.000000000000000000e+01 3.930338192731142044e-03 2.131829736754298210e-03 1.024189870804548264e-02 8.281226269900798798e-03 3.930338192731142044e-03 2.131829736754298210e-03 1.024189870804548264e-02 8.281226269900798798e-03 1.980003863573074341e-01 1.354050263762474060e-02
7.000000000000000000e+01 4.147944506257772446e-03 1.683742157183587551e-03 6.807596888393163681e-03 5.938576534390449524e-03 4.147944506257772446e-03 1.683742157183587551e-03 6.807596888393163681e-03 5.938576534390449524e-03 1.732589006423950195e-01 1.036797370761632919e-02
8.000000000000000000e+01 3.912845160812139511e-03 1.273411675356328487e-03 5.022426601499319077e-03 4.667298402637243271e-03 3.912845160812139511e-03 1.273411675356328487e-03 5.022426601499319077e-03 4.667298402637243271e-03 1.579569727182388306e-01 8.617481216788291931e-03
9.000000000000000000e+01 3.646036377176642418e-03 9.643509984016418457e-04 3.744522109627723694e-03 3.872637636959552765e-03 3.646036377176642418e-03 9.643509984016418457e-04 3.744522109627723694e-03 3.872637636959552765e-03 1.456283181905746460e-01 7.324777077883481979e-03
1.000000000000000000e+02 3.167130285874009132e-03 7.899768534116446972e-04 2.831022953614592552e-03 3.310101106762886047e-03 3.167130285874009132e-03 7.899768534116446972e-04 2.831022953614592552e-03 3.310101106762886047e-03 1.356545388698577881e-01 6.355817895382642746e-03
1.100000000000000000e+02 2.704086015000939369e-03 6.585963419638574123e-04 2.221361268311738968e-03 2.828015945851802826e-03 2.704086015000939369e-03 6.585963419638574123e-04 2.221361268311738968e-03 2.828015945851802826e-03 1.270167529582977295e-01 5.572174675762653351e-03
1.200000000000000000e+02 2.310019684955477715e-03 5.547597538679838181e-04 1.789311179891228676e-03 2.416974632069468498e-03 2.310019684955477715e-03 5.547597538679838181e-04 1.789311179891228676e-03 2.416974632069468498e-03 1.192943528294563293e-01 4.915214609354734421e-03
1.300000000000000000e+02 1.990626566112041473e-03 4.848310782108455896e-04 1.446426846086978912e-03 2.067045075818896294e-03 1.990626566112041473e-03 4.848310782108455896e-04 1.446426846086978912e-03 2.067045075818896294e-03 1.118792816996574402e-01 4.323167726397514343e-03
1.400000000000000000e+02 1.738268765620887280e-03 4.282052686903625727e-04 1.158668193966150284e-03 1.768986228853464127e-03 1.738268765620887280e-03 4.282052686903625727e-04 1.158668193966150284e-03 1.768986228853464127e-03 1.047724410891532898e-01 3.791375784203410149e-03
1.500000000000000000e+02 1.530637266114354134e-03 3.751286421902477741e-04 9.266225970350205898e-04 1.513320603407919407e-03 1.530637266114354134e-03 3.751286421902477741e-04 9.266225970350205898e-04 1.513320603407919407e-03 9.809210151433944702e-02 3.323309822008013725e-03
1.600000000000000000e+02 1.352985040284693241e-03 3.265400591772049665e-04 7.443384383805096149e-04 1.294237910769879818e-03 1.352985040284693241e-03 3.265400591772049665e-04 7.443384383805096149e-04 1.294237910769879818e-03 9.185084700584411621e-02 2.913862233981490135e-03
1.700000000000000000e+02 1.199105521664023399e-03 2.846362185664474964e-04 6.047419155947864056e-04 1.107816817238926888e-03 1.199105521664023399e-03 2.846362185664474964e-04 6.047419155947864056e-04 1.107816817238926888e-03 8.615578711032867432e-02 2.563726389780640602e-03
1.800000000000000000e+02 1.066391589120030403e-03 2.489581238478422165e-04 4.989821463823318481e-04 9.541526087559759617e-04 1.066391589120030403e-03 2.489581238478422165e-04 4.989821463823318481e-04 9.541526087559759617e-04 8.107066899538040161e-02 2.270022872835397720e-03
1.900000000000000000e+02 9.558259625919163227e-04 2.197585126850754023e-04 4.197394882794469595e-04 8.284932700917124748e-04 9.558259625919163227e-04 2.197585126850754023e-04 4.197394882794469595e-04 8.284932700917124748e-04 7.662916183471679688e-02 2.028107410296797752e-03
2.000000000000000000e+02 8.632629178464412689e-04 1.958821958396583796e-04 3.599213960114866495e-04 7.282085716724395752e-04 8.632629178464412689e-04 1.958821958396583796e-04 3.599213960114866495e-04 7.282085716724395752e-04 7.278856635093688965e-02 1.829906948842108250e-03
2.100000000000000000e+02 7.870522094890475273e-04 1.764384505804628134e-04 3.144468355458229780e-04 6.487640785053372383e-04 7.870522094890475273e-04 1.764384505804628134e-04 3.144468355458229780e-04 6.487640785053372383e-04 6.957863271236419678e-02 1.672069774940609932e-03
2.200000000000000000e+02 7.222348358482122421e-04 1.606028963578864932e-04 2.786940021906048059e-04 5.862198304384946823e-04 7.222348358482122421e-04 1.606028963578864932e-04 2.786940021906048059e-04 5.862198304384946823e-04 6.693274527788162231e-02 1.547319465316832066e-03
2.300000000000000000e+02 6.682038656435906887e-04 1.475792232668027282e-04 2.500267582945525646e-04 5.360275972634553909e-04 6.682038656435906887e-04 1.475792232668027282e-04 2.500267582945525646e-04 5.360275972634553909e-04 6.472276151180267334e-02 1.446827896870672703e-03
2.400000000000000000e+02 6.215593894012272358e-04 1.367555523756891489e-04 2.264097565785050392e-04 4.946347326040267944e-04 6.215593894012272358e-04 1.367555523756891489e-04 2.264097565785050392e-04 4.946347326040267944e-04 6.286063790321350098e-02 1.364772557280957699e-03
2.500000000000000000e+02 5.813870229758322239e-04 1.277291012229397893e-04 2.066468587145209312e-04 4.590366734191775322e-04 5.813870229758322239e-04 1.277291012229397893e-04 2.066468587145209312e-04 4.590366734191775322e-04 6.124782562255859375e-02 1.295639085583388805e-03
2.500000000000000000e+02 4.685028980020433664e-04 1.277291012229397893e-04 2.066468587145209312e-04 4.590366734191775322e-04 5.813870229758322239e-04 1.277291012229397893e-04 2.066468587145209312e-04 4.590366734191775322e-04 6.124782562255859375e-02 1.295639085583388805e-03
2.600000000000000000e+02 1.241585472598671913e-03 1.553433947265148163e-03 3.212069859728217125e-03 2.795937005430459976e-03 1.688317395746707916e-03 1.553433947265148163e-03 3.212069859728217125e-03 2.795937005430459976e-03 1.009806543588638306e-01 3.521916456520557404e-03
2.700000000000000000e+02 4.563294642139226198e-04 6.371440249495208263e-04 7.648390601389110088e-04 8.432023460045456886e-04 5.795229226350784302e-04 6.371440249495208263e-04 7.648390601389110088e-04 8.432023460045456886e-04 7.121510058641433716e-02 1.751648494973778725e-03
2.800000000000000000e+02 4.012775025330483913e-04 3.412058285903185606e-04 4.601231485139578581e-04 7.234829245135188103e-04 5.292862188071012497e-04 3.412058285903185606e-04 4.601231485139578581e-04 7.234829245135188103e-04 6.693430989980697632e-02 1.547391875647008419e-03
2.900000000000000000e+02 3.566161030903458595e-04 3.402947040740400553e-04 2.031173644354566932e-04 5.258089513517916203e-04 4.844693467020988464e-04 3.402947040740400553e-04 2.031173644354566932e-04 5.258089513517916203e-04 5.867091566324234009e-02 1.188908587209880352e-03
3.000000000000000000e+02 3.319134993944317102e-04 1.413292920915409923e-04 1.394424471072852612e-04 3.772833733819425106e-04 4.500717914197593927e-04 1.413292920915409923e-04 1.394424471072852612e-04 3.772833733819425106e-04 5.530402436852455139e-02 1.056370441801846027e-03
3.100000000000000000e+02 3.165801172144711018e-04 9.574073919793590903e-05 1.219121986650861800e-04 2.825728442985564470e-04 4.309283685870468616e-04 9.574073919793590903e-05 1.219121986650861800e-04 2.825728442985564470e-04 5.251281708478927612e-02 9.524307097308337688e-04
3.200000000000000000e+02 2.996846160385757685e-04 9.458301792619749904e-05 9.396176028531044722e-05 2.532673825044184923e-04 4.081506049260497093e-04 9.458301792619749904e-05 9.396176028531044722e-05 2.532673825044184923e-04 5.118079110980033875e-02 9.047253406606614590e-04
3.300000000000000000e+02 2.863477857317775488e-04 6.268049037316814065e-05 7.824753993190824986e-05 2.435953938402235508e-04 3.900167066603899002e-04 6.268049037316814065e-05 7.824753993190824986e-05 2.435953938402235508e-04 5.032248049974441528e-02 8.746349485591053963e-04
3.400000000000000000e+02 2.738730690907686949e-04 5.778278136858716607e-05 6.828676851000636816e-05 2.250664983876049519e-04 3.727262665051966906e-04 5.778278136858716607e-05 6.828676851000636816e-05 2.250664983876049519e-04 4.952554032206535339e-02 8.471516193822026253e-04
3.500000000000000000e+02 2.628088986966758966e-04 5.665383287123404443e-05 6.064596891519613564e-05 2.049549657385796309e-04 3.577986208256334066e-04 5.665383287123404443e-05 6.064596891519613564e-05 2.049549657385796309e-04 4.873713105916976929e-02 8.203943143598735332e-04
3.600000000000000000e+02 2.519911504350602627e-04 5.011820394429378211e-05 5.321317803463898599e-05 1.932277227751910686e-04 3.430823562666773796e-04 5.011820394429378211e-05 5.321317803463898599e-05 1.932277227751910686e-04 4.815937206149101257e-02 8.010587189346551895e-04
3.700000000000000000e+02 2.421754761599004269e-04 4.787197758560068905e-05 4.735607581096701324e-05 1.781192549970000982e-04 3.297286748420447111e-04 4.787197758560068905e-05 4.735607581096701324e-05 1.781192549970000982e-04 4.741166532039642334e-02 7.763777393847703934e-04
3.800000000000000000e+02 2.329457201994955540e-04 4.367551809991709888e-05 4.181214535492472351e-05 1.669640187174081802e-04 3.172294527757912874e-04 4.367551809991709888e-05 4.181214535492472351e-05 1.669640187174081802e-04 4.679863527417182922e-02 7.564306142739951611e-04
3.900000000000000000e+02 2.243152121081948280e-04 4.143051410210318863e-05 3.746112270164303482e-05 1.547856809338554740e-04 3.053811669815331697e-04 4.143051410210318863e-05 3.746112270164303482e-05 1.547856809338554740e-04 4.618066176772117615e-02 7.365854107774794102e-04
4.000000000000000000e+02 2.159306604880839586e-04 3.848249252769164741e-05 3.313292472739703953e-05 1.451764692319557071e-04 2.939708065241575241e-04 3.848249252769164741e-05 3.313292472739703953e-05 1.451764692319557071e-04 4.567381367087364197e-02 7.205054280348122120e-04
4.100000000000000000e+02 2.080610283883288503e-04 3.608247061492875218e-05 2.962625330837909132e-05 1.355922431685030460e-04 2.833438629750162363e-04 3.608247061492875218e-05 2.962625330837909132e-05 1.355922431685030460e-04 4.514073207974433899e-02 7.037847535684704781e-04
4.200000000000000000e+02 2.008527080761268735e-04 3.394375016796402633e-05 2.640992715896572918e-05 1.268846244784072042e-04 2.735482412390410900e-04 3.394375016796402633e-05 2.640992715896572918e-05 1.268846244784072042e-04 4.465769603848457336e-02 6.888034986332058907e-04
4.300000000000000000e+02 1.941060036187991500e-04 3.175111123709939420e-05 2.348695306864101440e-05 1.191823612316511571e-04 2.643966290634125471e-04 3.175111123709939420e-05 2.348695306864101440e-05 1.191823612316511571e-04 4.419801384210586548e-02 6.746961735188961029e-04
4.400000000000000000e+02 1.879980991361662745e-04 3.005202233907766640e-05 2.111978028551675379e-05 1.114689657697454095e-04 2.559921413194388151e-04 3.005202233907766640e-05 2.111978028551675379e-05 1.114689657697454095e-04 4.371352121233940125e-02 6.599853513762354851e-04
4.500000000000000000e+02 1.818637683754786849e-04 2.833527469192631543e-05 1.915738721436355263e-05 1.045937751769088209e-04 2.476774388924241066e-04 2.833527469192631543e-05 1.915738721436355263e-05 1.045937751769088209e-04 4.330912604928016663e-02 6.478308350779116154e-04
4.600000000000000000e+02 1.761693565640598536e-04 2.676315853022970259e-05 1.704745591268874705e-05 9.859445708571001887e-05 2.399272489128634334e-04 2.676315853022970259e-05 1.704745591268874705e-05 9.859445708571001887e-05 4.293133318424224854e-02 6.365778390318155289e-04
4.700000000000000000e+02 1.705836039036512375e-04 2.541046524129342288e-05 1.535468982183374465e-05 9.280735685024410486e-05 2.323210792383179069e-04 2.541046524129342288e-05 1.535468982183374465e-05 9.280735685024410486e-05 4.257270321249961853e-02 6.259868387132883072e-04
4.800000000000000000e+02 1.656190142966806889e-04 2.407681859040167183e-05 1.375078045384725556e-05 8.746608364162966609e-05 2.256016014143824577e-04 2.407681859040167183e-05 1.375078045384725556e-05 8.746608364162966609e-05 4.220277070999145508e-02 6.151552079245448112e-04
4.900000000000000000e+02 1.609513565199449658e-04 2.279680120409466326e-05 1.249388060386991128e-05 8.243545744335278869e-05 2.192544779973104596e-04 2.279680120409466326e-05 1.249388060386991128e-05 8.243545744335278869e-05 4.186448454856872559e-02 6.053328979760408401e-04
5.000000000000000000e+02 1.565050188219174743e-04 2.168264290958177298e-05 1.134210742748109624e-05 7.772769458824768662e-05 2.131275396095588803e-04 2.168264290958177298e-05 1.134210742748109624e-05 7.772769458824768662e-05 4.152550175786018372e-02 5.955696105957031250e-04
5.000000000000000000e+02 1.236734970007091761e-04 2.168264290958177298e-05 1.134210742748109624e-05 7.772769458824768662e-05 2.131275396095588803e-04 2.168264290958177298e-05 1.134210742748109624e-05 7.772769458824768662e-05 4.152550175786018372e-02 5.955696105957031250e-04
5.100000000000000000e+02 2.535255916882306337e-04 2.110666129738092422e-03 2.489201142452657223e-04 9.161742054857313633e-04 3.910235827788710594e-04 2.110666129738092422e-03 2.489201142452657223e-04 9.161742054857313633e-04 5.792481452226638794e-02 1.158862840384244919e-03
5.200000000000000000e+02 1.329385704593732953e-04 2.085674059344455600e-04 1.186490990221500397e-04 2.336857869522646070e-04 2.275454025948420167e-04 2.085674059344455600e-04 1.186490990221500397e-04 2.336857869522646070e-04 4.711999371647834778e-02 7.668549078516662121e-04
5.300000000000000000e+02 1.402818015776574612e-04 5.799705977551639080e-04 1.698622072581201792e-04 4.122748214285820723e-04 2.237504231743514538e-04 5.799705977551639080e-04 1.698622072581201792e-04 4.122748214285820723e-04 5.045913159847259521e-02 8.793915621936321259e-04
5.400000000000000000e+02 1.171017938759177923e-04 6.871183722978457808e-05 3.499411104712635279e-05 1.054760505212470889e-04 2.016946964431554079e-04 6.871183722978457808e-05 3.499411104712635279e-05 1.054760505212470889e-04 4.168462380766868591e-02 6.001427536830306053e-04
5.500000000000000000e+02 1.114176120609045029e-04 9.514133853372186422e-05 3.330019171698950231e-05 7.771591481287032366e-05 1.880016061477363110e-04 9.514133853372186422e-05 3.330019171698950231e-05 7.771591481287032366e-05 3.911003470420837402e-02 5.282982019707560539e-04
5.600000000000000000e+02 1.050079226843081415e-04 1.577327748236712068e-05 7.818691301508806646e-06 5.226788925938308239e-05 1.805618958314880729e-04 1.577327748236712068e-05 7.818691301508806646e-06 5.226788925938308239e-05 3.927227109670639038e-02 5.326902028173208237e-04
5.700000000000000000e+02 1.020229683490470052e-04 1.569875166751444340e-05 5.449101536214584485e-06 5.203229738981463015e-05 1.757559075485914946e-04 1.569875166751444340e-05 5.449101536214584485e-06 5.203229738981463015e-05 3.907472267746925354e-02 5.273446440696716309e-04
5.800000000000000000e+02 9.967791993403807282e-05 1.727619383018463850e-05 5.405345291364938021e-06 4.429019463714212179e-05 1.719059364404529333e-04 1.727619383018463850e-05 5.405345291364938021e-06 4.429019463714212179e-05 3.839083760976791382e-02 5.090471240691840649e-04
5.900000000000000000e+02 9.784673602553084493e-05 1.245813018613262102e-05 3.582904128052177839e-06 4.404522405820898712e-05 1.687024487182497978e-04 1.245813018613262102e-05 3.582904128052177839e-06 4.404522405820898712e-05 3.840295597910881042e-02 5.093684303574264050e-04
6.000000000000000000e+02 9.547478111926466227e-05 1.229647477885009721e-05 3.624493501774850301e-06 3.925424607587046921e-05 1.646589080337435007e-04 1.229647477885009721e-05 3.624493501774850301e-06 3.925424607587046921e-05 3.807456046342849731e-02 5.006940918974578381e-04
6.100000000000000000e+02 9.350541222374886274e-05 1.120055003411835060e-05 3.142278046652791090e-06 3.719542291946709156e-05 1.612256601219996810e-04 1.120055003411835060e-05 3.142278046652791090e-06 3.719542291946709156e-05 3.789896517992019653e-02 4.960865480825304985e-04
6.200000000000000000e+02 9.133145795203745365e-05 1.040583356370916590e-05 2.808268845910788514e-06 3.540391844580881298e-05 1.574897032696753740e-04 1.040583356370916590e-05 2.808268845910788514e-06 3.540391844580881298e-05 3.770380094647407532e-02 4.909904091618955135e-04
6.300000000000000000e+02 8.928168244892731309e-05 1.011494532576762140e-05 2.633034227983443998e-06 3.293498230050317943e-05 1.539715594844892621e-04 1.011494532576762140e-05 2.633034227983443998e-06 3.293498230050317943e-05 3.746979683637619019e-02 4.849147226195782423e-04
6.400000000000000000e+02 8.732468995731323957e-05 9.473677891946863383e-06 2.368715058764792047e-06 3.108304008492268622e-05 1.506000553490594029e-04 9.473677891946863383e-06 2.368715058764792047e-06 3.108304008492268622e-05 3.725546970963478088e-02 4.793831903953105211e-04
6.500000000000000000e+02 8.541324496036395431e-05 8.873134902387391776e-06 2.162195642085862346e-06 2.940394551842473447e-05 1.473054580856114626e-04 8.873134902387391776e-06 2.162195642085862346e-06 2.940394551842473447e-05 3.709217905998229980e-02 4.751901433337479830e-04
6.600000000000000000e+02 8.346771210199221969e-05 8.495738256897311658e-06 1.933710109369712882e-06 2.760742245300207287e-05 1.439470797777175903e-04 8.495738256897311658e-06 1.933710109369712882e-06 2.760742245300207287e-05 3.687157481908798218e-02 4.695546522270888090e-04
6.700000000000000000e+02 8.143628656398504972e-05 8.072888704191427678e-06 1.766539071468287148e-06 2.606702764751389623e-05 1.404472277499735355e-04 8.072888704191427678e-06 1.766539071468287148e-06 2.606702764751389623e-05 3.669635578989982605e-02 4.651023773476481438e-04
6.800000000000000000e+02 7.964552787598222494e-05 7.719143468420952559e-06 1.604821591172367334e-06 2.453456909279339015e-05 1.373588165733963251e-04 7.719143468420952559e-06 1.604821591172367334e-06 2.453456909279339015e-05 3.648922219872474670e-02 4.598667437676340342e-04
6.900000000000000000e+02 7.785736670484766364e-05 7.296582225535530597e-06 1.481817889725789428e-06 2.319376108061987907e-05 1.342748146271333098e-04 7.296582225535530597e-06 1.481817889725789428e-06 2.319376108061987907e-05 3.633663803339004517e-02 4.560287925414741039e-04
7.000000000000000000e+02 7.624540012329816818e-05 6.975983978918520734e-06 1.322843445450416766e-06 2.186705933127086610e-05 1.314750115852802992e-04 6.975983978918520734e-06 1.322843445450416766e-06 2.186705933127086610e-05 3.612010180950164795e-02 4.506097466219216585e-04
7.100000000000000000e+02 7.452499994542449713e-05 6.622914497711462900e-06 1.202264002131414600e-06 2.073039468086790293e-05 1.285254547838121653e-04 6.622914497711462900e-06 1.202264002131414600e-06 2.073039468086790293e-05 3.599410131573677063e-02 4.474714223761111498e-04
7.200000000000000000e+02 7.302657468244433403e-05 6.320979537122184411e-06 1.112000632019771729e-06 1.957615677383728325e-05 1.259419659618288279e-04 6.320979537122184411e-06 1.112000632019771729e-06 1.957615677383728325e-05 3.582303598523139954e-02 4.432283458299934864e-04
7.300000000000000000e+02 7.138936052797362208e-05 5.991863872623071074e-06 1.040597339851956349e-06 1.858896939666010439e-05 1.231204660143703222e-04 5.991863872623071074e-06 1.040597339851956349e-06 1.858896939666010439e-05 3.567260131239891052e-02 4.395135911181569099e-04
7.400000000000000000e+02 6.992839189479127526e-05 5.690980742656392977e-06 9.399560667588957585e-07 1.760762461344711483e-05 1.206009619636461139e-04 5.690980742656392977e-06 9.399560667588957585e-07 1.760762461344711483e-05 3.548977151513099670e-02 4.350198723841458559e-04
7.500000000000000000e+02 6.840466812718659639e-05 5.438334028440294787e-06 8.561220852243422996e-07 1.675106614129617810e-05 1.179701139335520566e-04 5.438334028440294787e-06 8.561220852243422996e-07 1.675106614129617810e-05 3.537616506218910217e-02 4.322392633184790611e-04
7.500000000000000000e+02 5.652961408486589789e-05 5.438334028440294787e-06 8.561220852243422996e-07 1.675106614129617810e-05 1.179701139335520566e-04 5.438334028440294787e-06 8.561220852243422996e-07 1.675106614129617810e-05 3.537616506218910217e-02 4.322392633184790611e-04
7.600000000000000000e+02 3.767921298276633024e-04 1.638385350815951824e-03 1.644481206312775612e-03 1.370103214867413044e-03 6.756982766091823578e-04 1.638385350815951824e-03 1.644481206312775612e-03 1.370103214867413044e-03 7.489308714866638184e-02 1.937252469360828400e-03
7.700000000000000000e+02 1.368139346595853567e-04 8.211078238673508167e-04 3.937737201340496540e-04 5.460638203658163548e-04 2.811002195812761784e-04 8.211078238673508167e-04 3.937737201340496540e-04 5.460638203658163548e-04 5.023138597607612610e-02 8.714711875654757023e-04
7.800000000000000000e+02 6.636552279815077782e-05 6.955459684832021594e-05 5.450960088637657464e-05 6.310485332505777478e-05 1.318939612247049809e-04 6.955459684832021594e-05 5.450960088637657464e-05 6.310485332505777478e-05 3.553901240229606628e-02 4.362279432825744152e-04
7.900000000000000000e+02 7.211562478914856911e-05 1.097115091397427022e-04 8.460989920422434807e-05 1.191205083159729838e-04 1.504405081504955888e-04 1.097115091397427022e-04 8.460989920422434807e-05 1.191205083159729838e-04 3.852759301662445068e-02 5.126802134327590466e-04
8.000000000000000000e+02 6.077652869862504303e-05 4.182360862614586949e-05 3.605649908422492445e-05 4.086962871951982379e-05 1.234172959811985493e-04 4.182360862614586949e-05 3.605649908422492445e-05 4.086962871951982379e-05 3.405176475644111633e-02 4.004810471087694168e-04
8.100000000000000000e+02 5.656767461914569139e-05 1.568292464071419090e-05 1.244506893272046000e-05 2.786084587569348514e-05 1.179196115117520094e-04 1.568292464071419090e-05 1.244506893272046000e-05 2.786084587569348514e-05 3.427196294069290161e-02 4.056772741023451090e-04
8.200000000000000000e+02 5.357488771551288664e-05 1.094917479349533096e-05 6.661900442850310355e-06 1.735905607347376645e-05 1.112166792154312134e-04 1.094917479349533096e-05 6.661900442850310355e-06 1.735905607347376645e-05 3.369551151990890503e-02 3.921451861970126629e-04
8.300000000000000000e+02 5.239343954599462450e-05 6.129408575361594558e-06 2.963536871902761050e-06 1.635554872336797416e-05 1.092880993383005261e-04 6.129408575361594558e-06 2.963536871902761050e-06 1.635554872336797416e-05 3.386200591921806335e-02 3.960300527978688478e-04
8.400000000000000000e+02 5.139783752383664250e-05 4.865194114245241508e-06 1.705177396615908947e-06 1.350817274214932695e-05 1.071703300112858415e-04 4.865194114245241508e-06 1.705177396615908947e-06 1.350817274214932695e-05 3.375552594661712646e-02 3.935431886930018663e-04
8.500000000000000000e+02 5.071635314379818738e-05 4.957061719323974103e-06 1.193523871734214481e-06 1.266363688046112657e-05 1.058400375768542290e-04 4.957061719323974103e-06 1.193523871734214481e-06 1.266363688046112657e-05 3.365146368741989136e-02 3.911206149496138096e-04
8.600000000000000000e+02 5.029819658375345170e-05 4.393524704937590286e-06 9.591566367816994898e-07 1.233390685229096562e-05 1.049689672072418034e-04 4.393524704937590286e-06 9.591566367816994898e-07 1.233390685229096562e-05 3.369840607047080994e-02 3.922125033568590879e-04
8.700000000000000000e+02 4.986487329006195068e-05 4.179045845376094803e-06 8.406275924244255293e-07 1.202231396746356040e-05 1.040656716213561594e-04 4.179045845376094803e-06 8.406275924244255293e-07 1.202231396746356040e-05 3.365599364042282104e-02 3.912258544005453587e-04
8.800000000000000000e+02 4.935481047141365707e-05 4.044162324134958908e-06 7.141968012547295075e-07 1.167610389529727399e-05 1.029997874866239727e-04 4.044162324134958908e-06 7.141968012547295075e-07 1.167610389529727399e-05 3.359103202819824219e-02 3.897171409334987402e-04
8.900000000000000000e+02 4.887737304670736194e-05 3.931233550247270614e-06 6.560032375091395807e-07 1.130178316088858992e-05 1.019987103063613176e-04 3.931233550247270614e-06 6.560032375091395807e-07 1.130178316088858992e-05 3.354113176465034485e-02 3.885600890498608351e-04
9.000000000000000000e+02 4.836260632146149874e-05 3.836257292277878150e-06 5.999131076350749936e-07 1.097753738577011973e-05 1.009136467473581433e-04 3.836257292277878150e-06 5.999131076350749936e-07 1.097753738577011973e-05 3.354231268167495728e-02 3.885873884428292513e-04
9.100000000000000000e+02 4.796708890353329480e-05 3.722626615854096599e-06 5.718549118682858534e-07 1.064086882252013311e-05 1.001038690446875989e-04 3.722626615854096599e-06 5.718549118682858534e-07 1.064086882252013311e-05 3.345806524157524109e-02 3.866378392558544874e-04
9.200000000000000000e+02 4.748453648062422872e-05 3.626845455073635094e-06 5.310624828780419193e-07 1.035861805576132610e-05 9.909790969686582685e-05 3.626845455073635094e-06 5.310624828780419193e-07 1.035861805576132610e-05 3.341533616185188293e-02 3.856509865727275610e-04
9.300000000000000000e+02 4.710071516456082463e-05 3.533567451086128131e-06 4.787214606949419249e-07 1.012381017062580213e-05 9.829428017837926745e-05 3.533567451086128131e-06 4.787214606949419249e-07 1.012381017062580213e-05 3.337852284312248230e-02 3.848016494885087013e-04
9.400000000000000000e+02 4.668469773605465889e-05 3.431603317949338816e-06 4.669266786549997050e-07 9.858747944235801697e-06 9.742593101691454649e-05 3.431603317949338816e-06 4.669266786549997050e-07 9.858747944235801697e-06 3.332165256142616272e-02 3.834915405604988337e-04
9.500000000000000000e+02 4.623239510692656040e-05 3.339317117934115231e-06 4.516091962614154909e-07 9.588197826815303415e-06 9.647767001297324896e-05 3.339317117934115231e-06 4.516091962614154909e-07 9.588197826815303415e-06 3.327766060829162598e-02 3.824796585831791162e-04
9.600000000000000000e+02 4.581023677019402385e-05 3.251978796470211819e-06 4.133426898533798521e-07 9.356735063192900270e-06 9.560196485836058855e-05 3.251978796470211819e-06 4.133426898533798521e-07 9.356735063192900270e-06 3.322330489754676819e-02 3.812311624642461538e-04
9.700000000000000000e+02 4.542808528640307486e-05 3.167480599586269818e-06 3.980125313773896778e-07 9.133131243288516998e-06 9.480462176725268364e-05 3.167480599586269818e-06 3.980125313773896778e-07 9.133131243288516998e-06 3.317630663514137268e-02 3.801533021032810211e-04
9.800000000000000000e+02 4.492494917940348387e-05 3.090433665420277975e-06 3.770311707285145530e-07 8.919600077206268907e-06 9.375343506690114737e-05 3.090433665420277975e-06 3.770311707285145530e-07 8.919600077206268907e-06 3.313141316175460815e-02 3.791252675000578165e-04
9.900000000000000000e+02 4.454746158444322646e-05 3.018413508470985107e-06 3.682611406929936493e-07 8.669358066981658340e-06 9.296840289607644081e-05 3.018413508470985107e-06 3.682611406929936493e-07 8.669358066981658340e-06 3.307538107037544250e-02 3.778439131565392017e-04
1.000000000000000000e+03 4.407775850268080831e-05 2.951739816126064397e-06 3.309835108211700572e-07 8.489709216519258916e-06 9.198828047374263406e-05 2.951739816126064397e-06 3.309835108211700572e-07 8.489709216519258916e-06 3.303852304816246033e-02 3.770022012759000063e-04
1.000000000000000000e+03 4.407775850268080831e-05 2.951739816126064397e-06 3.309835108211700572e-07 8.489709216519258916e-06 9.198828047374263406e-05 2.951739816126064397e-06 3.309835108211700572e-07 8.489709216519258916e-06 3.303852304816246033e-02 3.770022012759000063e-04
1.000000000000000000e+03 4.407775850268080831e-05 2.951739816126064397e-06 3.309835108211700572e-07 8.489709216519258916e-06 9.198828047374263406e-05 2.951739816126064397e-06 3.309835108211700572e-07 8.489709216519258916e-06 3.303852304816246033e-02 3.770022012759000063e-04
1.000000000000000000e+03 4.407775850268080831e-05 2.951739816126064397e-06 3.309835108211700572e-07 8.489709216519258916e-06 9.198828047374263406e-05 2.951739816126064397e-06 3.309835108211700572e-07 8.489709216519258916e-06 3.303852304816246033e-02 3.770022012759000063e-04
1.000000000000000000e+03 4.407775850268080831e-05 2.951739816126064397e-06 3.309835108211700572e-07 8.489709216519258916e-06 9.198828047374263406e-05 2.951739816126064397e-06 3.309835108211700572e-07 8.489709216519258916e-06 3.303852304816246033e-02 3.770022012759000063e-04
1.000000000000000000e+03 4.407775850268080831e-05 2.951739816126064397e-06 3.309835108211700572e-07 8.489709216519258916e-06 9.198828047374263406e-05 2.951739816126064397e-06 3.309835108211700572e-07 8.489709216519258916e-06 3.303852304816246033e-02 3.770022012759000063e-04
1.010000000000000000e+03 1.256223767995834351e-04 1.652331673540174961e-03 6.040768930688500404e-04 9.224967798218131065e-04 1.785988424671813846e-04 1.652331673540174961e-03 6.040768930688500404e-04 9.224967798218131065e-04 6.368699669837951660e-02 1.400890876539051533e-03
1.020000000000000000e+03 4.102338571101427078e-04 4.814448766410350800e-04 8.139507845044136047e-04 6.163711077533662319e-04 7.457807660102844238e-04 4.814448766410350800e-04 8.139507845044136047e-04 6.163711077533662319e-04 5.399777367711067200e-02 1.007057959213852882e-03
1.030000000000000000e+03 6.825848686276003718e-05 4.180544055998325348e-04 1.188213718705810606e-04 2.308326947968453169e-04 1.140062377089634538e-04 4.180544055998325348e-04 1.188213718705810606e-04 2.308326947968453169e-04 4.216763749718666077e-02 6.141312769614160061e-04
1.040000000000000000e+03 5.729734766646288335e-05 2.012351033044978976e-04 6.073010808904655278e-05 1.296615519095212221e-04 1.106821146095171571e-04 2.012351033044978976e-04 6.073010808904655278e-05 1.296615519095212221e-04 3.793460130691528320e-02 4.970198497176170349e-04
1.050000000000000000e+03 4.701644502347335219e-05 4.884032750851474702e-05 2.483301796019077301e-05 3.744474088307470083e-05 9.767067967914044857e-05 4.884032750851474702e-05 2.483301796019077301e-05 3.744474088307470083e-05 3.424349054694175720e-02 4.050034040119498968e-04
1.050000000000000000e+03 9.172958380077034235e-05 4.884032750851474702e-05 2.483301796019077301e-05 3.744474088307470083e-05 9.767067967914044857e-05 4.884032750851474702e-05 2.483301796019077301e-05 3.744474088307470083e-05 3.424349054694175720e-02 4.050034040119498968e-04
1.060000000000000000e+03 6.238343194127082825e-04 6.450942251831293106e-03 1.057479879818856716e-03 2.921933075413107872e-03 8.683405467309057713e-04 6.450942251831293106e-03 1.057479879818856716e-03 2.921933075413107872e-03 8.456907421350479126e-02 2.470164559781551361e-03
1.070000000000000000e+03 2.660190511960536242e-04 2.158704213798046112e-03 4.945465479977428913e-04 1.110510085709393024e-03 4.706239560618996620e-04 2.158704213798046112e-03 4.945465479977428913e-04 1.110510085709393024e-03 6.044542789459228516e-02 1.261913916096091270e-03
1.080000000000000000e+03 1.430708362022414804e-04 2.793204912450164557e-04 4.002347704954445362e-04 3.926310746464878321e-04 2.801813825499266386e-04 2.793204912450164557e-04 4.002347704954445362e-04 3.926310746464878321e-04 4.665198549628257751e-02 7.516972837038338184e-04
1.090000000000000000e+03 1.300874428125098348e-04 9.243300883099436760e-05 2.070252085104584694e-04 1.754036784404888749e-04 2.087041793856769800e-04 9.243300883099436760e-05 2.070252085104584694e-04 1.754036784404888749e-04 4.064741730690002441e-02 5.706484662368893623e-04
1.100000000000000000e+03 7.979753718245774508e-05 3.552210910129360855e-05 8.404795516980811954e-05 6.924596527824178338e-05 1.588585582794621587e-04 3.552210910129360855e-05 8.404795516980811954e-05 6.924596527824178338e-05 3.553391247987747192e-02 4.361027677077800035e-04
1.100000000000000000e+03 8.034718484850600362e-05 3.552210910129360855e-05 8.404795516980811954e-05 6.924596527824178338e-05 1.588585582794621587e-04 3.552210910129360855e-05 8.404795516980811954e-05 6.924596527824178338e-05 3.553391247987747192e-02 4.361027677077800035e-04
1.110000000000000000e+03 4.337701830081641674e-04 1.070457743480801582e-03 1.179801183752715588e-03 1.069232472218573093e-03 6.221184157766401768e-04 1.070457743480801582e-03 1.179801183752715588e-03 1.069232472218573093e-03 6.292422115802764893e-02 1.367535092867910862e-03
1.120000000000000000e+03 2.047277230303734541e-04 7.170547032728791237e-04 5.399188376031816006e-04 6.099161109887063503e-04 3.579970507416874170e-04 7.170547032728791237e-04 5.399188376031816006e-04 6.099161109887063503e-04 5.571770295500755310e-02 1.072232844308018684e-03
1.130000000000000000e+03 8.346349932253360748e-05 3.953516134060919285e-04 2.631955139804631472e-04 3.007662890013307333e-04 2.190621307818219066e-04 3.953516134060919285e-04 2.631955139804631472e-04 3.007662890013307333e-04 4.247942566871643066e-02 6.232466548681259155e-04
1.140000000000000000e+03 5.930822590016759932e-05 1.294554967898875475e-04 8.744300430407747626e-05 1.159877501777373254e-04 1.615761430002748966e-04 1.294554967898875475e-04 8.744300430407747626e-05 1.159877501777373254e-04 3.455148637294769287e-02 4.123216494917869568e-04
1.150000000000000000e+03 4.593114135786890984e-05 1.842248093453235924e-05 3.724057387444190681e-05 4.345378329162485898e-05 1.138872248702682555e-04 1.842248093453235924e-05 3.724057387444190681e-05 4.345378329162485898e-05 3.385762497782707214e-02 3.959276364184916019e-04
1.150000000000000000e+03 4.214053842588327825e-05 1.842248093453235924e-05 3.724057387444190681e-05 4.345378329162485898e-05 1.138872248702682555e-04 1.842248093453235924e-05 3.724057387444190681e-05 4.345378329162485898e-05 3.385762497782707214e-02 3.959276364184916019e-04
1.160000000000000000e+03 8.879094821168109775e-05 1.579886302351951599e-03 8.374245953746140003e-04 1.109451404772698879e-03 2.381211234023794532e-04 1.579886302351951599e-03 8.374245953746140003e-04 1.109451404772698879e-03 6.596356630325317383e-02 1.502833911217749119e-03
1.170000000000000000e+03 1.818800374167039990e-04 7.770797237753868103e-04 3.369897603988647461e-04 5.867552245035767555e-04 2.204543125117197633e-04 7.770797237753868103e-04 3.369897603988647461e-04 5.867552245035767555e-04 5.153179913759231567e-02 9.171773563139140606e-04
1.180000000000000000e+03 5.026791768614202738e-05 1.257641706615686417e-04 2.548418415244668722e-04 1.717085397103801370e-04 1.424109359504655004e-04 1.257641706615686417e-04 2.548418415244668722e-04 1.717085397103801370e-04 4.002741724252700806e-02 5.533728981390595436e-04
1.190000000000000000e+03 1.272671506740152836e-04 6.177122850203886628e-05 6.513366679428145289e-05 6.753698107786476612e-05 1.315980771323665977e-04 6.177122850203886628e-05 6.513366679428145289e-05 6.753698107786476612e-05 3.472901880741119385e-02 4.165697610005736351e-04
1.200000000000000000e+03 3.882158489432185888e-05 1.553461879666429013e-05 1.897251968330238014e-05 3.286493301857262850e-05 1.229234912898391485e-04 1.553461879666429013e-05 1.897251968330238014e-05 3.286493301857262850e-05 3.378568217158317566e-02 3.942467737942934036e-04
1.200000000000000000e+03 3.882158489432185888e-05 1.553461879666429013e-05 1.897251968330238014e-05 3.286493301857262850e-05 1.229234912898391485e-04 1.553461879666429013e-05 1.897251968330238014e-05 3.286493301857262850e-05 3.378568217158317566e-02 3.942467737942934036e-04
1.210000000000000000e+03 3.498998994473367929e-04 3.851918270811438560e-03 1.840024138800799847e-03 2.748668892309069633e-03 4.536579072009772062e-04 3.851918270811438560e-03 1.840024138800799847e-03 2.748668892309069633e-03 9.103448688983917236e-02 2.862296067178249359e-03
1.220000000000000000e+03 1.971157907973974943e-04 1.541977864690124989e-03 7.802098407410085201e-04 1.183941494673490524e-03 2.343853120692074299e-04 1.541977864690124989e-03 7.802098407410085201e-04 1.183941494673490524e-03 6.636919826269149780e-02 1.521373516879975796e-03
1.230000000000000000e+03 1.358107838314026594e-04 4.435035807546228170e-04 2.237110165879130363e-04 4.098597855772823095e-04 1.496877375757321715e-04 4.435035807546228170e-04 2.237110165879130363e-04 4.098597855772823095e-04 4.759412258863449097e-02 7.823649793863296509e-04
1.240000000000000000e+03 4.981570236850529909e-05 1.280313299503177404e-04 1.009452171274460852e-04 1.256555115105584264e-04 1.302801247220486403e-04 1.280313299503177404e-04 1.009452171274460852e-04 1.256555115105584264e-04 3.695073351263999939e-02 4.715729155577719212e-04
1.250000000000000000e+03 3.735602149390615523e-05 5.793516902485862374e-05 4.572259786073118448e-05 6.761022086720913649e-05 1.183921485790051520e-04 5.793516902485862374e-05 4.572259786073118448e-05 6.761022086720913649e-05 3.544494137167930603e-02 4.339216102380305529e-04
1.250000000000000000e+03 1.484482490923255682e-04 5.793516902485862374e-05 4.572259786073118448e-05 6.761022086720913649e-05 1.183921485790051520e-04 5.793516902485862374e-05 4.572259786073118448e-05 6.761022086720913649e-05 3.544494137167930603e-02 4.339216102380305529e-04
1.260000000000000000e+03 2.616464917082339525e-04 5.673226900398731232e-03 8.995468961074948311e-04 2.687063533812761307e-03 8.794072782620787621e-04 5.673226900398731232e-03 8.995468961074948311e-04 2.687063533812761307e-03 8.267323672771453857e-02 2.360655693337321281e-03
1.270000000000000000e+03 1.260622666450217366e-04 1.423142733983695507e-03 4.914922756142914295e-04 9.701629751361906528e-04 3.918727452401071787e-04 1.423142733983695507e-03 4.914922756142914295e-04 9.701629751361906528e-04 5.768936127424240112e-02 1.149460906162858009e-03
1.280000000000000000e+03 7.684541924390941858e-05 3.443059977144002914e-04 1.983585534617304802e-04 2.574578975327312946e-04 2.033722412306815386e-04 3.443059977144002914e-04 1.983585534617304802e-04 2.574578975327312946e-04 4.030747339129447937e-02 5.611433298327028751e-04
1.290000000000000000e+03 4.466696191229857504e-05 7.025200466159731150e-05 6.914100958965718746e-05 9.571213740855455399e-05 1.389677199767902493e-04 7.025200466159731150e-05 6.914100958965718746e-05 9.571213740855455399e-05 3.481579944491386414e-02 4.186542937532067299e-04
1.300000000000000000e+03 4.145312414038926363e-05 3.570437183952890337e-05 2.449573366902768612e-05 4.777331196237355471e-05 1.279800053453072906e-04 3.570437183952890337e-05 2.449573366902768612e-05 4.777331196237355471e-05 3.407167270779609680e-02 4.009494732599705458e-04
1.300000000000000000e+03 3.760063555091619492e-05 3.570437183952890337e-05 2.449573366902768612e-05 4.777331196237355471e-05 1.279800053453072906e-04 3.570437183952890337e-05 2.449573366902768612e-05 4.777331196237355471e-05 3.407167270779609680e-02 4.009494732599705458e-04
1.310000000000000000e+03 1.383527996949851513e-04 3.678424749523401260e-03 1.513319788500666618e-03 2.451545326039195061e-03 3.051778185181319714e-04 3.678424749523401260e-03 1.513319788500666618e-03 2.451545326039195061e-03 8.711668848991394043e-02 2.621232066303491592e-03
1.320000000000000000e+03 2.320306957699358463e-04 1.033307518810033798e-03 8.336172322742640972e-04 8.309107506647706032e-04 1.651737838983535767e-04 1.033307518810033798e-03 8.336172322742640972e-04 8.309107506647706032e-04 6.197965517640113831e-02 1.326786587014794350e-03
1.330000000000000000e+03 9.881865116767585278e-05 1.711003133095800877e-04 1.270787761313840747e-04 1.674905797699466348e-04 1.551918248878791928e-04 1.711003133095800877e-04 1.270787761313840747e-04 1.674905797699466348e-04 4.073071107268333435e-02 5.729895201511681080e-04
1.340000000000000000e+03 3.385425225133076310e-05 3.345307413837872446e-05 5.384299947763793170e-05 7.930383435450494289e-05 1.279818388866260648e-04 3.345307413837872446e-05 5.384299947763793170e-05 7.930383435450494289e-05 3.558384999632835388e-02 4.373292904347181320e-04
1.350000000000000000e+03 3.970329998992383480e-05 3.184157321811653674e-05 5.027859151596203446e-05 5.535735181183554232e-05 1.268443302251398563e-04 3.184157321811653674e-05 5.027859151596203446e-05 5.535735181183554232e-05 3.468324616551399231e-02 4.154724301770329475e-04
1.350000000000000000e+03 3.911389285349287093e-05 3.184157321811653674e-05 5.027859151596203446e-05 5.535735181183554232e-05 1.268443302251398563e-04 3.184157321811653674e-05 5.027859151596203446e-05 5.535735181183554232e-05 3.468324616551399231e-02 4.154724301770329475e-04
1.360000000000000000e+03 1.763137406669557095e-04 3.178904589731246233e-04 4.300020809751003981e-04 3.531735856086015701e-04 3.589445841498672962e-04 3.178904589731246233e-04 4.300020809751003981e-04 3.531735856086015701e-04 4.698234796524047852e-02 7.623811834491789341e-04
1.370000000000000000e+03 1.461630017729476094e-04 1.803925115382298827e-04 2.025226567639037967e-04 2.278462488902732730e-04 2.484935685060918331e-04 1.803925115382298827e-04 2.025226567639037967e-04 2.278462488902732730e-04 4.290772974491119385e-02 6.358779501169919968e-04
1.380000000000000000e+03 7.975018525030463934e-05 8.130037895170971751e-05 8.744624210521578789e-05 1.061873117578215897e-04 1.988313015317544341e-04 8.130037895170971751e-05 8.744624210521578789e-05 1.061873117578215897e-04 3.586198389530181885e-02 4.441926139406859875e-04
1.390000000000000000e+03 3.386442404007539153e-05 2.502575262042228132e-05 4.048592745675705373e-05 4.798652662429958582e-05 1.417553285136818886e-04 2.502575262042228132e-05 4.048592745675705373e-05 4.798652662429958582e-05 3.299023211002349854e-02 3.759010578505694866e-04
1.400000000000000000e+03 3.258396463934332132e-05 1.398095628246665001e-05 2.372511517023667693e-05 4.122845712117850780e-05 1.271732762688770890e-04 1.398095628246665001e-05 2.372511517023667693e-05 4.122845712117850780e-05 3.312765806913375854e-02 3.790392947848886251e-04
1.400000000000000000e+03 3.258396463934332132e-05 1.398095628246665001e-05 2.372511517023667693e-05 4.122845712117850780e-05 1.271732762688770890e-04 1.398095628246665001e-05 2.372511517023667693e-05 4.122845712117850780e-05 3.312765806913375854e-02 3.790392947848886251e-04
1.410000000000000000e+03 6.669278373010456562e-04 4.466338548809289932e-03 7.569685694761574268e-04 2.094839466735720634e-03 8.709055255167186260e-04 4.466338548809289932e-03 7.569685694761574268e-04 2.094839466735720634e-03 7.455775886774063110e-02 1.919943606480956078e-03
1.420000000000000000e+03 1.004911391646601260e-04 1.025107339955866337e-03 6.641903892159461975e-04 8.201230666600167751e-04 3.190053976140916348e-04 1.025107339955866337e-03 6.641903892159461975e-04 8.201230666600167751e-04 5.812848731875419617e-02 1.167026581242680550e-03
1.430000000000000000e+03 1.264004531549289823e-04 1.623985444894060493e-04 1.856822345871478319e-04 1.915134489536285400e-04 1.914549648063257337e-04 1.623985444894060493e-04 1.856822345871478319e-04 1.915134489536285400e-04 3.907746449112892151e-02 5.274186260066926479e-04
1.440000000000000000e+03 5.335976311471313238e-05 4.680246274801902473e-05 9.384077566210180521e-05 8.298476313939318061e-05 1.568478619446977973e-04 4.680246274801902473e-05 9.384077566210180521e-05 8.298476313939318061e-05 3.437683358788490295e-02 4.081637598574161530e-04
1.450000000000000000e+03 3.744643254321999848e-05 2.954982664959970862e-05 8.563581650378182530e-05 8.871388126863166690e-05 1.313563698204234242e-04 2.954982664959970862e-05 8.563581650378182530e-05 8.871388126863166690e-05 3.440881147980690002e-02 4.089234571438282728e-04
1.450000000000000000e+03 4.834962601307779551e-05 2.954982664959970862e-05 8.563581650378182530e-05 8.871388126863166690e-05 1.313563698204234242e-04 2.954982664959970862e-05 8.563581650378182530e-05 8.871388126863166690e-05 3.440881147980690002e-02 4.089234571438282728e-04
1.460000000000000000e+03 9.758271044120192528e-04 6.509047816507518291e-04 1.006736187264323235e-03 9.143803035840392113e-04 6.989968824200332165e-04 6.509047816507518291e-04 1.006736187264323235e-03 9.143803035840392113e-04 6.419519335031509399e-02 1.423337031155824661e-03
1.470000000000000000e+03 2.397529169684275985e-04 2.038984093815088272e-04 6.862590671516954899e-04 3.952083061449229717e-04 3.455886617302894592e-04 2.038984093815088272e-04 6.862590671516954899e-04 3.952083061449229717e-04 5.178662389516830444e-02 9.262706735171377659e-04
1.480000000000000000e+03 6.844725430710241199e-05 2.157145499950274825e-04 1.911129802465438843e-04 1.851709675975143909e-04 1.827637897804379463e-04 2.157145499950274825e-04 1.911129802465438843e-04 1.851709675975143909e-04 4.189810901880264282e-02 6.063056061975657940e-04
1.490000000000000000e+03 3.612635919125750661e-05 5.859514931216835976e-05 5.853205220773816109e-05 7.763724715914577246e-05 1.478709746152162552e-04 5.859514931216835976e-05 5.853205220773816109e-05 7.763724715914577246e-05 3.553208336234092712e-02 4.360577149782329798e-04
1.500000000000000000e+03 3.620996722020208836e-05 3.173457298544235528e-05 9.413395309820771217e-05 9.687562851468101144e-05 1.347330253338441253e-04 3.173457298544235528e-05 9.413395309820771217e-05 9.687562851468101144e-05 3.537095710635185242e-02 4.321120504755526781e-04
1.500000000000000000e+03 3.403152004466392100e-05 3.173457298544235528e-05 9.413395309820771217e-05 9.687562851468101144e-05 1.347330253338441253e-04 3.173457298544235528e-05 9.413395309820771217e-05 9.687562851468101144e-05 3.537095710635185242e-02 4.321120504755526781e-04
1.510000000000000000e+03 6.670753355138003826e-04 1.060761511325836182e-03 8.320502820424735546e-04 8.741832571104168892e-04 5.556711112149059772e-04 1.060761511325836182e-03 8.320502820424735546e-04 8.741832571104168892e-04 5.980946123600006104e-02 1.235499395988881588e-03
1.520000000000000000e+03 9.950235107680782676e-05 2.747012476902455091e-04 5.510511691682040691e-04 4.059144994243979454e-04 2.175851695938035846e-04 2.747012476902455091e-04 5.510511691682040691e-04 4.059144994243979454e-04 4.696429520845413208e-02 7.617953233420848846e-04
1.530000000000000000e+03 6.744564598193392158e-05 9.375451190862804651e-05 1.669685443630442023e-04 1.691084471531212330e-04 1.805534120649099350e-04 9.375451190862804651e-05 1.669685443630442023e-04 1.691084471531212330e-04 3.828758746385574341e-02 5.063126445747911930e-04
1.540000000000000000e+03 5.963053990853950381e-05 2.666437649168074131e-05 5.578870332101359963e-05 7.536773773608729243e-05 1.487032277509570122e-04 2.666437649168074131e-05 5.578870332101359963e-05 7.536773773608729243e-05 3.434375301003456116e-02 4.073785385116934776e-04
1.550000000000000000e+03 4.132219328312203288e-05 1.472447183914482594e-05 2.549070086388383061e-05 4.578240623231977224e-05 1.413423306075856090e-04 1.472447183914482594e-05 2.549070086388383061e-05 4.578240623231977224e-05 3.244864568114280701e-02 3.636603360064327717e-04
1.550000000000000000e+03 3.858602576656267047e-05 1.472447183914482594e-05 2.549070086388383061e-05 4.578240623231977224e-05 1.413423306075856090e-04 1.472447183914482594e-05 2.549070086388383061e-05 4.578240623231977224e-05 3.244864568114280701e-02 3.636603360064327717e-04
1.560000000000000000e+03 1.172047559521161020e-04 3.036813868675380945e-04 3.486642090138047934e-04 3.267292631790041924e-04 1.627312449272722006e-04 3.036813868675380945e-04 3.486642090138047934e-04 3.267292631790041924e-04 4.416343569755554199e-02 6.736409850418567657e-04
1.570000000000000000e+03 8.959166007116436958e-05 1.482738298363983631e-04 1.283268647966906428e-04 1.626932935323566198e-04 1.468591071898117661e-04 1.482738298363983631e-04 1.283268647966906428e-04 1.626932935323566198e-04 3.918451070785522461e-02 5.303121870383620262e-04
1.580000000000000000e+03 3.693091639433987439e-05 8.086445450317114592e-05 1.046448523993603885e-04 1.013221917673945427e-04 1.527724380139261484e-04 8.086445450317114592e-05 1.046448523993603885e-04 1.013221917673945427e-04 3.602251410484313965e-02 4.481783544179052114e-04
1.590000000000000000e+03 3.784187720157206059e-05 2.191482599300798029e-05 6.562221096828579903e-05 6.768774619558826089e-05 1.357690489385277033e-04 2.191482599300798029e-05 6.562221096828579903e-05 6.768774619558826089e-05 3.462646156549453735e-02 4.141131357755511999e-04
1.600000000000000000e+03 3.925375131075270474e-05 1.441999484086409211e-05 4.634818469639867544e-05 5.736571256420575082e-05 1.241644204128533602e-04 1.441999484086409211e-05 4.634818469639867544e-05 5.736571256420575082e-05 3.418862819671630859e-02 4.037068574689328671e-04
1.600000000000000000e+03 3.925375131075270474e-05 1.441999484086409211e-05 4.634818469639867544e-05 5.736571256420575082e-05 1.241644204128533602e-04 1.441999484086409211e-05 4.634818469639867544e-05 5.736571256420575082e-05 3.418862819671630859e-02 4.037068574689328671e-04
1.610000000000000000e+03 3.954563580919057131e-04 3.679171204566955566e-04 1.429390977136790752e-03 1.034501940011978149e-03 5.606635822914540768e-04 3.679171204566955566e-04 1.429390977136790752e-03 1.034501940011978149e-03 6.238370388746261597e-02 1.344141783192753792e-03
1.620000000000000000e+03 2.340979699511080980e-04 4.298463172744959593e-04 2.369879366597160697e-04 3.582252247724682093e-04 1.982820685952901840e-04 4.298463172744959593e-04 2.369879366597160697e-04 3.582252247724682093e-04 4.654251039028167725e-02 7.481735665351152420e-04
1.630000000000000000e+03 4.956389238941483200e-05 1.411034900229424238e-04 9.491651144344359636e-05 1.343060575891286135e-04 1.618675596546381712e-04 1.411034900229424238e-04 9.491651144344359636e-05 1.343060575891286135e-04 3.632660582661628723e-02 4.557770153041929007e-04
1.640000000000000000e+03 4.046349567943252623e-05 1.708522722765337676e-05 4.834137143916450441e-05 7.970737351570278406e-05 1.464701927034184337e-04 1.708522722765337676e-05 4.834137143916450441e-05 7.970737351570278406e-05 3.401784598827362061e-02 3.996836894657462835e-04
1.650000000000000000e+03 3.469723742455244064e-05 2.404869883321225643e-05 5.772707663709297776e-05 7.345456833718344569e-05 1.430473348591476679e-04 2.404869883321225643e-05 5.772707663709297776e-05 7.345456833718344569e-05 3.439125046133995056e-02 4.085061955265700817e-04
1.650000000000000000e+03 3.521359394653700292e-05 2.404869883321225643e-05 5.772707663709297776e-05 7.345456833718344569e-05 1.430473348591476679e-04 2.404869883321225643e-05 5.772707663709297776e-05 7.345456833718344569e-05 3.439125046133995056e-02 4.085061955265700817e-04
1.660000000000000000e+03 2.116208343068137765e-04 7.841970655135810375e-04 7.885657250881195068e-04 9.897463023662567139e-04 3.308269951958209276e-04 7.841970655135810375e-04 7.885657250881195068e-04 9.897463023662567139e-04 6.236390024423599243e-02 1.343288691714406013e-03
1.670000000000000000e+03 7.680601265747100115e-05 5.252506816759705544e-04 2.856758364941924810e-04 4.331694799475371838e-04 2.313502336619421840e-04 5.252506816759705544e-04 2.856758364941924810e-04 4.331694799475371838e-04 4.721737653017044067e-02 7.700278656557202339e-04
1.680000000000000000e+03 7.349793304456397891e-05 2.670628600753843784e-04 1.534415205242112279e-04 2.566279144957661629e-04 1.714992831693962216e-04 2.670628600753843784e-04 1.534415205242112279e-04 2.566279144957661629e-04 4.265540093183517456e-02 6.284211413003504276e-04
1.690000000000000000e+03 4.643067950382828712e-05 1.005480298772454262e-04 8.968677866505458951e-05 1.590533356647938490e-04 1.529627479612827301e-04 1.005480298772454262e-04 8.968677866505458951e-05 1.590533356647938490e-04 3.913013264536857605e-02 5.288413958624005318e-04
1.700000000000000000e+03 4.072438605362549424e-05 3.975875006290152669e-05 7.567680586362257600e-05 1.068346755346283317e-04 1.574715279275551438e-04 3.975875006290152669e-05 7.567680586362257600e-05 1.068346755346283317e-04 3.692105785012245178e-02 4.708157212007790804e-04
1.700000000000000000e+03 3.862187077174894512e-05 3.975875006290152669e-05 7.567680586362257600e-05 1.068346755346283317e-04 1.574715279275551438e-04 3.975875006290152669e-05 7.567680586362257600e-05 1.068346755346283317e-04 3.692105785012245178e-02 4.708157212007790804e-04
1.710000000000000000e+03 2.156595728592947125e-04 1.567087369039654732e-03 3.449987561907619238e-04 8.091306081041693687e-04 3.630263672675937414e-04 1.567087369039654732e-03 3.449987561907619238e-04 8.091306081041693687e-04 5.480017885565757751e-02 1.037209993228316307e-03
1.720000000000000000e+03 7.846046355552971363e-05 3.427999035920947790e-04 4.132772737648338079e-04 4.463815712369978428e-04 2.997759438585489988e-04 3.427999035920947790e-04 4.132772737648338079e-04 4.463815712369978428e-04 4.737533628940582275e-02 7.751885568723082542e-04
1.730000000000000000e+03 4.016871753265149891e-05 1.585121062817052007e-04 1.082005255739204586e-04 1.473220327170565724e-04 1.910974242491647601e-04 1.585121062817052007e-04 1.082005255739204586e-04 1.473220327170565724e-04 3.792275860905647278e-02 4.967096028849482536e-04
1.740000000000000000e+03 3.783187639783136547e-05 5.030514512327499688e-05 7.174076017690822482e-05 9.073957335203886032e-05 1.751730305841192603e-04 5.030514512327499688e-05 7.174076017690822482e-05 9.073957335203886032e-05 3.411558642983436584e-02 4.019837069790810347e-04
1.750000000000000000e+03 2.906119698309339583e-05 5.535357558983378112e-05 3.637523695942945778e-05 5.224638880463317037e-05 1.654421939747408032e-04 5.535357558983378112e-05 3.637523695942945778e-05 5.224638880463317037e-05 3.381109237670898438e-02 3.948400262743234634e-04
1.750000000000000000e+03 2.742675860645249486e-05 5.535357558983378112e-05 3.637523695942945778e-05 5.224638880463317037e-05 1.654421939747408032e-04 5.535357558983378112e-05 3.637523695942945778e-05 5.224638880463317037e-05 3.381109237670898438e-02 3.948400262743234634e-04
1.760000000000000000e+03 1.821613113861531019e-04 7.689464255236089230e-04 8.004913106560707092e-04 6.759045063517987728e-04 3.178585902787744999e-04 7.689464255236089230e-04 8.004913106560707092e-04 6.759045063517987728e-04 5.934826284646987915e-02 1.216518692672252655e-03
1.770000000000000000e+03 1.951566227944567800e-04 4.566940697259269655e-05 3.086583747062832117e-04 2.400389930699020624e-04 3.695803752634674311e-04 4.566940697259269655e-05 3.086583747062832117e-04 2.400389930699020624e-04 4.421706870198249817e-02 6.752780755050480366e-04
1.780000000000000000e+03 7.941071817185729742e-05 6.982767808949574828e-05 9.504190529696643353e-05 1.363682968076318502e-04 2.060539991362020373e-04 6.982767808949574828e-05 9.504190529696643353e-05 1.363682968076318502e-04 3.746980056166648865e-02 4.849148681387305260e-04
1.790000000000000000e+03 4.583575355354696512e-05 4.803085539606399834e-05 7.384063064819201827e-05 8.821883238852024078e-05 1.611957413842901587e-04 4.803085539606399834e-05 7.384063064819201827e-05 8.821883238852024078e-05 3.721464425325393677e-02 4.783332115039229393e-04
1.800000000000000000e+03 2.546380528656300157e-05 1.713849451334681362e-05 3.187300899298861623e-05 5.388262798078358173e-05 1.413508289260789752e-04 1.713849451334681362e-05 3.187300899298861623e-05 5.388262798078358173e-05 3.529218211770057678e-02 4.301895096432417631e-04
1.800000000000000000e+03 2.546380528656300157e-05 1.713849451334681362e-05 3.187300899298861623e-05 5.388262798078358173e-05 1.413508289260789752e-04 1.713849451334681362e-05 3.187300899298861623e-05 5.388262798078358173e-05 3.529218211770057678e-02 4.301895096432417631e-04
1.810000000000000000e+03 5.576077383011579514e-04 2.727417740970849991e-04 6.987191154621541500e-04 5.611398373730480671e-04 6.595976883545517921e-04 2.727417740970849991e-04 6.987191154621541500e-04 5.611398373730480671e-04 4.917958378791809082e-02 8.353576413355767727e-04
1.820000000000000000e+03 5.661104296450503170e-05 1.296360132982954383e-04 1.891166321001946926e-04 2.437451039440929890e-04 2.165902405977249146e-04 1.296360132982954383e-04 1.891166321001946926e-04 2.437451039440929890e-04 4.165326803922653198e-02 5.992400692775845528e-04
1.830000000000000000e+03 4.743324097944423556e-05 3.850450593745335937e-05 8.682926272740587592e-05 1.171989206341095269e-04 1.885656965896487236e-04 3.850450593745335937e-05 8.682926272740587592e-05 1.171989206341095269e-04 3.895210102200508118e-02 5.240401369519531727e-04
1.840000000000000000e+03 3.273679976700805128e-05 2.998507807205896825e-05 4.856332816416397691e-05 7.578276563435792923e-05 1.868239342002198100e-04 2.998507807205896825e-05 4.856332816416397691e-05 7.578276563435792923e-05 3.585051000118255615e-02 4.439085023477673531e-04
1.850000000000000000e+03 3.001130789925809950e-05 1.911922299768775702e-05 2.400164339633192867e-05 4.425403312779963017e-05 1.786720531526952982e-04 1.911922299768775702e-05 2.400164339633192867e-05 4.425403312779963017e-05 3.449614718556404114e-02 4.110019362997263670e-04
1.850000000000000000e+03 6.321413093246519566e-05 1.911922299768775702e-05 2.400164339633192867e-05 4.425403312779963017e-05 1.786720531526952982e-04 1.911922299768775702e-05 2.400164339633192867e-05 4.425403312779963017e-05 3.449614718556404114e-02 4.110019362997263670e-04
1.860000000000000000e+03 1.530050358269363642e-04 5.192804965190589428e-04 4.192372725810855627e-04 4.300482687540352345e-04 2.422393590677529573e-04 5.192804965190589428e-04 4.192372725810855627e-04 4.300482687540352345e-04 5.221316963434219360e-02 9.415922104381024837e-04
1.870000000000000000e+03 3.362201678100973368e-04 1.043067095451988280e-04 2.772813604678958654e-04 2.414905757177621126e-04 2.987150510307401419e-04 1.043067095451988280e-04 2.772813604678958654e-04 2.414905757177621126e-04 4.338800907135009766e-02 6.501927855424582958e-04
1.880000000000000000e+03 5.456912549561820924e-05 6.498950824607163668e-05 1.478026533732190728e-04 1.423409848939627409e-04 1.755894627422094345e-04 6.498950824607163668e-05 1.478026533732190728e-04 1.423409848939627409e-04 3.893811255693435669e-02 5.236637080088257790e-04
1.890000000000000000e+03 4.013574289274401963e-05 4.401259138830937445e-05 5.778274498879909515e-05 7.152381294872611761e-05 1.540583762107416987e-04 4.401259138830937445e-05 5.778274498879909515e-05 7.152381294872611761e-05 3.451428189873695374e-02 4.114342154935002327e-04
1.900000000000000000e+03 4.038398037664592266e-05 1.631058512430172414e-05 4.868627365794964135e-05 5.690245598088949919e-05 1.706099428702145815e-04 1.631058512430172414e-05 4.868627365794964135e-05 5.690245598088949919e-05 3.390903398394584656e-02 3.971308178734034300e-04
1.900000000000000000e+03 3.836708856397308409e-05 1.631058512430172414e-05 4.868627365794964135e-05 5.690245598088949919e-05 1.706099428702145815e-04 1.631058512430172414e-05 4.868627365794964135e-05 5.690245598088949919e-05 3.390903398394584656e-02 3.971308178734034300e-04
1.910000000000000000e+03 4.949793801642954350e-04 3.982456400990486145e-04 1.002909499220550060e-03 6.327434093691408634e-04 5.344563978724181652e-04 3.982456400990486145e-04 1.002909499220550060e-03 6.327434093691408634e-04 5.270227044820785522e-02 9.593153954483568668e-04
1.920000000000000000e+03 2.374687173869460821e-04 1.945320109371095896e-04 2.544553135521709919e-04 2.775728644337505102e-04 2.162668242817744613e-04 1.945320109371095896e-04 2.544553135521709919e-04 2.775728644337505102e-04 4.470696300268173218e-02 6.903242319822311401e-04
1.930000000000000000e+03 3.975524305133149028e-05 5.859894008608534932e-05 1.005866797640919685e-04 1.030835774145089090e-04 1.808512170100584626e-04 5.859894008608534932e-05 1.005866797640919685e-04 1.030835774145089090e-04 3.665306791663169861e-02 4.640057159122079611e-04
1.940000000000000000e+03 3.147665120195597410e-05 2.205755663453601301e-05 8.568677731091156602e-05 7.247938629006966949e-05 1.566760620335116982e-04 2.205755663453601301e-05 8.568677731091156602e-05 7.247938629006966949e-05 3.354959562420845032e-02 3.887561906594783068e-04
1.950000000000000000e+03 2.641685387061443180e-05 1.392443664371967316e-05 4.493648157222196460e-05 5.799790960736572742e-05 1.469488342991098762e-04 1.392443664371967316e-05 4.493648157222196460e-05 5.799790960736572742e-05 3.313647210597991943e-02 3.792410134337842464e-04
1.950000000000000000e+03 2.514582411095034331e-05 1.392443664371967316e-05 4.493648157222196460e-05 5.799790960736572742e-05 1.469488342991098762e-04 1.392443664371967316e-05 4.493648157222196460e-05 5.799790960736572742e-05 3.313647210597991943e-02 3.792410134337842464e-04
1.960000000000000000e+03 1.235215604538097978e-04 5.597445415332913399e-04 3.351533960085362196e-04 4.518039932008832693e-04 2.445571881253272295e-04 5.597445415332913399e-04 3.351533960085362196e-04 4.518039932008832693e-04 4.621854051947593689e-02 7.377940928563475609e-04
1.970000000000000000e+03 5.451970355352386832e-05 1.646786695346236229e-04 2.347519621253013611e-04 2.898798556998372078e-04 1.521837693871930242e-04 1.646786695346236229e-04 2.347519621253013611e-04 2.898798556998372078e-04 4.253852739930152893e-02 6.249822909012436867e-04
1.980000000000000000e+03 3.487674621283076704e-05 1.015743400785140693e-04 1.133865953306667507e-04 1.003375873551703990e-04 1.634199143154546618e-04 1.015743400785140693e-04 1.133865953306667507e-04 1.003375873551703990e-04 3.444141149520874023e-02 4.096987540833652020e-04
1.990000000000000000e+03 2.331969517399556935e-05 3.837759504676796496e-05 5.989305282128043473e-05 6.600136111956089735e-05 1.505274703959003091e-04 3.837759504676796496e-05 5.989305282128043473e-05 6.600136111956089735e-05 3.219828754663467407e-02 3.580703341867774725e-04
2.000000000000000000e+03 2.249743920401670039e-05 1.418438023392809555e-05 2.724062323977705091e-05 3.946640208596363664e-05 1.466369285481050611e-04 1.418438023392809555e-05 2.724062323977705091e-05 3.946640208596363664e-05 3.048631176352500916e-02 3.210054710507392883e-04
2.000000000000000000e+03 2.249743920401670039e-05 1.418438023392809555e-05 2.724062323977705091e-05 3.946640208596363664e-05 1.466369285481050611e-04 1.418438023392809555e-05 2.724062323977705091e-05 3.946640208596363664e-05 3.048631176352500916e-02 3.210054710507392883e-04
2.010000000000000000e+03 1.361894537694752216e-04 6.643904489465057850e-04 6.303059053607285023e-04 4.530718433670699596e-04 2.487978490535169840e-04 6.643904489465057850e-04 6.303059053607285023e-04 4.530718433670699596e-04 5.298737064003944397e-02 9.697225759737193584e-04
2.020000000000000000e+03 1.786892098607495427e-04 9.505114576313644648e-05 4.226219316478818655e-04 3.793886571656912565e-04 3.333222412038594484e-04 9.505114576313644648e-05 4.226219316478818655e-04 3.793886571656912565e-04 4.650755971670150757e-02 7.470502750948071480e-04
2.030000000000000000e+03 9.802694694371894002e-05 7.237408863147720695e-05 1.735717669362202287e-04 1.239101111423224211e-04 2.140230062650516629e-04 7.237408863147720695e-05 1.735717669362202287e-04 1.239101111423224211e-04 3.760522231459617615e-02 4.884263034909963608e-04
2.040000000000000000e+03 5.949440674157813191e-05 1.723379864415619522e-05 7.164297130657359958e-05 8.059741958277300000e-05 1.412867859471589327e-04 1.723379864415619522e-05 7.164297130657359958e-05 8.059741958277300000e-05 3.479573875665664673e-02 4.181718977633863688e-04
2.050000000000000000e+03 2.506746022845618427e-05 1.759477163432165980e-05 6.394695810740813613e-05 6.013206075294874609e-05 1.308108621742576361e-04 1.759477163432165980e-05 6.394695810740813613e-05 6.013206075294874609e-05 3.353787958621978760e-02 3.884847392328083515e-04
2.050000000000000000e+03 3.384220326552167535e-05 1.759477163432165980e-05 6.394695810740813613e-05 6.013206075294874609e-05 1.308108621742576361e-04 1.759477163432165980e-05 6.394695810740813613e-05 6.013206075294874609e-05 3.353787958621978760e-02 3.884847392328083515e-04
2.060000000000000000e+03 4.465371603146195412e-04 1.866967068053781986e-04 1.034347573295235634e-03 6.660619401372969151e-04 5.421277019195258617e-04 1.866967068053781986e-04 1.034347573295235634e-03 6.660619401372969151e-04 5.092650651931762695e-02 8.957574609667062759e-04
2.070000000000000000e+03 1.158902741735801101e-04 2.924709988292306662e-04 2.004717971431091428e-04 2.516543609090149403e-04 1.969155709957703948e-04 2.924709988292306662e-04 2.004717971431091428e-04 2.516543609090149403e-04 4.235250875353813171e-02 6.195281748659908772e-04
2.080000000000000000e+03 4.064374297740869224e-05 6.943730841157957911e-05 1.187074449262581766e-04 1.531212765257805586e-04 1.656627136981114745e-04 6.943730841157957911e-05 1.187074449262581766e-04 1.531212765257805586e-04 3.726711496710777283e-02 4.796828725375235081e-04
2.090000000000000000e+03 2.645782842591870576e-05 3.164216104778461158e-05 7.039768388494849205e-05 9.295185009250417352e-05 1.585773425176739693e-04 3.164216104778461158e-05 7.039768388494849205e-05 9.295185009250417352e-05 3.570334240794181824e-02 4.402713966555893421e-04
2.100000000000000000e+03 2.293068064318504184e-05 1.825365507102105767e-05 3.374179868842475116e-05 4.589622767525725067e-05 1.624403957976028323e-04 1.825365507102105767e-05 3.374179868842475116e-05 4.589622767525725067e-05 3.266610205173492432e-02 3.685508272610604763e-04
2.100000000000000000e+03 2.192510510212741792e-05 1.825365507102105767e-05 3.374179868842475116e-05 4.589622767525725067e-05 1.624403957976028323e-04 1.825365507102105767e-05 3.374179868842475116e-05 4.589622767525725067e-05 3.266610205173492432e-02 3.685508272610604763e-04
2.110000000000000000e+03 1.654528459766879678e-04 1.954170002136379480e-04 2.962877624668180943e-04 2.548845950514078140e-04 2.562741865403950214e-04 1.954170002136379480e-04 2.962877624668180943e-04 2.548845950514078140e-04 3.752195462584495544e-02 4.862656933255493641e-04
2.120000000000000000e+03 5.210497329244390130e-05 7.760984590277075768e-05 1.220155900227837265e-04 1.391268015140667558e-04 1.740198058541864157e-04 7.760984590277075768e-05 1.220155900227837265e-04 1.391268015140667558e-04 3.639964759349822998e-02 4.576117498800158501e-04
2.130000000000000000e+03 2.774616405076812953e-05 2.260073051729705185e-05 5.672759289154782891e-05 7.683825242565944791e-05 1.730286603560671210e-04 2.260073051729705185e-05 5.672759289154782891e-05 7.683825242565944791e-05 3.460669144988059998e-02 4.136402858421206474e-04
2.140000000000000000e+03 2.572097037045750767e-05 2.022178159677423537e-05 5.241027247393503785e-05 6.598787877010181546e-05 1.617113739484921098e-04 2.022178159677423537e-05 5.241027247393503785e-05 6.598787877010181546e-05 3.311251848936080933e-02 3.786929300986230373e-04
2.150000000000000000e+03 2.726581078604795039e-05 1.065992637450108305e-05 4.900883868685923517e-05 6.113499694038182497e-05 1.672523794695734978e-04 1.065992637450108305e-05 4.900883868685923517e-05 6.113499694038182497e-05 3.283476829528808594e-02 3.723665722645819187e-04
2.150000000000000000e+03 2.772837797238025814e-05 1.065992637450108305e-05 4.900883868685923517e-05 6.113499694038182497e-05 1.672523794695734978e-04 1.065992637450108305e-05 4.900883868685923517e-05 6.113499694038182497e-05 3.283476829528808594e-02 3.723665722645819187e-04
2.160000000000000000e+03 3.847337939077988267e-05 1.553375477669760585e-04 1.413792342646047473e-04 1.785898348316550255e-04 1.763424952514469624e-04 1.553375477669760585e-04 1.413792342646047473e-04 1.785898348316550255e-04 3.793986141681671143e-02 4.971578600816428661e-04
2.170000000000000000e+03 4.229667683830484748e-05 7.503892993554472923e-05 1.198530881083570421e-04 1.212686329381540418e-04 1.923867384903132915e-04 7.503892993554472923e-05 1.198530881083570421e-04 1.212686329381540418e-04 3.646528720855712891e-02 4.592635959852486849e-04
2.180000000000000000e+03 3.014657522726338357e-05 2.181042327720206231e-05 5.399869405664503574e-05 6.715331983286887407e-05 1.776768622221425176e-04 2.181042327720206231e-05 5.399869405664503574e-05 6.715331983286887407e-05 3.149294108152389526e-02 3.425541799515485764e-04
2.190000000000000000e+03 6.618348561460152268e-05 2.359517930017318577e-05 8.464285929221659899e-05 8.670715760672464967e-05 1.948452845681458712e-04 2.359517930017318577e-05 8.464285929221659899e-05 8.670715760672464967e-05 3.444482013583183289e-02 4.097799246665090322e-04
2.200000000000000000e+03 4.339600127423182130e-05 2.505363408999983221e-05 9.281990787712857127e-05 9.905801562126725912e-05 1.973916951101273298e-04 2.505363408999983221e-05 9.281990787712857127e-05 9.905801562126725912e-05 3.534293919801712036e-02 4.314277903176844120e-04
2.200000000000000000e+03 4.339600127423182130e-05 2.505363408999983221e-05 9.281990787712857127e-05 9.905801562126725912e-05 1.973916951101273298e-04 2.505363408999983221e-05 9.281990787712857127e-05 9.905801562126725912e-05 3.534293919801712036e-02 4.314277903176844120e-04
2.210000000000000000e+03 1.653006620472297072e-04 8.276545559056103230e-04 5.279264296405017376e-04 7.607073057442903519e-04 3.107388038188219070e-04 8.276545559056103230e-04 5.279264296405017376e-04 7.607073057442903519e-04 5.627621337771415710e-02 1.093836734071373940e-03
2.220000000000000000e+03 1.099573419196531177e-04 2.303880610270425677e-04 2.100878191413357854e-04 2.324858069187030196e-04 2.824329421855509281e-04 2.303880610270425677e-04 2.100878191413357854e-04 2.324858069187030196e-04 3.689610213041305542e-02 4.701794823631644249e-04
2.230000000000000000e+03 5.709813558496534824e-05 7.648135942872613668e-05 8.438381337327882648e-05 1.114769038395024836e-04 2.020480460487306118e-04 7.648135942872613668e-05 8.438381337327882648e-05 1.114769038395024836e-04 3.571840375661849976e-02 4.406429652590304613e-04
2.240000000000000000e+03 4.771904059452936053e-05 3.579326585168018937e-05 1.187887974083423615e-04 1.396761072101071477e-04 1.905153912957757711e-04 3.579326585168018937e-05 1.187887974083423615e-04 1.396761072101071477e-04 3.810385987162590027e-02 5.014651105739176273e-04
2.250000000000000000e+03 2.888424205593764782e-05 1.823506681830622256e-05 7.946601544972509146e-05 8.402926323469728231e-05 1.908211270347237587e-04 1.823506681830622256e-05 7.946601544972509146e-05 8.402926323469728231e-05 3.483603894710540771e-02 4.191410844214260578e-04
2.250000000000000000e+03 5.174667603569105268e-05 1.823506681830622256e-05 7.946601544972509146e-05 8.402926323469728231e-05 1.908211270347237587e-04 1.823506681830622256e-05 7.946601544972509146e-05 8.402926323469728231e-05 3.483603894710540771e-02 4.191410844214260578e-04
2.260000000000000000e+03 3.648188139777630568e-04 2.101064164889976382e-04 8.410104783251881599e-04 6.115582073107361794e-04 3.904303885065019131e-04 2.101064164889976382e-04 8.410104783251881599e-04 6.115582073107361794e-04 4.961759224534034729e-02 8.503037970513105392e-04
2.270000000000000000e+03 6.002413283567875624e-05 2.247553784400224686e-04 1.382473565172404051e-04 1.965008559636771679e-04 2.015630307141691446e-04 2.247553784400224686e-04 1.382473565172404051e-04 1.965008559636771679e-04 3.965699300169944763e-02 5.431781173683702946e-04
2.280000000000000000e+03 4.955844269716180861e-05 9.646994294598698616e-05 1.202285056933760643e-04 1.436264428775757551e-04 2.136681869160383940e-04 9.646994294598698616e-05 1.202285056933760643e-04 1.436264428775757551e-04 3.967686370015144348e-02 5.437226500362157822e-04
2.290000000000000000e+03 3.864311293000355363e-05 2.834133374562952667e-05 7.159553933888673782e-05 9.434577805222943425e-05 1.853942085290327668e-04 2.834133374562952667e-05 7.159553933888673782e-05 9.434577805222943425e-05 3.561942279338836670e-02 4.382041224744170904e-04
2.300000000000000000e+03 4.767001519212499261e-05 1.649897058086935431e-05 8.653751137899234891e-05 1.050682840286754072e-04 2.056921366602182388e-04 1.649897058086935431e-05 8.653751137899234891e-05 1.050682840286754072e-04 3.653030842542648315e-02 4.609028401318937540e-04
2.300000000000000000e+03 5.079306356492452323e-05 1.649897058086935431e-05 8.653751137899234891e-05 1.050682840286754072e-04 2.056921366602182388e-04 1.649897058086935431e-05 8.653751137899234891e-05 1.050682840286754072e-04 3.653030842542648315e-02 4.609028401318937540e-04
2.310000000000000000e+03 1.409333199262619019e-04 2.888497838284820318e-04 5.624012555927038193e-04 3.884102043230086565e-04 3.259999211877584457e-04 2.888497838284820318e-04 5.624012555927038193e-04 3.884102043230086565e-04 4.957431927323341370e-02 8.488212479278445244e-04
2.320000000000000000e+03 1.336499262833967805e-04 2.210270176874473691e-04 2.210320963058620691e-04 2.641029132064431906e-04 2.752793661784380674e-04 2.210270176874473691e-04 2.210320963058620691e-04 2.641029132064431906e-04 4.112111032009124756e-02 5.840263329446315765e-04
2.330000000000000000e+03 4.724886093754321337e-05 9.963016782421618700e-05 1.371028192806988955e-04 1.651446800678968430e-04 1.880713680293411016e-04 9.963016782421618700e-05 1.371028192806988955e-04 1.651446800678968430e-04 3.691110387444496155e-02 4.705619066953659058e-04
2.340000000000000000e+03 4.498778798733837903e-05 3.824046507361344993e-05 9.399285045219585299e-05 1.058646303135901690e-04 1.796031574485823512e-04 3.824046507361344993e-05 9.399285045219585299e-05 1.058646303135901690e-04 3.610508888959884644e-02 4.502353549469262362e-04
2.350000000000000000e+03 4.634322613128460944e-05 2.283415415149647743e-05 1.492388691985979676e-04 1.349524536635726690e-04 1.860617339843884110e-04 2.283415415149647743e-05 1.492388691985979676e-04 1.349524536635726690e-04 3.778305649757385254e-02 4.930566647090017796e-04
2.350000000000000000e+03 4.478957271203398705e-05 2.283415415149647743e-05 1.492388691985979676e-04 1.349524536635726690e-04 1.860617339843884110e-04 2.283415415149647743e-05 1.492388691985979676e-04 1.349524536635726690e-04 3.778305649757385254e-02 4.930566647090017796e-04
2.360000000000000000e+03 1.482427614973857999e-04 6.281406967900693417e-04 2.137315314030274749e-04 3.765693400055170059e-04 2.039320534095168114e-04 6.281406967900693417e-04 2.137315314030274749e-04 3.765693400055170059e-04 4.324958845973014832e-02 6.460509612224996090e-04
2.370000000000000000e+03 4.453636211110278964e-05 2.925957087427377701e-04 1.438239851268008351e-04 2.273432764923200011e-04 1.909117854665964842e-04 2.925957087427377701e-04 1.438239851268008351e-04 2.273432764923200011e-04 3.744726255536079407e-02 4.843316273763775826e-04
2.380000000000000000e+03 2.832943027897272259e-05 3.986325464211404324e-05 1.011778149404563010e-04 9.984575444832444191e-05 1.813556882552802563e-04 3.986325464211404324e-05 1.011778149404563010e-04 9.984575444832444191e-05 3.543215990066528320e-02 4.336087149567902088e-04
2.390000000000000000e+03 4.627187081496231258e-05 3.814547744696028531e-05 1.356909051537513733e-04 1.463288790546357632e-04 1.929955324158072472e-04 3.814547744696028531e-05 1.356909051537513733e-04 1.463288790546357632e-04 3.747868537902832031e-02 4.851448757108300924e-04
2.400000000000000000e+03 4.367370638647116721e-05 2.769955972325988114e-05 2.284197689732536674e-04 1.868349791038781404e-04 1.835633011069148779e-04 2.769955972325988114e-05 2.284197689732536674e-04 1.868349791038781404e-04 3.793049603700637817e-02 4.969123401679098606e-04
2.400000000000000000e+03 4.367370638647116721e-05 2.769955972325988114e-05 2.284197689732536674e-04 1.868349791038781404e-04 1.835633011069148779e-04 2.769955972325988114e-05 2.284197689732536674e-04 1.868349791038781404e-04 3.793049603700637817e-02 4.969123401679098606e-04
2.410000000000000000e+03 8.197801071219146252e-05 1.702934532659128308e-04 3.632080333773046732e-04 3.600421478040516376e-04 2.643232292030006647e-04 1.702934532659128308e-04 3.632080333773046732e-04 3.600421478040516376e-04 4.658613353967666626e-02 7.495768368244171143e-04
2.420000000000000000e+03 5.299868280417285860e-05 7.715891115367412567e-05 1.862358185462653637e-04 2.378449571551755071e-04 1.983860711334273219e-04 7.715891115367412567e-05 1.862358185462653637e-04 2.378449571551755071e-04 4.169486090540885925e-02 6.004374590702354908e-04
2.430000000000000000e+03 3.803989602602086961e-05 3.252871101722121239e-05 1.484494277974590659e-04 1.372918923152610660e-04 1.992494217120110989e-04 3.252871101722121239e-05 1.484494277974590659e-04 1.372918923152610660e-04 3.869053348898887634e-02 5.170257645659148693e-04
2.440000000000000000e+03 7.074079621816053987e-05 2.670035428309347481e-05 8.925343718146905303e-05 9.309527376899495721e-05 2.376572956563904881e-04 2.670035428309347481e-05 8.925343718146905303e-05 9.309527376899495721e-05 3.676326945424079895e-02 4.668001492973417044e-04
2.450000000000000000e+03 5.638332004309631884e-05 2.632754149090033025e-05 1.194770229631103575e-04 1.048504054779186845e-04 2.815996995195746422e-04 2.632754149090033025e-05 1.194770229631103575e-04 1.048504054779186845e-04 3.798181191086769104e-02 4.982578102499246597e-04
2.450000000000000000e+03 5.971265636617317796e-05 2.632754149090033025e-05 1.194770229631103575e-04 1.048504054779186845e-04 2.815996995195746422e-04 2.632754149090033025e-05 1.194770229631103575e-04 1.048504054779186845e-04 3.798181191086769104e-02 4.982578102499246597e-04
2.460000000000000000e+03 2.248052187496796250e-04 6.661057122983038425e-04 4.705314640887081623e-04 5.075335502624511719e-04 3.661165828816592693e-04 6.661057122983038425e-04 4.705314640887081623e-04 5.075335502624511719e-04 5.012332648038864136e-02 8.677256992086768150e-04
2.470000000000000000e+03 5.308481195243075490e-05 1.091530066332779825e-04 1.634565851418301463e-04 1.986602146644145250e-04 1.986542047234252095e-04 1.091530066332779825e-04 1.634565851418301463e-04 1.986602146644145250e-04 4.156038165092468262e-02 5.965705495327711105e-04
2.480000000000000000e+03 7.486005051760002971e-05 4.194202119833789766e-05 1.708136696834117174e-04 1.296180707868188620e-04 2.562036097515374422e-04 4.194202119833789766e-05 1.708136696834117174e-04 1.296180707868188620e-04 3.912003710865974426e-02 5.285684601403772831e-04
2.490000000000000000e+03 4.560366869554854929e-05 2.226985634479206055e-05 1.195536679006181657e-04 1.254001981578767300e-04 2.182401221944019198e-04 2.226985634479206055e-05 1.195536679006181657e-04 1.254001981578767300e-04 3.776839002966880798e-02 4.926740075461566448e-04
2.500000000000000000e+03 5.544618761632591486e-05 2.366905027884058654e-05 8.061201515374705195e-05 1.109048025682568550e-04 2.042046398855745792e-04 2.366905027884058654e-05 8.061201515374705195e-05 1.109048025682568550e-04 3.595686331391334534e-02 4.465461533982306719e-04
2.500000000000000000e+03 5.396687993197701871e-05 2.366905027884058654e-05 8.061201515374705195e-05 1.109048025682568550e-04 2.042046398855745792e-04 2.366905027884058654e-05 8.061201515374705195e-05 1.109048025682568550e-04 3.595686331391334534e-02 4.465461533982306719e-04
2.510000000000000000e+03 9.309477900387719274e-05 7.217228267109021544e-05 3.012751985806971788e-04 1.950380974449217319e-04 2.927020832430571318e-04 7.217228267109021544e-05 3.012751985806971788e-04 1.950380974449217319e-04 4.087836295366287231e-02 5.771514843218028545e-04
2.520000000000000000e+03 6.224829849088564515e-05 7.420917972922325134e-05 1.924270036397501826e-04 1.800496538635343313e-04 1.935723994392901659e-04 7.420917972922325134e-05 1.924270036397501826e-04 1.800496538635343313e-04 3.955848887562751770e-02 5.404831608757376671e-04
2.530000000000000000e+03 7.524924876634031534e-05 5.832550959894433618e-05 2.575690741650760174e-04 2.064385771518573165e-04 1.785989734344184399e-04 5.832550959894433618e-05 2.575690741650760174e-04 2.064385771518573165e-04 3.978347033262252808e-02 5.466483999043703079e-04
2.540000000000000000e+03 3.370722697582095861e-05 5.409168807091191411e-05 1.656315725995227695e-04 1.749707589624449611e-04 1.838586467783898115e-04 5.409168807091191411e-05 1.656315725995227695e-04 1.749707589624449611e-04 3.887964412569999695e-02 5.220923339948058128e-04
2.550000000000000000e+03 6.805922021158039570e-05 2.935574775619897991e-05 1.544583647046238184e-04 1.731565571390092373e-04 2.288718242198228836e-04 2.935574775619897991e-05 1.544583647046238184e-04 1.731565571390092373e-04 3.982864320278167725e-02 5.478904931806027889e-04
2.550000000000000000e+03 6.622947694268077612e-05 2.935574775619897991e-05 1.544583647046238184e-04 1.731565571390092373e-04 2.288718242198228836e-04 2.935574775619897991e-05 1.544583647046238184e-04 1.731565571390092373e-04 3.982864320278167725e-02 5.478904931806027889e-04
2.560000000000000000e+03 3.158973995596170425e-04 3.223873791284859180e-04 8.378703496418893337e-04 6.481393938884139061e-04 3.655043256003409624e-04 3.223873791284859180e-04 8.378703496418893337e-04 6.481393938884139061e-04 5.238984525203704834e-02 9.479750879108905792e-04
2.570000000000000000e+03 4.212134081171825528e-05 1.240334531757980585e-04 2.198794391006231308e-04 2.146288461517542601e-04 2.138001436833292246e-04 1.240334531757980585e-04 2.198794391006231308e-04 2.146288461517542601e-04 4.216722771525382996e-02 6.141194025985896587e-04
2.580000000000000000e+03 4.241477290634065866e-05 2.533094448153860867e-05 8.815648470772430301e-05 9.279200457967817783e-05 2.327290421817451715e-04 2.533094448153860867e-05 8.815648470772430301e-05 9.279200457967817783e-05 3.602065891027450562e-02 4.481321375351399183e-04
2.590000000000000000e+03 4.892003926215693355e-05 1.739937033562455326e-05 6.404404120985418558e-05 6.479850708274170756e-05 2.282641944475471973e-04 1.739937033562455326e-05 6.404404120985418558e-05 6.479850708274170756e-05 3.480415418744087219e-02 4.183742275927215815e-04
2.600000000000000000e+03 3.245703555876389146e-05 1.154636720457347110e-05 5.849911758559755981e-05 5.542674989555962384e-05 2.020190295297652483e-04 1.154636720457347110e-05 5.849911758559755981e-05 5.542674989555962384e-05 3.408990800380706787e-02 4.013786965515464544e-04
2.600000000000000000e+03 3.245703555876389146e-05 1.154636720457347110e-05 5.849911758559755981e-05 5.542674989555962384e-05 2.020190295297652483e-04 1.154636720457347110e-05 5.849911758559755981e-05 5.542674989555962384e-05 3.408990800380706787e-02 4.013786965515464544e-04
2.610000000000000000e+03 1.113221005653031170e-04 2.555022947490215302e-04 2.334206365048885345e-04 2.540475688874721527e-04 2.681628684513270855e-04 2.555022947490215302e-04 2.334206365048885345e-04 2.540475688874721527e-04 4.313899949193000793e-02 6.427512271329760551e-04
2.620000000000000000e+03 5.144420356373302639e-05 8.476543007418513298e-05 1.622497366042807698e-04 2.013970952248200774e-04 2.192096872022375464e-04 8.476543007418513298e-05 1.622497366042807698e-04 2.013970952248200774e-04 3.815227374434471130e-02 5.027401493862271309e-04
2.630000000000000000e+03 4.575255661620758474e-05 6.944016786292195320e-05 1.654667285038158298e-04 1.319697184953838587e-04 1.887185499072074890e-04 6.944016786292195320e-05 1.654667285038158298e-04 1.319697184953838587e-04 3.341695293784141541e-02 3.856882685795426369e-04
2.640000000000000000e+03 5.169062205823138356e-05 4.127374995732679963e-05 1.246116153197363019e-04 1.234356022905558348e-04 1.964983966900035739e-04 4.127374995732679963e-05 1.246116153197363019e-04 1.234356022905558348e-04 3.392599150538444519e-02 3.975281433667987585e-04
2.650000000000000000e+03 4.539695873972959816e-05 1.855014124885201454e-05 1.599199604243040085e-04 1.328994840150699019e-04 1.891399297164753079e-04 1.855014124885201454e-05 1.599199604243040085e-04 1.328994840150699019e-04 3.485657274723052979e-02 4.196353256702423096e-04
2.660000000000000000e+03 6.376905366778373718e-05 2.456837682984769344e-05 2.425442216917872429e-04 2.299191692145541310e-04 2.005643182201310992e-04 2.456837682984769344e-05 2.425442216917872429e-04 2.299191692145541310e-04 4.084490239620208740e-02 5.762069486081600189e-04
2.670000000000000000e+03 2.785155265883076936e-05 2.087520624627359211e-05 7.652102067368105054e-05 9.516908176010474563e-05 1.851202250691130757e-04 2.087520624627359211e-05 7.652102067368105054e-05 9.516908176010474563e-05 3.524115309119224548e-02 4.289463104214519262e-04
2.680000000000000000e+03 4.180548785370774567e-05 2.624020635266788304e-05 1.479792263126000762e-04 1.161633408628404140e-04 1.828146196203306317e-04 2.624020635266788304e-05 1.479792263126000762e-04 1.161633408628404140e-04 3.436201065778732300e-02 4.078118945471942425e-04
2.690000000000000000e+03 5.920001058257184923e-05 2.843297079380135983e-05 1.974298356799408793e-04 1.578881638124585152e-04 1.534527837065979838e-04 2.843297079380135983e-05 1.974298356799408793e-04 1.578881638124585152e-04 3.427388891577720642e-02 4.057228507008403540e-04
2.700000000000000000e+03 2.569266871432773769e-05 2.029490678978618234e-05 9.488826617598533630e-05 8.233783592004328966e-05 1.378314918838441372e-04 2.029490678978618234e-05 9.488826617598533630e-05 8.233783592004328966e-05 3.206637501716613770e-02 3.551424015313386917e-04
2.700000000000000000e+03 5.411831079982221127e-05 2.029490678978618234e-05 9.488826617598533630e-05 8.233783592004328966e-05 1.378314918838441372e-04 2.029490678978618234e-05 9.488826617598533630e-05 8.233783592004328966e-05 3.206637501716613770e-02 3.551424015313386917e-04
2.710000000000000000e+03 5.135092214914038777e-05 1.426466769771650434e-04 2.569002972450107336e-04 2.086307358695194125e-04 1.589442399563267827e-04 1.426466769771650434e-04 2.569002972450107336e-04 2.086307358695194125e-04 3.726541623473167419e-02 4.796393041033297777e-04
2.720000000000000000e+03 5.045546276960521936e-05 8.472696936223655939e-05 1.237328688148409128e-04 1.492975716246291995e-04 1.490570139139890671e-04 8.472696936223655939e-05 1.237328688148409128e-04 1.492975716246291995e-04 3.224623575806617737e-02 3.591375425457954407e-04
2.730000000000000000e+03 1.682860056462232023e-05 5.304069054545834661e-05 6.934510747669264674e-05 7.996844215085729957e-05 1.402533380314707756e-04 5.304069054545834661e-05 6.934510747669264674e-05 7.996844215085729957e-05 3.028307296335697174e-02 3.167397517245262861e-04
2.740000000000000000e+03 2.694559407245833427e-05 1.943144343385938555e-05 4.619643368641845882e-05 4.560727393254637718e-05 1.722110609989613295e-04 1.943144343385938555e-05 4.619643368641845882e-05 4.560727393254637718e-05 2.866026945412158966e-02 2.837025676853954792e-04
2.750000000000000000e+03 2.677861994015984237e-05 1.471585619583493099e-05 5.692217018804512918e-05 6.164328078739345074e-05 1.693360245553776622e-04 1.471585619583493099e-05 5.692217018804512918e-05 6.164328078739345074e-05 2.911673299968242645e-02 2.928114554379135370e-04
2.760000000000000000e+03 4.944713873555883765e-05 2.194245280406903476e-05 1.293994719162583351e-04 1.280830038012936711e-04 1.845323567977175117e-04 2.194245280406903476e-05 1.293994719162583351e-04 1.280830038012936711e-04 3.452426567673683167e-02 4.116723430342972279e-04
2.770000000000000000e+03 9.047226194525137544e-05 2.988796950376126915e-05 2.431035973131656647e-04 2.073034120257943869e-04 2.233953273389488459e-04 2.988796950376126915e-05 2.431035973131656647e-04 2.073034120257943869e-04 4.223718494176864624e-02 6.161588826216757298e-04
2.780000000000000000e+03 6.862238660687580705e-05 2.746700192801654339e-05 1.734092948026955128e-04 1.499496429460123181e-04 2.814377949107438326e-04 2.746700192801654339e-05 1.734092948026955128e-04 1.499496429460123181e-04 4.104757308959960938e-02 5.819394718855619431e-04
2.790000000000000000e+03 6.377834506565704942e-05 3.363556243130005896e-05 2.135374816134572029e-04 1.540157099952921271e-04 2.550437639001756907e-04 3.363556243130005896e-05 2.135374816134572029e-04 1.540157099952921271e-04 4.251801967620849609e-02 6.243797251954674721e-04
2.800000000000000000e+03 4.584819544106721878e-05 2.603760185593273491e-05 1.468979025958105922e-04 1.529226719867438078e-04 2.291689452249556780e-04 2.603760185593273491e-05 1.468979025958105922e-04 1.529226719867438078e-04 4.005153104662895203e-02 5.540398415178060532e-04
2.800000000000000000e+03 4.891547723673284054e-05 2.603760185593273491e-05 1.468979025958105922e-04 1.529226719867438078e-04 2.291689452249556780e-04 2.603760185593273491e-05 1.468979025958105922e-04 1.529226719867438078e-04 4.005153104662895203e-02 5.540398415178060532e-04
2.810000000000000000e+03 1.136519058491103351e-04 2.538242551963776350e-04 5.096379900351166725e-04 4.104283871129155159e-04 2.364144602324813604e-04 2.538242551963776350e-04 5.096379900351166725e-04 4.104283871129155159e-04 5.137561261653900146e-02 9.116260334849357605e-04
2.820000000000000000e+03 5.795732795377261937e-05 1.824017235776409507e-04 3.108457894995808601e-04 2.568625204730778933e-04 2.044197754003107548e-04 1.824017235776409507e-04 3.108457894995808601e-04 2.568625204730778933e-04 4.352770745754241943e-02 6.543865893036127090e-04
2.830000000000000000e+03 4.594170968630351126e-05 3.512128387228585780e-05 1.456044992664828897e-04 1.524553663330152631e-04 2.044636494247242808e-04 3.512128387228585780e-05 1.456044992664828897e-04 1.524553663330152631e-04 3.895014524459838867e-02 5.239875172264873981e-04
2.840000000000000000e+03 4.449285916052758694e-05 2.840456181729678065e-05 1.561743702040985227e-04 2.514636435080319643e-04 2.021588297793641686e-04 2.840456181729678065e-05 1.561743702040985227e-04 2.514636435080319643e-04 4.444198682904243469e-02 6.821653805673122406e-04
2.850000000000000000e+03 7.122855458874255419e-05 3.087498043896630406e-05 1.582807162776589394e-04 2.226181677542626858e-04 2.475409128237515688e-04 3.087498043896630406e-05 1.582807162776589394e-04 2.226181677542626858e-04 4.536159336566925049e-02 7.106884149834513664e-04
2.860000000000000000e+03 3.929992089979350567e-05 2.204552038165275007e-05 1.002755161607638001e-04 1.701042056083679199e-04 2.705673687160015106e-04 2.204552038165275007e-05 1.002755161607638001e-04 1.701042056083679199e-04 4.319035634398460388e-02 6.442824960686266422e-04
2.870000000000000000e+03 3.567744715837761760e-05 1.384919869451550767e-05 5.524018706637434661e-05 9.621810022508725524e-05 2.634933916851878166e-04 1.384919869451550767e-05 5.524018706637434661e-05 9.621810022508725524e-05 3.879259526729583740e-02 5.197570426389575005e-04
2.880000000000000000e+03 5.714650978916324675e-05 2.280550143041182309e-05 1.466896646888926625e-04 1.245815947186201811e-04 2.330620045540854335e-04 2.280550143041182309e-05 1.466896646888926625e-04 1.245815947186201811e-04 3.711796924471855164e-02 4.758512077387422323e-04
2.890000000000000000e+03 8.359620551345869899e-05 3.998467218480072916e-05 3.239962970837950706e-04 2.786494442261755466e-04 1.977425999939441681e-04 3.998467218480072916e-05 3.239962970837950706e-04 2.786494442261755466e-04 4.267340898513793945e-02 6.289518205448985100e-04
2.900000000000000000e+03 3.543147977325133979e-05 4.247348624630831182e-05 2.480721159372478724e-04 2.075511729344725609e-04 2.174433466279879212e-04 4.247348624630831182e-05 2.480721159372478724e-04 2.075511729344725609e-04 3.877942264080047607e-02 5.194040713831782341e-04
2.900000000000000000e+03 3.435780672589316964e-05 4.247348624630831182e-05 2.480721159372478724e-04 2.075511729344725609e-04 2.174433466279879212e-04 4.247348624630831182e-05 2.480721159372478724e-04 2.075511729344725609e-04 3.877942264080047607e-02 5.194040713831782341e-04
2.910000000000000000e+03 5.479271640069782734e-04 2.772416046354919672e-04 4.753910470753908157e-04 5.225489148870110512e-04 2.952475915662944317e-04 2.772416046354919672e-04 4.753910470753908157e-04 5.225489148870110512e-04 5.044329538941383362e-02 8.788396371528506279e-04
2.920000000000000000e+03 5.243127452558837831e-05 1.458785554859787226e-04 2.739306946750730276e-04 2.431835746392607689e-04 2.714431029744446278e-04 1.458785554859787226e-04 2.739306946750730276e-04 2.431835746392607689e-04 3.559147939085960388e-02 4.375169228296726942e-04
2.930000000000000000e+03 2.643002881086431444e-05 8.172044908860698342e-05 1.580794341862201691e-04 1.438499457435682416e-04 1.612332707736641169e-04 8.172044908860698342e-05 1.580794341862201691e-04 1.438499457435682416e-04 3.668114542961120605e-02 4.647171008400619030e-04
2.940000000000000000e+03 3.334918437758460641e-05 1.883504955912940204e-05 1.198665340780280530e-04 1.083702372852712870e-04 1.686020696070045233e-04 1.883504955912940204e-05 1.198665340780280530e-04 1.083702372852712870e-04 3.410911187529563904e-02 4.018310864921659231e-04
2.950000000000000000e+03 6.074931661714799702e-05 2.943642721220385283e-05 1.950423757079988718e-04 1.805348874768242240e-04 2.170204534195363522e-04 2.943642721220385283e-05 1.950423757079988718e-04 1.805348874768242240e-04 3.929566964507102966e-02 5.333253066055476665e-04
2.960000000000000000e+03 7.040381751721724868e-05 3.289061351097188890e-05 2.243901835754513741e-04 2.132556837750598788e-04 2.642966283019632101e-04 3.289061351097188890e-05 2.243901835754513741e-04 2.132556837750598788e-04 4.463787749409675598e-02 6.881923181936144829e-04
2.970000000000000000e+03 3.737298538908362389e-05 2.972131551359780133e-05 1.246591418748721480e-04 1.475279568694531918e-04 2.715918235480785370e-04 2.972131551359780133e-05 1.246591418748721480e-04 1.475279568694531918e-04 4.325643554329872131e-02 6.462554447352886200e-04
2.980000000000000000e+03 4.311288648750633001e-05 2.513470280973706394e-05 1.360509049845859408e-04 1.080428482964634895e-04 2.772976586129516363e-04 2.513470280973706394e-05 1.360509049845859408e-04 1.080428482964634895e-04 4.032308235764503479e-02 5.615781992673873901e-04
2.990000000000000000e+03 4.585609349305741489e-05 3.843420927296392620e-05 3.563031496014446020e-04 2.649959933478385210e-04 2.148786879843100905e-04 3.843420927296392620e-05 3.563031496014446020e-04 2.649959933478385210e-04 4.407998919486999512e-02 6.710977759212255478e-04
3.000000000000000000e+03 6.020364526193588972e-05 3.737305087270215154e-05 3.598072507884353399e-04 3.273937327321618795e-04 2.103951992467045784e-04 3.737305087270215154e-05 3.598072507884353399e-04 3.273937327321618795e-04 4.705295339226722717e-02 7.646743324585258961e-04
