# step, loss_train, loss_test, metrics_test
0.000000000000000000e+00 1.877401232719421387e+00 2.764100790023803711e+00 1.877401232719421387e+00 2.764100790023803711e+00 1.050862669944763184e+00 2.761734962463378906e+00
1.000000000000000000e+01 6.653776168823242188e-01 1.000671744346618652e+00 6.653776168823242188e-01 1.000671744346618652e+00 6.327447295188903809e-01 1.001260876655578613e+00
2.000000000000000000e+01 2.492422908544540405e-01 7.913526296615600586e-01 2.492422908544540405e-01 7.913526296615600586e-01 5.623767971992492676e-01 7.909427285194396973e-01
3.000000000000000000e+01 1.375301331281661987e-01 4.646676182746887207e-01 1.375301331281661987e-01 4.646676182746887207e-01 4.309076964855194092e-01 4.643641710281372070e-01
4.000000000000000000e+01 8.346052467823028564e-02 1.735181063413619995e-01 8.346052467823028564e-02 1.735181063413619995e-01 2.633788883686065674e-01 1.734810769557952881e-01
5.000000000000000000e+01 2.082638256251811981e-02 2.689103409647941589e-02 2.082638256251811981e-02 2.689103409647941589e-02 1.039781346917152405e-01 2.703797444701194763e-02
6.000000000000000000e+01 2.739003114402294159e-02 2.000630088150501251e-02 2.739003114402294159e-02 2.000630088150501251e-02 8.956388384103775024e-02 2.006115764379501343e-02
7.000000000000000000e+01 1.051580905914306641e-02 1.414293702691793442e-02 1.051580905914306641e-02 1.414293702691793442e-02 7.528842985630035400e-02 1.417577080428600311e-02
8.000000000000000000e+01 8.645031601190567017e-03 1.262606680393218994e-02 8.645031601190567017e-03 1.262606680393218994e-02 7.119791209697723389e-02 1.267723832279443741e-02
9.000000000000000000e+01 6.839431356638669968e-03 1.078887842595577240e-02 6.839431356638669968e-03 1.078887842595577240e-02 6.580393016338348389e-02 1.082913484424352646e-02
1.000000000000000000e+02 5.889944732189178467e-03 9.995051659643650055e-03 5.889944732189178467e-03 9.995051659643650055e-03 6.322892010211944580e-02 9.998197667300701141e-03
1.100000000000000000e+02 4.991886671632528305e-03 9.404527954757213593e-03 4.991886671632528305e-03 9.404527954757213593e-03 6.126105040311813354e-02 9.385536424815654755e-03
1.200000000000000000e+02 4.522029310464859009e-03 8.794878609478473663e-03 4.522029310464859009e-03 8.794878609478473663e-03 5.921979248523712158e-02 8.770491927862167358e-03
1.300000000000000000e+02 4.188482649624347687e-03 8.226847276091575623e-03 4.188482649624347687e-03 8.226847276091575623e-03 5.726333335041999817e-02 8.200558833777904510e-03
1.400000000000000000e+02 3.869013860821723938e-03 7.785778492689132690e-03 3.869013860821723938e-03 7.785778492689132690e-03 5.568935722112655640e-02 7.755941245704889297e-03
1.500000000000000000e+02 3.584205172955989838e-03 7.421182934194803238e-03 3.584205172955989838e-03 7.421182934194803238e-03 5.435050651431083679e-02 7.387498393654823303e-03
1.600000000000000000e+02 3.364504082128405571e-03 7.078357972204685211e-03 3.364504082128405571e-03 7.078357972204685211e-03 5.306179448962211609e-02 7.041319739073514938e-03
1.700000000000000000e+02 3.192842239513993263e-03 6.759462412446737289e-03 3.192842239513993263e-03 6.759462412446737289e-03 5.183571204543113708e-02 6.719675846397876740e-03
1.800000000000000000e+02 3.045598743483424187e-03 6.476222071796655655e-03 3.045598743483424187e-03 6.476222071796655655e-03 5.072203278541564941e-02 6.434036418795585632e-03
1.900000000000000000e+02 2.916921162977814674e-03 6.224372424185276031e-03 2.916921162977814674e-03 6.224372424185276031e-03 4.971034079790115356e-02 6.179931107908487320e-03
2.000000000000000000e+02 2.807002514600753784e-03 5.995499901473522186e-03 2.807002514600753784e-03 5.995499901473522186e-03 4.877298325300216675e-02 5.949066951870918274e-03
2.100000000000000000e+02 2.713020890951156616e-03 5.785618908703327179e-03 2.713020890951156616e-03 5.785618908703327179e-03 4.789800569415092468e-02 5.737530998885631561e-03
2.200000000000000000e+02 2.630485687404870987e-03 5.593477282673120499e-03 2.630485687404870987e-03 5.593477282673120499e-03 4.708318412303924561e-02 5.543983541429042816e-03
2.300000000000000000e+02 2.556580584496259689e-03 5.417067557573318481e-03 2.556580584496259689e-03 5.417067557573318481e-03 4.632283374667167664e-02 5.366367287933826447e-03
2.400000000000000000e+02 2.489892998710274696e-03 5.253774113953113556e-03 2.489892998710274696e-03 5.253774113953113556e-03 4.560815170407295227e-02 5.202056840062141418e-03
2.500000000000000000e+02 2.429029438644647598e-03 5.101590417325496674e-03 2.429029438644647598e-03 5.101590417325496674e-03 4.493228346109390259e-02 5.049020983278751373e-03
2.600000000000000000e+02 2.372556831687688828e-03 4.959084559231996536e-03 2.372556831687688828e-03 4.959084559231996536e-03 4.429046809673309326e-02 4.905810579657554626e-03
2.700000000000000000e+02 2.319368999451398849e-03 4.824937321245670319e-03 2.319368999451398849e-03 4.824937321245670319e-03 4.367808997631072998e-02 4.771088715642690659e-03
2.800000000000000000e+02 2.268728334456682205e-03 4.697824828326702118e-03 2.268728334456682205e-03 4.697824828326702118e-03 4.309021681547164917e-02 4.643521737307310104e-03
2.900000000000000000e+02 2.220050431787967682e-03 4.576577804982662201e-03 2.220050431787967682e-03 4.576577804982662201e-03 4.252230748534202576e-02 4.521930124610662460e-03
3.000000000000000000e+02 2.172810724005103111e-03 4.460221156477928162e-03 2.172810724005103111e-03 4.460221156477928162e-03 4.197049140930175781e-02 4.405328538268804550e-03
3.100000000000000000e+02 2.126566367223858833e-03 4.347912035882472992e-03 2.126566367223858833e-03 4.347912035882472992e-03 4.143131524324417114e-02 4.292869474738836288e-03
3.200000000000000000e+02 2.080985810607671738e-03 4.238879308104515076e-03 2.080985810607671738e-03 4.238879308104515076e-03 4.090146720409393311e-02 4.183771088719367981e-03
3.300000000000000000e+02 2.035813173279166222e-03 4.132433794438838959e-03 2.035813173279166222e-03 4.132433794438838959e-03 4.037788510322570801e-02 4.077344201505184174e-03
3.400000000000000000e+02 1.990834949538111687e-03 4.027981311082839966e-03 1.990834949538111687e-03 4.027981311082839966e-03 3.985782712697982788e-02 3.972989507019519806e-03
3.500000000000000000e+02 1.945893862284719944e-03 3.924999851733446121e-03 1.945893862284719944e-03 3.924999851733446121e-03 3.933876380324363708e-02 3.870183834806084633e-03
3.600000000000000000e+02 1.900871167890727520e-03 3.823040286079049110e-03 1.900871167890727520e-03 3.823040286079049110e-03 3.881842270493507385e-02 3.768478287383913994e-03
3.700000000000000000e+02 1.855711103416979313e-03 3.721707966178655624e-03 1.855711103416979313e-03 3.721707966178655624e-03 3.829469904303550720e-02 3.667477983981370926e-03
3.800000000000000000e+02 1.810376998037099838e-03 3.620693227276206017e-03 1.810376998037099838e-03 3.620693227276206017e-03 3.776580467820167542e-02 3.566873027011752129e-03
3.900000000000000000e+02 1.764898421242833138e-03 3.519729478284716606e-03 1.764898421242833138e-03 3.519729478284716606e-03 3.723010793328285217e-02 3.466401482000946999e-03
4.000000000000000000e+02 1.719344523735344410e-03 3.418622305616736412e-03 1.719344523735344410e-03 3.418622305616736412e-03 3.668626025319099426e-02 3.365868236869573593e-03
4.100000000000000000e+02 1.673821709118783474e-03 3.317245747894048691e-03 1.673821709118783474e-03 3.317245747894048691e-03 3.613321855664253235e-02 3.265152685344219208e-03
4.200000000000000000e+02 1.628478872589766979e-03 3.215549048036336899e-03 1.628478872589766979e-03 3.215549048036336899e-03 3.557028621435165405e-02 3.164207562804222107e-03
4.300000000000000000e+02 1.583506469614803791e-03 3.113543149083852768e-03 1.583506469614803791e-03 3.113543149083852768e-03 3.499706089496612549e-02 3.063045209273695946e-03
4.400000000000000000e+02 1.539115677587687969e-03 3.011324442923069000e-03 1.539115677587687969e-03 3.011324442923069000e-03 3.441360592842102051e-02 2.961765276268124580e-03
4.500000000000000000e+02 1.495535136200487614e-03 2.909060800448060036e-03 1.495535136200487614e-03 2.909060800448060036e-03 3.382037952542304993e-02 2.860534936189651489e-03
4.600000000000000000e+02 1.453002332709729671e-03 2.806980628520250320e-03 1.453002332709729671e-03 2.806980628520250320e-03 3.321824967861175537e-02 2.759583992883563042e-03
4.700000000000000000e+02 1.411734148859977722e-03 2.705381484702229500e-03 1.411734148859977722e-03 2.705381484702229500e-03 3.260850533843040466e-02 2.659205812960863113e-03
4.800000000000000000e+02 1.371926511637866497e-03 2.604600507766008377e-03 1.371926511637866497e-03 2.604600507766008377e-03 3.199280053377151489e-02 2.559733344241976738e-03
4.900000000000000000e+02 1.333717023953795433e-03 2.505014184862375259e-03 1.333717023953795433e-03 2.505014184862375259e-03 3.137313202023506165e-02 2.461534924805164337e-03
5.000000000000000000e+02 1.297184498980641365e-03 2.407012507319450378e-03 1.297184498980641365e-03 2.407012507319450378e-03 3.075172565877437592e-02 2.364989370107650757e-03
5.100000000000000000e+02 1.262349192984402180e-03 2.310965443029999733e-03 1.262349192984402180e-03 2.310965443029999733e-03 3.013082593679428101e-02 2.270451979711651802e-03
5.200000000000000000e+02 1.229154760949313641e-03 2.217219443991780281e-03 1.229154760949313641e-03 2.217219443991780281e-03 2.951271459460258484e-02 2.178254071623086929e-03
5.300000000000000000e+02 1.197490259073674679e-03 2.126071369275450706e-03 1.197490259073674679e-03 2.126071369275450706e-03 2.889949269592761993e-02 2.088673645630478859e-03
5.400000000000000000e+02 1.167189446277916431e-03 2.037763129919767380e-03 1.167189446277916431e-03 2.037763129919767380e-03 2.829306200146675110e-02 2.001935383304953575e-03
5.500000000000000000e+02 1.138054882176220417e-03 1.952469930984079838e-03 1.138054882176220417e-03 1.952469930984079838e-03 2.769499458372592926e-02 1.918195281177759171e-03
5.600000000000000000e+02 1.109887380152940750e-03 1.870293985120952129e-03 1.109887380152940750e-03 1.870293985120952129e-03 2.710648998618125916e-02 1.837539719417691231e-03
5.700000000000000000e+02 1.082481932826340199e-03 1.791283488273620605e-03 1.082481932826340199e-03 1.791283488273620605e-03 2.652843110263347626e-02 1.760002574883401394e-03
5.800000000000000000e+02 1.055659377016127110e-03 1.715428428724408150e-03 1.055659377016127110e-03 1.715428428724408150e-03 2.596134878695011139e-02 1.685561845079064369e-03
5.900000000000000000e+02 1.029270584695041180e-03 1.642675837501883507e-03 1.029270584695041180e-03 1.642675837501883507e-03 2.540549449622631073e-02 1.614156062714755535e-03
6.000000000000000000e+02 1.003204262815415859e-03 1.572933630086481571e-03 1.003204262815415859e-03 1.572933630086481571e-03 2.486085146665573120e-02 1.545689068734645844e-03
6.100000000000000000e+02 9.773862548172473907e-04 1.506088534370064735e-03 9.773862548172473907e-04 1.506088534370064735e-03 2.432721853256225586e-02 1.480045262724161148e-03
6.200000000000000000e+02 9.517724975012242794e-04 1.442019478417932987e-03 9.517724975012242794e-04 1.442019478417932987e-03 2.380431257188320160e-02 1.417103107087314129e-03
6.300000000000000000e+02 9.263443644158542156e-04 1.380593981593847275e-03 9.263443644158542156e-04 1.380593981593847275e-03 2.329174615442752838e-02 1.356732682324945927e-03
6.400000000000000000e+02 9.011111687868833542e-04 1.321681775152683258e-03 9.011111687868833542e-04 1.321681775152683258e-03 2.278910204768180847e-02 1.298807095736265182e-03
6.500000000000000000e+02 8.760960772633552551e-04 1.265157479792833328e-03 8.760960772633552551e-04 1.265157479792833328e-03 2.229596488177776337e-02 1.243205042555928230e-03
6.600000000000000000e+02 8.513319771736860275e-04 1.210904098115861416e-03 8.513319771736860275e-04 1.210904098115861416e-03 2.181196026504039764e-02 1.189815462566912174e-03
6.700000000000000000e+02 8.268620586022734642e-04 1.158812316134572029e-03 8.268620586022734642e-04 1.158812316134572029e-03 2.133672498166561127e-02 1.138533116318285465e-03
6.800000000000000000e+02 8.027228759601712227e-04 1.108790398575365543e-03 8.027228759601712227e-04 1.108790398575365543e-03 2.087002433836460114e-02 1.089271390810608864e-03
6.900000000000000000e+02 7.789644296281039715e-04 1.060747075825929642e-03 7.789644296281039715e-04 1.060747075825929642e-03 2.041159756481647491e-02 1.041943440213799477e-03
7.000000000000000000e+02 7.556267082691192627e-04 1.014607027173042297e-03 7.556267082691192627e-04 1.014607027173042297e-03 1.996129192411899567e-02 9.964775526896119118e-04
7.100000000000000000e+02 7.327517378143966198e-04 9.702992974780499935e-04 7.327517378143966198e-04 9.702992974780499935e-04 1.951899565756320953e-02 9.528074297122657299e-04
7.200000000000000000e+02 7.103743846528232098e-04 9.277632343582808971e-04 7.103743846528232098e-04 9.277632343582808971e-04 1.908465474843978882e-02 9.108751546591520309e-04
7.300000000000000000e+02 6.885282346047461033e-04 8.869434241205453873e-04 6.885282346047461033e-04 8.869434241205453873e-04 1.865826919674873352e-02 8.706284570507705212e-04
7.400000000000000000e+02 6.672424497082829475e-04 8.477869560010731220e-04 6.672424497082829475e-04 8.477869560010731220e-04 1.823983527719974518e-02 8.320164633914828300e-04
7.500000000000000000e+02 6.465433398261666298e-04 8.102436549961566925e-04 6.465433398261666298e-04 8.102436549961566925e-04 1.782938279211521149e-02 7.949920254759490490e-04
7.600000000000000000e+02 6.264463881962001324e-04 7.742744637653231621e-04 6.264463881962001324e-04 7.742744637653231621e-04 1.742704212665557861e-02 7.595171919092535973e-04
7.700000000000000000e+02 6.069732480682432652e-04 7.398301968351006508e-04 6.069732480682432652e-04 7.398301968351006508e-04 1.703283935785293579e-02 7.255448726937174797e-04
7.800000000000000000e+02 5.881299730390310287e-04 7.068745326250791550e-04 5.881299730390310287e-04 7.068745326250791550e-04 1.664692535996437073e-02 6.930399104021489620e-04
7.900000000000000000e+02 5.699266912415623665e-04 6.753641646355390549e-04 5.699266912415623665e-04 6.753641646355390549e-04 1.626937277615070343e-02 6.619602208957076073e-04
8.000000000000000000e+02 5.523639847524464130e-04 6.452614325098693371e-04 5.523639847524464130e-04 6.452614325098693371e-04 1.590031944215297699e-02 6.322689587250351906e-04
8.100000000000000000e+02 5.354439490474760532e-04 6.165245431475341320e-04 5.354439490474760532e-04 6.165245431475341320e-04 1.553984731435775757e-02 6.039258441887795925e-04
8.200000000000000000e+02 5.191590753383934498e-04 5.891172331757843494e-04 5.191590753383934498e-04 5.891172331757843494e-04 1.518809422850608826e-02 5.768949049524962902e-04
8.300000000000000000e+02 5.035047652199864388e-04 5.629980587400496006e-04 5.035047652199864388e-04 5.629980587400496006e-04 1.484513841569423676e-02 5.511359195224940777e-04
8.400000000000000000e+02 4.884676309302449226e-04 5.381302908062934875e-04 4.884676309302449226e-04 5.381302908062934875e-04 1.451110187917947769e-02 5.266122752800583839e-04
8.500000000000000000e+02 4.740382428281009197e-04 5.144726019352674484e-04 4.740382428281009197e-04 5.144726019352674484e-04 1.418604422360658646e-02 5.032835761085152626e-04
8.600000000000000000e+02 4.601989639922976494e-04 4.919881466776132584e-04 4.601989639922976494e-04 4.919881466776132584e-04 1.387006882578134537e-02 4.811133549083024263e-04
8.700000000000000000e+02 4.469350678846240044e-04 4.706351319327950478e-04 4.469350678846240044e-04 4.706351319327950478e-04 1.356321200728416443e-02 4.600609245244413614e-04
8.800000000000000000e+02 4.342279280535876751e-04 4.503773525357246399e-04 4.342279280535876751e-04 4.503773525357246399e-04 1.326555479317903519e-02 4.400894686114042997e-04
8.900000000000000000e+02 4.220618284307420254e-04 4.311710072215646505e-04 4.220618284307420254e-04 4.311710072215646505e-04 1.297707110643386841e-02 4.211565537843853235e-04
9.000000000000000000e+02 4.104138351976871490e-04 4.129804437980055809e-04 4.104138351976871490e-04 4.129804437980055809e-04 1.269783079624176025e-02 4.032267606817185879e-04
9.100000000000000000e+02 3.992679412476718426e-04 3.957627632189542055e-04 3.992679412476718426e-04 3.957627632189542055e-04 1.242777518928050995e-02 3.862574812956154346e-04
9.200000000000000000e+02 3.886022022925317287e-04 3.794807707890868187e-04 3.886022022925317287e-04 3.794807707890868187e-04 1.216691453009843826e-02 3.702125104609876871e-04
9.300000000000000000e+02 3.783979627769440413e-04 3.640948561951518059e-04 3.783979627769440413e-04 3.640948561951518059e-04 1.191518455743789673e-02 3.550518304109573364e-04
9.400000000000000000e+02 3.686353156808763742e-04 3.495651762932538986e-04 3.686353156808763742e-04 3.495651762932538986e-04 1.167251076549291611e-02 3.407365875318646431e-04
9.500000000000000000e+02 3.592957509681582451e-04 3.358529647812247276e-04 3.592957509681582451e-04 3.358529647812247276e-04 1.143879350274801254e-02 3.272281610406935215e-04
9.600000000000000000e+02 3.503604675643146038e-04 3.229195717722177505e-04 3.503604675643146038e-04 3.229195717722177505e-04 1.121391542255878448e-02 3.144884540233761072e-04
9.700000000000000000e+02 3.418095293454825878e-04 3.107287921011447906e-04 3.418095293454825878e-04 3.107287921011447906e-04 1.099776290357112885e-02 3.024815814569592476e-04
9.800000000000000000e+02 3.336265799589455128e-04 2.992428198922425508e-04 3.336265799589455128e-04 2.992428198922425508e-04 1.079016551375389099e-02 2.911698538810014725e-04
9.900000000000000000e+02 3.257943608332425356e-04 2.884245768655091524e-04 3.257943608332425356e-04 2.884245768655091524e-04 1.059093140065670013e-02 2.805165131576359272e-04
1.000000000000000000e+03 3.182953805662691593e-04 2.782396622933447361e-04 3.182953805662691593e-04 2.782396622933447361e-04 1.039989478886127472e-02 2.704880607780069113e-04
1.010000000000000000e+03 3.111133701168000698e-04 2.686540537979453802e-04 3.111133701168000698e-04 2.686540537979453802e-04 1.021684892475605011e-02 2.610502706374973059e-04
1.020000000000000000e+03 3.042336320504546165e-04 2.596326521597802639e-04 3.042336320504546165e-04 2.596326521597802639e-04 1.004153769463300705e-02 2.521683636587113142e-04
1.030000000000000000e+03 2.976406249217689037e-04 2.511441125534474850e-04 2.976406249217689037e-04 2.511441125534474850e-04 9.873752482235431671e-03 2.438117226120084524e-04
1.040000000000000000e+03 2.913193311542272568e-04 2.431575412629172206e-04 2.913193311542272568e-04 2.431575412629172206e-04 9.713246487081050873e-03 2.359494392294436693e-04
1.050000000000000000e+03 2.852573525160551071e-04 2.356422482989728451e-04 2.852573525160551071e-04 2.356422482989728451e-04 9.559754282236099243e-03 2.285512746311724186e-04
1.060000000000000000e+03 2.794400206767022610e-04 2.285706141265109181e-04 2.794400206767022610e-04 2.285706141265109181e-04 9.413038380444049835e-03 2.215898421127349138e-04
1.070000000000000000e+03 2.738551993388682604e-04 2.219146117568016052e-04 2.738551993388682604e-04 2.219146117568016052e-04 9.272824972867965698e-03 2.150375512428581715e-04
1.080000000000000000e+03 2.684905193746089935e-04 2.156492264475673437e-04 2.684905193746089935e-04 2.156492264475673437e-04 9.138863533735275269e-03 2.088692999677732587e-04
1.090000000000000000e+03 2.633348340168595314e-04 2.097482356475666165e-04 2.633348340168595314e-04 2.097482356475666165e-04 9.010875597596168518e-03 2.030599280260503292e-04
1.100000000000000000e+03 2.583774912636727095e-04 2.041884290520101786e-04 2.583774912636727095e-04 2.041884290520101786e-04 8.888592943549156189e-03 1.975860068341717124e-04
1.110000000000000000e+03 2.536071697250008583e-04 1.989483571378514171e-04 2.536071697250008583e-04 1.989483571378514171e-04 8.771771565079689026e-03 1.924264361150562763e-04
1.120000000000000000e+03 2.490143815521150827e-04 1.940065412782132626e-04 2.490143815521150827e-04 1.940065412782132626e-04 8.660148829221725464e-03 1.875602756626904011e-04
1.130000000000000000e+03 2.445896971039474010e-04 1.893436710815876722e-04 2.445896971039474010e-04 1.893436710815876722e-04 8.553483523428440094e-03 1.829684188123792410e-04
1.140000000000000000e+03 2.403237740509212017e-04 1.849406544351950288e-04 2.403237740509212017e-04 1.849406544351950288e-04 8.451521396636962891e-03 1.786322827683761716e-04
1.150000000000000000e+03 2.362089289817959070e-04 1.807806547731161118e-04 2.362089289817959070e-04 1.807806547731161118e-04 8.354035206139087677e-03 1.745351182762533426e-04
1.160000000000000000e+03 2.322364744031801820e-04 1.768474321579560637e-04 2.322364744031801820e-04 1.768474321579560637e-04 8.260795846581459045e-03 1.706608745735138655e-04
1.170000000000000000e+03 2.283990761497989297e-04 1.731250813463702798e-04 2.283990761497989297e-04 1.731250813463702798e-04 8.171572349965572357e-03 1.669941993895918131e-04
1.180000000000000000e+03 2.246902149636298418e-04 1.695996616035699844e-04 2.246902149636298418e-04 1.695996616035699844e-04 8.086154237389564514e-03 1.635212829569354653e-04
1.190000000000000000e+03 2.211027021985501051e-04 1.662580471020191908e-04 2.211027021985501051e-04 1.662580471020191908e-04 8.004345931112766266e-03 1.602293050382286310e-04
1.200000000000000000e+03 2.176302223233506083e-04 1.630874903639778495e-04 2.176302223233506083e-04 1.630874903639778495e-04 7.925945334136486053e-03 1.571058528497815132e-04
1.210000000000000000e+03 2.142672601621598005e-04 1.600762916496023536e-04 2.142672601621598005e-04 1.600762916496023536e-04 7.850763387978076935e-03 1.541395031381398439e-04
1.220000000000000000e+03 2.110079803969711065e-04 1.572139008203521371e-04 2.110079803969711065e-04 1.572139008203521371e-04 7.778625935316085815e-03 1.513198367320001125e-04
1.230000000000000000e+03 2.078475226880982518e-04 1.544904516777023673e-04 2.078475226880982518e-04 1.544904516777023673e-04 7.709367666393518448e-03 1.486372493673115969e-04
1.240000000000000000e+03 2.047807647613808513e-04 1.518964563729241490e-04 2.047807647613808513e-04 1.518964563729241490e-04 7.642826065421104431e-03 1.460825005779042840e-04
1.250000000000000000e+03 2.018026425503194332e-04 1.494239404564723372e-04 2.018026425503194332e-04 1.494239404564723372e-04 7.578864693641662598e-03 1.436476450180634856e-04
1.260000000000000000e+03 1.989094744203612208e-04 1.470642309868708253e-04 1.989094744203612208e-04 1.470642309868708253e-04 7.517326157540082932e-03 1.413243444403633475e-04
1.270000000000000000e+03 1.960974477697163820e-04 1.448096154490485787e-04 1.960974477697163820e-04 1.448096154490485787e-04 7.458067033439874649e-03 1.391050172969698906e-04
1.280000000000000000e+03 1.933624007506296039e-04 1.426531089236959815e-04 1.933624007506296039e-04 1.426531089236959815e-04 7.400962989777326584e-03 1.369829988107085228e-04
1.290000000000000000e+03 1.907007099362090230e-04 1.405892253387719393e-04 1.907007099362090230e-04 1.405892253387719393e-04 7.345908787101507187e-03 1.349525991827249527e-04
1.300000000000000000e+03 1.881096395663917065e-04 1.386106741847470403e-04 1.881096395663917065e-04 1.386106741847470403e-04 7.292763795703649521e-03 1.330069935647770762e-04
1.310000000000000000e+03 1.855853624874725938e-04 1.367135701002553105e-04 1.855853624874725938e-04 1.367135701002553105e-04 7.241460029035806656e-03 1.311421947320923209e-04
1.320000000000000000e+03 1.831253612181171775e-04 1.348911755485460162e-04 1.831253612181171775e-04 1.348911755485460162e-04 7.191854994744062424e-03 1.293516543228179216e-04
1.330000000000000000e+03 1.807266089599579573e-04 1.331400126218795776e-04 1.807266089599579573e-04 1.331400126218795776e-04 7.143885362893342972e-03 1.276318944292142987e-04
1.340000000000000000e+03 1.783867774065583944e-04 1.314548717346042395e-04 1.783867774065583944e-04 1.314548717346042395e-04 7.097445428371429443e-03 1.259778946405276656e-04
1.350000000000000000e+03 1.761033636284992099e-04 1.298319693887606263e-04 1.761033636284992099e-04 1.298319693887606263e-04 7.052456960082054138e-03 1.243859005626291037e-04
1.360000000000000000e+03 1.738738501444458961e-04 1.282676239497959614e-04 1.738738501444458961e-04 1.282676239497959614e-04 7.008846383541822433e-03 1.228522887686267495e-04
1.370000000000000000e+03 1.716964761726558208e-04 1.267581392312422395e-04 1.716964761726558208e-04 1.267581392312422395e-04 6.966534070670604706e-03 1.213734576595015824e-04
1.380000000000000000e+03 1.695689134066924453e-04 1.253002410521730781e-04 1.695689134066924453e-04 1.253002410521730781e-04 6.925447843968868256e-03 1.199460457428358495e-04
1.390000000000000000e+03 1.674896047916263342e-04 1.238904515048488975e-04 1.674896047916263342e-04 1.238904515048488975e-04 6.885517388582229614e-03 1.185668588732369244e-04
1.400000000000000000e+03 1.654564985074102879e-04 1.225264859385788441e-04 1.654564985074102879e-04 1.225264859385788441e-04 6.846691481769084930e-03 1.172334959846921265e-04
1.410000000000000000e+03 1.634677464608103037e-04 1.212057759403251112e-04 1.634677464608103037e-04 1.212057759403251112e-04 6.808910518884658813e-03 1.159432358690537512e-04
1.420000000000000000e+03 1.615217770449817181e-04 1.199255493702366948e-04 1.615217770449817181e-04 1.199255493702366948e-04 6.772120483219623566e-03 1.146936992881819606e-04
1.430000000000000000e+03 1.596176007296890020e-04 1.186834560940042138e-04 1.596176007296890020e-04 1.186834560940042138e-04 6.736259907484054565e-03 1.134822450694628060e-04
1.440000000000000000e+03 1.577529328642413020e-04 1.174776916741393507e-04 1.577529328642413020e-04 1.174776916741393507e-04 6.701297592371702194e-03 1.123073088820092380e-04
1.450000000000000000e+03 1.559271040605381131e-04 1.163058550446294248e-04 1.559271040605381131e-04 1.163058550446294248e-04 6.667167413979768753e-03 1.111662422772496939e-04
1.460000000000000000e+03 1.541385136079043150e-04 1.151664473582059145e-04 1.541385136079043150e-04 1.151664473582059145e-04 6.633845157921314240e-03 1.100578083423897624e-04
1.470000000000000000e+03 1.523858081782236695e-04 1.140576350735500455e-04 1.523858081782236695e-04 1.140576350735500455e-04 6.601284723728895187e-03 1.089800571207888424e-04
1.480000000000000000e+03 1.506680564489215612e-04 1.129780139308422804e-04 1.506680564489215612e-04 1.129780139308422804e-04 6.569448858499526978e-03 1.079314679373055696e-04
1.490000000000000000e+03 1.489837595727294683e-04 1.119258085964247584e-04 1.489837595727294683e-04 1.119258085964247584e-04 6.538306362926959991e-03 1.069105783244594932e-04
1.500000000000000000e+03 1.473323500249534845e-04 1.108995857066474855e-04 1.473323500249534845e-04 1.108995857066474855e-04 6.507811602205038071e-03 1.059156566043384373e-04
1.510000000000000000e+03 1.457124890293926001e-04 1.098981229006312788e-04 1.457124890293926001e-04 1.098981229006312788e-04 6.477937567979097366e-03 1.049454804160632193e-04
1.520000000000000000e+03 1.441235071979463100e-04 1.089198703994043171e-04 1.441235071979463100e-04 1.089198703994043171e-04 6.448652595281600952e-03 1.039987400872632861e-04
1.530000000000000000e+03 1.425642112735658884e-04 1.079642825061455369e-04 1.425642112735658884e-04 1.079642825061455369e-04 6.419938988983631134e-03 1.030746716423891485e-04
1.540000000000000000e+03 1.410336844855919480e-04 1.070299767889082432e-04 1.410336844855919480e-04 1.070299767889082432e-04 6.391763687133789062e-03 1.021719363052397966e-04
1.550000000000000000e+03 1.395310391671955585e-04 1.061158545780926943e-04 1.395310391671955585e-04 1.061158545780926943e-04 6.364097818732261658e-03 1.012893917504698038e-04
1.560000000000000000e+03 1.380559551762416959e-04 1.052207662723958492e-04 1.380559551762416959e-04 1.052207662723958492e-04 6.336915772408246994e-03 1.004259756882674992e-04
1.570000000000000000e+03 1.366069918731227517e-04 1.043443553498946130e-04 1.366069918731227517e-04 1.043443553498946130e-04 6.310203112661838531e-03 9.958109149010851979e-05
1.580000000000000000e+03 1.351839600829407573e-04 1.034852903103455901e-04 1.351839600829407573e-04 1.034852903103455901e-04 6.283935625106096268e-03 9.875377145363017917e-05
1.590000000000000000e+03 1.337857247563079000e-04 1.026431054924614727e-04 1.337857247563079000e-04 1.026431054924614727e-04 6.258095148950815201e-03 9.794326615519821644e-05
1.600000000000000000e+03 1.324119220953434706e-04 1.018170441966503859e-04 1.324119220953434706e-04 1.018170441966503859e-04 6.232662592083215714e-03 9.714878251543268561e-05
1.610000000000000000e+03 1.310617226408794522e-04 1.010061241686344147e-04 1.310617226408794522e-04 1.010061241686344147e-04 6.207613740116357803e-03 9.636949835112318397e-05
1.620000000000000000e+03 1.297345588682219386e-04 1.002097851596772671e-04 1.297345588682219386e-04 1.002097851596772671e-04 6.182936485856771469e-03 9.560480975778773427e-05
1.630000000000000000e+03 1.284295431105419993e-04 9.942786709871143103e-05 1.284295431105419993e-04 9.942786709871143103e-05 6.158625241369009018e-03 9.485445480095222592e-05
1.640000000000000000e+03 1.271466026082634926e-04 9.865903848549351096e-05 1.271466026082634926e-04 9.865903848549351096e-05 6.134645082056522369e-03 9.411721111973747611e-05
1.650000000000000000e+03 1.258846896234899759e-04 9.790331387193873525e-05 1.258846896234899759e-04 9.790331387193873525e-05 6.110995076596736908e-03 9.339292591903358698e-05
1.660000000000000000e+03 1.246436004294082522e-04 9.715988562675192952e-05 1.246436004294082522e-04 9.715988562675192952e-05 6.087653804570436478e-03 9.268087160307914019e-05
1.670000000000000000e+03 1.234225492225959897e-04 9.642850636737421155e-05 1.234225492225959897e-04 9.642850636737421155e-05 6.064619868993759155e-03 9.198084444506093860e-05
1.680000000000000000e+03 1.222213322762399912e-04 9.570858674123883247e-05 1.222213322762399912e-04 9.570858674123883247e-05 6.041868589818477631e-03 9.129200043389573693e-05
1.690000000000000000e+03 1.210390255437232554e-04 9.499960287939757109e-05 1.210390255437232554e-04 9.499960287939757109e-05 6.019396707415580750e-03 9.061417222255840898e-05
1.700000000000000000e+03 1.198756581288762391e-04 9.430118370801210403e-05 1.198756581288762391e-04 9.430118370801210403e-05 5.997189786285161972e-03 8.994682866614311934e-05
1.710000000000000000e+03 1.187303423648700118e-04 9.361306001665070653e-05 1.187303423648700118e-04 9.361306001665070653e-05 5.975239910185337067e-03 8.928959869081154466e-05
1.720000000000000000e+03 1.176027872134000063e-04 9.293468610849231482e-05 1.176027872134000063e-04 9.293468610849231482e-05 5.953534040600061417e-03 8.864206029102206230e-05
1.730000000000000000e+03 1.164927234640344977e-04 9.226585825672373176e-05 1.164927234640344977e-04 9.226585825672373176e-05 5.932064726948738098e-03 8.800390060059726238e-05
1.740000000000000000e+03 1.153997000074014068e-04 9.160593617707490921e-05 1.153997000074014068e-04 9.160593617707490921e-05 5.910815205425024033e-03 8.737453026697039604e-05
1.750000000000000000e+03 1.143230692832730711e-04 9.095491986954584718e-05 1.143230692832730711e-04 9.095491986954584718e-05 5.889789201319217682e-03 8.675403660163283348e-05
1.760000000000000000e+03 1.132627658080309629e-04 9.031248191604390740e-05 1.132627658080309629e-04 9.031248191604390740e-05 5.868973676115274429e-03 8.614190301159396768e-05
1.770000000000000000e+03 1.122180838137865067e-04 8.967846952145919204e-05 1.122180838137865067e-04 8.967846952145919204e-05 5.848368164151906967e-03 8.553808584110811353e-05
1.780000000000000000e+03 1.111888486775569618e-04 8.905222784960642457e-05 1.111888486775569618e-04 8.905222784960642457e-05 5.827949848026037216e-03 8.494186477037146688e-05
1.790000000000000000e+03 1.101747402572073042e-04 8.843389514368027449e-05 1.101747402572073042e-04 8.843389514368027449e-05 5.807726178318262100e-03 8.435335621470585465e-05
1.800000000000000000e+03 1.091751983040012419e-04 8.782294025877490640e-05 1.091751983040012419e-04 8.782294025877490640e-05 5.787683650851249695e-03 8.377214544452726841e-05
1.810000000000000000e+03 1.081901864381507039e-04 8.721930498722940683e-05 1.081901864381507039e-04 8.721930498722940683e-05 5.767819471657276154e-03 8.319812332047149539e-05
1.820000000000000000e+03 1.072190570994280279e-04 8.662293112138286233e-05 1.072190570994280279e-04 8.662293112138286233e-05 5.748130381107330322e-03 8.263109339168295264e-05
1.830000000000000000e+03 1.062618248397484422e-04 8.603309834143146873e-05 1.062618248397484422e-04 8.603309834143146873e-05 5.728601012378931046e-03 8.207056816900148988e-05
1.840000000000000000e+03 1.053179221344180405e-04 8.545014134142547846e-05 1.053179221344180405e-04 8.545014134142547846e-05 5.709236022084951401e-03 8.151662041200324893e-05
1.850000000000000000e+03 1.043873926391825080e-04 8.487341256113722920e-05 1.043873926391825080e-04 8.487341256113722920e-05 5.690023768693208694e-03 8.096892997855320573e-05
1.860000000000000000e+03 1.034696688293479383e-04 8.430280286120250821e-05 1.034696688293479383e-04 8.430280286120250821e-05 5.670954007655382156e-03 8.042711851885542274e-05
1.870000000000000000e+03 1.025645760819315910e-04 8.373851596843451262e-05 1.025645760819315910e-04 8.373851596843451262e-05 5.652036517858505249e-03 7.989142613951116800e-05
1.880000000000000000e+03 1.016716560116037726e-04 8.318011532537639141e-05 1.016716560116037726e-04 8.318011532537639141e-05 5.633258726447820663e-03 7.936145993880927563e-05
1.890000000000000000e+03 1.007909377221949399e-04 8.262746268883347511e-05 1.007909377221949399e-04 8.262746268883347511e-05 5.614618770778179169e-03 7.883711077738553286e-05
1.900000000000000000e+03 9.992196282837539911e-05 8.208045619539916515e-05 9.992196282837539911e-05 8.208045619539916515e-05 5.596111062914133072e-03 7.831822586013004184e-05
1.910000000000000000e+03 9.906460763886570930e-05 8.153895032592117786e-05 9.906460763886570930e-05 8.153895032592117786e-05 5.577733740210533142e-03 7.780468149576336145e-05
1.920000000000000000e+03 9.821845742408186197e-05 8.100279956124722958e-05 9.821845742408186197e-05 8.100279956124722958e-05 5.559479352086782455e-03 7.729625212959945202e-05
1.930000000000000000e+03 9.738347580423578620e-05 8.047175651881843805e-05 9.738347580423578620e-05 8.047175651881843805e-05 5.541349295526742935e-03 7.679292320972308517e-05
1.940000000000000000e+03 9.655945177655667067e-05 7.994598854565992951e-05 9.655945177655667067e-05 7.994598854565992951e-05 5.523340310901403427e-03 7.629460014868527651e-05
1.950000000000000000e+03 9.574598516337573528e-05 7.942484808154404163e-05 9.574598516337573528e-05 7.942484808154404163e-05 5.505438428372144699e-03 7.580084638902917504e-05
1.960000000000000000e+03 9.494317055214196444e-05 7.890864071669057012e-05 9.494317055214196444e-05 7.890864071669057012e-05 5.487647373229265213e-03 7.531172013841569424e-05
1.970000000000000000e+03 9.415047679794952273e-05 7.839706813683733344e-05 9.415047679794952273e-05 7.839706813683733344e-05 5.469963420182466507e-03 7.482711953343823552e-05
1.980000000000000000e+03 9.336778748547658324e-05 7.789039955241605639e-05 9.336778748547658324e-05 7.789039955241605639e-05 5.452395416796207428e-03 7.434725557686761022e-05
1.990000000000000000e+03 9.259476064471527934e-05 7.738798012724146247e-05 9.259476064471527934e-05 7.738798012724146247e-05 5.434925667941570282e-03 7.387157529592514038e-05
2.000000000000000000e+03 9.183157089864835143e-05 7.689018821110948920e-05 9.183157089864835143e-05 7.689018821110948920e-05 5.417558364570140839e-03 7.340023148572072387e-05
2.010000000000000000e+03 9.107778168981894851e-05 7.639666728209704161e-05 9.107778168981894851e-05 7.639666728209704161e-05 5.400287918746471405e-03 7.293299131561070681e-05
2.020000000000000000e+03 9.033312380779534578e-05 7.590738823637366295e-05 9.033312380779534578e-05 7.590738823637366295e-05 5.383114330470561981e-03 7.246986206155270338e-05
2.030000000000000000e+03 8.959757542470470071e-05 7.542214007116854191e-05 8.959757542470470071e-05 7.542214007116854191e-05 5.366032477468252182e-03 7.201065454864874482e-05
2.040000000000000000e+03 8.887100557330995798e-05 7.494130113627761602e-05 8.887100557330995798e-05 7.494130113627761602e-05 5.349049810320138931e-03 7.155557250371202826e-05
2.050000000000000000e+03 8.815314504317939281e-05 7.446428207913413644e-05 8.815314504317939281e-05 7.446428207913413644e-05 5.332152359187602997e-03 7.110420119715854526e-05
2.060000000000000000e+03 8.744388469494879246e-05 7.399114838335663080e-05 8.744388469494879246e-05 7.399114838335663080e-05 5.315343383699655533e-03 7.065660611260682344e-05
2.070000000000000000e+03 8.674294076627120376e-05 7.352191460086032748e-05 8.674294076627120376e-05 7.352191460086032748e-05 5.298619158565998077e-03 7.021268538665026426e-05
2.080000000000000000e+03 8.605032780906185508e-05 7.305647159228101373e-05 8.605032780906185508e-05 7.305647159228101373e-05 5.281982943415641785e-03 6.977249722694978118e-05
2.090000000000000000e+03 8.536582026863470674e-05 7.259476114995777607e-05 8.536582026863470674e-05 7.259476114995777607e-05 5.265425425022840500e-03 6.933573604328557849e-05
2.100000000000000000e+03 8.468930900562554598e-05 7.213637582026422024e-05 8.468930900562554598e-05 7.213637582026422024e-05 5.248943809419870377e-03 6.890235090395435691e-05
2.110000000000000000e+03 8.402058301726356149e-05 7.168196316342800856e-05 8.402058301726356149e-05 7.168196316342800856e-05 5.232550669461488724e-03 6.847263284726068377e-05
2.120000000000000000e+03 8.335954044014215469e-05 7.123054820112884045e-05 8.335954044014215469e-05 7.123054820112884045e-05 5.216217134147882462e-03 6.804582517361268401e-05
2.130000000000000000e+03 8.270611579064279795e-05 7.078290946083143353e-05 8.270611579064279795e-05 7.078290946083143353e-05 5.199968349188566208e-03 6.762256089132279158e-05
2.140000000000000000e+03 8.206014172174036503e-05 7.033847941784188151e-05 8.206014172174036503e-05 7.033847941784188151e-05 5.183789879083633423e-03 6.720243254676461220e-05
2.150000000000000000e+03 8.142130536725744605e-05 6.989762187004089355e-05 8.142130536725744605e-05 6.989762187004089355e-05 5.167691037058830261e-03 6.678566569462418556e-05
2.160000000000000000e+03 8.078964310698211193e-05 6.945985660422593355e-05 8.078964310698211193e-05 6.945985660422593355e-05 5.151655524969100952e-03 6.637183105340227485e-05
2.170000000000000000e+03 8.016490755835548043e-05 6.902537279529497027e-05 8.016490755835548043e-05 6.902537279529497027e-05 5.135693121701478958e-03 6.596116872970014811e-05
2.180000000000000000e+03 7.954700413392856717e-05 6.859424320282414556e-05 7.954700413392856717e-05 6.859424320282414556e-05 5.119806155562400818e-03 6.555370782734826207e-05
2.190000000000000000e+03 7.893595466157421470e-05 6.816627865191549063e-05 7.893595466157421470e-05 6.816627865191549063e-05 5.103988572955131531e-03 6.514926644740626216e-05
2.200000000000000000e+03 7.833160634618252516e-05 6.774120265617966652e-05 7.833160634618252516e-05 6.774120265617966652e-05 5.088226869702339172e-03 6.474750989582389593e-05
2.210000000000000000e+03 7.773366814944893122e-05 6.731924077030271292e-05 7.773366814944893122e-05 6.731924077030271292e-05 5.072536412626504898e-03 6.434880924643948674e-05
2.220000000000000000e+03 7.714230014244094491e-05 6.690030568279325962e-05 7.714230014244094491e-05 6.690030568279325962e-05 5.056906491518020630e-03 6.395288073690608144e-05
2.230000000000000000e+03 7.655725494259968400e-05 6.648418639088049531e-05 7.655725494259968400e-05 6.648418639088049531e-05 5.041339434683322906e-03 6.355973164318129420e-05
2.240000000000000000e+03 7.597837975481525064e-05 6.607111572520807385e-05 7.597837975481525064e-05 6.607111572520807385e-05 5.025839433073997498e-03 6.316950020845979452e-05
2.250000000000000000e+03 7.540558726759627461e-05 6.566094816662371159e-05 7.540558726759627461e-05 6.566094816662371159e-05 5.010396242141723633e-03 6.278188084252178669e-05
2.260000000000000000e+03 7.483879016945138574e-05 6.525350181618705392e-05 7.483879016945138574e-05 6.525350181618705392e-05 4.995014052838087082e-03 6.239699723664671183e-05
2.270000000000000000e+03 7.427794480463489890e-05 6.484895857283845544e-05 7.427794480463489890e-05 6.484895857283845544e-05 4.979693330824375153e-03 6.201480573508888483e-05
2.280000000000000000e+03 7.372281834250316024e-05 6.444734754040837288e-05 7.372281834250316024e-05 6.444734754040837288e-05 4.964435007423162460e-03 6.163534271763637662e-05
2.290000000000000000e+03 7.317362906178459525e-05 6.404822488548234105e-05 7.317362906178459525e-05 6.404822488548234105e-05 4.949228838086128235e-03 6.125834624981507659e-05
2.300000000000000000e+03 7.262992585310712457e-05 6.365172885125502944e-05 7.262992585310712457e-05 6.365172885125502944e-05 4.934074357151985168e-03 6.088376903790049255e-05
2.310000000000000000e+03 7.209190516732633114e-05 6.325795402517542243e-05 7.209190516732633114e-05 6.325795402517542243e-05 4.918978083878755569e-03 6.051178934285417199e-05
2.320000000000000000e+03 7.155919593060389161e-05 6.286674761213362217e-05 7.155919593060389161e-05 6.286674761213362217e-05 4.903938155621290207e-03 6.014230893924832344e-05
2.330000000000000000e+03 7.103191455826163292e-05 6.247826240723952651e-05 7.103191455826163292e-05 6.247826240723952651e-05 4.888953641057014465e-03 5.977534237899817526e-05
2.340000000000000000e+03 7.050995918689295650e-05 6.209229468367993832e-05 7.050995918689295650e-05 6.209229468367993832e-05 4.874020814895629883e-03 5.941072959103621542e-05
2.350000000000000000e+03 6.999322795309126377e-05 6.170878623379394412e-05 6.999322795309126377e-05 6.170878623379394412e-05 4.859141539782285690e-03 5.904856152483262122e-05
2.360000000000000000e+03 6.948157533770427108e-05 6.132785347290337086e-05 6.948157533770427108e-05 6.132785347290337086e-05 4.844310693442821503e-03 5.868865991942584515e-05
2.370000000000000000e+03 6.897494313307106495e-05 6.094918717280961573e-05 6.897494313307106495e-05 6.094918717280961573e-05 4.829528741538524628e-03 5.833104296470992267e-05
2.380000000000000000e+03 6.847334589110687375e-05 6.057305290596559644e-05 6.847334589110687375e-05 6.057305290596559644e-05 4.814798012375831604e-03 5.797574340249411762e-05
2.390000000000000000e+03 6.797659443691372871e-05 6.019940337864682078e-05 6.797659443691372871e-05 6.019940337864682078e-05 4.800122231245040894e-03 5.762284854426980019e-05
2.400000000000000000e+03 6.748454325133934617e-05 5.982827860862016678e-05 6.748454325133934617e-05 5.982827860862016678e-05 4.785497207194566727e-03 5.727225652663037181e-05
2.410000000000000000e+03 6.699743971694260836e-05 5.945915472693741322e-05 6.699743971694260836e-05 5.945915472693741322e-05 4.770910833030939102e-03 5.692366903531365097e-05
2.420000000000000000e+03 6.651492731180042028e-05 5.909261381020769477e-05 6.651492731180042028e-05 5.909261381020769477e-05 4.756382200866937637e-03 5.657748261000961065e-05
2.430000000000000000e+03 6.603725341847166419e-05 5.872801921213977039e-05 6.603725341847166419e-05 5.872801921213977039e-05 4.741888493299484253e-03 5.623320248560048640e-05
2.440000000000000000e+03 6.556385778822004795e-05 5.836613127030432224e-05 6.556385778822004795e-05 5.836613127030432224e-05 4.727453459054231644e-03 5.589136344497092068e-05
2.450000000000000000e+03 6.509509694296866655e-05 5.800642247777432203e-05 6.509509694296866655e-05 5.800642247777432203e-05 4.713059403002262115e-03 5.555152893066406250e-05
2.460000000000000000e+03 6.463061436079442501e-05 5.764877278124913573e-05 6.463061436079442501e-05 5.764877278124913573e-05 4.698711447417736053e-03 5.521381535800173879e-05
2.470000000000000000e+03 6.417048280127346516e-05 5.729356053052470088e-05 6.417048280127346516e-05 5.729356053052470088e-05 4.684412851929664612e-03 5.487829548656009138e-05
2.480000000000000000e+03 6.371465860866010189e-05 5.694045466952957213e-05 6.371465860866010189e-05 5.694045466952957213e-05 4.670158959925174713e-03 5.454481652122922242e-05
2.490000000000000000e+03 6.326304719550535083e-05 5.658958252752199769e-05 6.326304719550535083e-05 5.658958252752199769e-05 4.655949305742979050e-03 5.421339301392436028e-05
2.500000000000000000e+03 6.281564856180921197e-05 5.624076948151923716e-05 6.281564856180921197e-05 5.624076948151923716e-05 4.641773644834756851e-03 5.388378122006542981e-05
