# step, loss_train, loss_test, metrics_test
0.000000000000000000e+00 2.215927505493164062e+01 3.692218065261840820e+00 2.158841705322265625e+01 3.692218065261840820e+00 9.416280388832092285e-01 3.641152858734130859e+00
1.000000000000000000e+01 5.780620574951171875e-01 4.386910438537597656e+00 5.130074620246887207e-01 4.386910438537597656e+00 1.027299404144287109e+00 4.333853244781494141e+00
2.000000000000000000e+01 2.313507497310638428e-01 3.830692529678344727e+00 3.094254434108734131e-01 3.830692529678344727e+00 9.602058529853820801e-01 3.786246299743652344e+00
3.000000000000000000e+01 9.015958756208419800e-02 3.594602108001708984e+00 1.936026364564895630e-01 3.594602108001708984e+00 9.302128553390502930e-01 3.553405523300170898e+00
4.000000000000000000e+01 1.090712845325469971e-01 3.268359899520874023e+00 4.418574571609497070e-01 3.268359899520874023e+00 8.860210180282592773e-01 3.223800659179687500e+00
5.000000000000000000e+01 9.334080666303634644e-02 2.992584466934204102e+00 4.954904019832611084e-01 2.992584466934204102e+00 8.478361368179321289e-01 2.951915979385375977e+00
6.000000000000000000e+01 9.251534193754196167e-02 2.715887308120727539e+00 6.399852037429809570e-01 2.715887308120727539e+00 8.076955676078796387e-01 2.679017305374145508e+00
7.000000000000000000e+01 9.373221546411514282e-02 2.424217462539672852e+00 9.433221220970153809e-01 2.424217462539672852e+00 7.627545595169067383e-01 2.389185190200805664e+00
8.000000000000000000e+01 7.861181348562240601e-02 2.131005764007568359e+00 1.268199801445007324e+00 2.131005764007568359e+00 7.148562669754028320e-01 2.098541975021362305e+00
9.000000000000000000e+01 7.585793733596801758e-02 1.800844192504882812e+00 2.018796205520629883e+00 1.800844192504882812e+00 6.567621827125549316e-01 1.771317601203918457e+00
1.000000000000000000e+02 6.650653481483459473e-02 1.458187818527221680e+00 3.248295068740844727e+00 1.458187818527221680e+00 5.904667377471923828e-01 1.431762456893920898e+00
1.100000000000000000e+02 6.866989284753799438e-02 1.105503201484680176e+00 5.562692165374755859e+00 1.105503201484680176e+00 5.135137438774108887e-01 1.082889795303344727e+00
1.200000000000000000e+02 6.899811327457427979e-02 7.781209945678710938e-01 9.233973503112792969e+00 7.781209945678710938e-01 4.303198754787445068e-01 7.604366540908813477e-01
1.300000000000000000e+02 5.857915803790092468e-02 5.122682452201843262e-01 1.406679248809814453e+01 5.122682452201843262e-01 3.490759730339050293e-01 5.004031658172607422e-01
1.400000000000000000e+02 4.710450768470764160e-02 3.336367309093475342e-01 1.945643424987792969e+01 3.336367309093475342e-01 2.825145721435546875e-01 3.277644813060760498e-01
1.500000000000000000e+02 3.771623969078063965e-02 2.465177923440933228e-01 2.402430343627929688e+01 2.465177923440933228e-01 2.446420341730117798e-01 2.457775920629501343e-01
1.600000000000000000e+02 2.978757023811340332e-02 2.184611856937408447e-01 2.599613952636718750e+01 2.184611856937408447e-01 2.320075929164886475e-01 2.210469394922256470e-01
1.700000000000000000e+02 2.358653396368026733e-02 2.093793451786041260e-01 2.509956169128417969e+01 2.093793451786041260e-01 2.278845310211181641e-01 2.132602483034133911e-01
1.800000000000000000e+02 1.924777403473854065e-02 2.028298377990722656e-01 2.285326194763183594e+01 2.028298377990722656e-01 2.243665009737014771e-01 2.067265063524246216e-01
1.900000000000000000e+02 1.627269946038722992e-02 1.975098550319671631e-01 2.070630645751953125e+01 1.975098550319671631e-01 2.212755382061004639e-01 2.010698765516281128e-01
2.000000000000000000e+02 1.419760473072528839e-02 1.932020336389541626e-01 1.914871788024902344e+01 1.932020336389541626e-01 2.187803387641906738e-01 1.965607106685638428e-01
2.100000000000000000e+02 1.279869489371776581e-02 1.892156153917312622e-01 1.806355285644531250e+01 1.892156153917312622e-01 2.165482193231582642e-01 1.925703287124633789e-01
2.200000000000000000e+02 1.186864357441663742e-02 1.853657960891723633e-01 1.721577262878417969e+01 1.853657960891723633e-01 2.144227474927902222e-01 1.888086795806884766e-01
2.300000000000000000e+02 1.121809147298336029e-02 1.816964745521545410e-01 1.646302223205566406e+01 1.816964745521545410e-01 2.123789489269256592e-01 1.852265149354934692e-01
2.400000000000000000e+02 1.070132944732904434e-02 1.782645434141159058e-01 1.576284503936767578e+01 1.782645434141159058e-01 2.104324698448181152e-01 1.818468123674392700e-01
2.500000000000000000e+02 1.025244407355785370e-02 1.750565469264984131e-01 1.511695861816406250e+01 1.750565469264984131e-01 2.085824757814407349e-01 1.786634773015975952e-01
2.600000000000000000e+02 9.856142103672027588e-03 1.720354110002517700e-01 1.453203868865966797e+01 1.720354110002517700e-01 2.068186551332473755e-01 1.756546497344970703e-01
2.700000000000000000e+02 9.519212879240512848e-03 1.691478341817855835e-01 1.400478839874267578e+01 1.691478341817855835e-01 2.051177173852920532e-01 1.727772504091262817e-01
2.800000000000000000e+02 9.244281798601150513e-03 1.663680523633956909e-01 1.352811431884765625e+01 1.663680523633956909e-01 2.034675329923629761e-01 1.700084209442138672e-01
2.900000000000000000e+02 9.023407474160194397e-03 1.636742651462554932e-01 1.309640312194824219e+01 1.636742651462554932e-01 2.018561810255050659e-01 1.673263162374496460e-01
3.000000000000000000e+02 8.837971836328506470e-03 1.610582023859024048e-01 1.270463085174560547e+01 1.610582023859024048e-01 2.002786993980407715e-01 1.647212654352188110e-01
3.100000000000000000e+02 8.683416061103343964e-03 1.585069000720977783e-01 1.234813594818115234e+01 1.585069000720977783e-01 1.987274289131164551e-01 1.621794253587722778e-01
3.200000000000000000e+02 8.552564308047294617e-03 1.560053825378417969e-01 1.202427768707275391e+01 1.560053825378417969e-01 1.971936076879501343e-01 1.596856415271759033e-01
3.300000000000000000e+02 8.448394946753978729e-03 1.535297930240631104e-01 1.172878170013427734e+01 1.535297930240631104e-01 1.956625431776046753e-01 1.572155803442001343e-01
3.400000000000000000e+02 8.364713750779628754e-03 1.510703116655349731e-01 1.146183776855468750e+01 1.510703116655349731e-01 1.941288411617279053e-01 1.547605693340301514e-01
3.500000000000000000e+02 8.303073234856128693e-03 1.486054509878158569e-01 1.121943283081054688e+01 1.486054509878158569e-01 1.925785094499588013e-01 1.522985547780990601e-01
3.600000000000000000e+02 8.262022398412227631e-03 1.461167037487030029e-01 1.100159740447998047e+01 1.461167037487030029e-01 1.909994482994079590e-01 1.498112231492996216e-01
3.700000000000000000e+02 8.238506503403186798e-03 1.435802727937698364e-01 1.080530452728271484e+01 1.435802727937698364e-01 1.893743723630905151e-01 1.472728401422500610e-01
3.800000000000000000e+02 8.232122287154197693e-03 1.409839540719985962e-01 1.063018226623535156e+01 1.409839540719985962e-01 1.876952648162841797e-01 1.446727663278579712e-01
3.900000000000000000e+02 8.251961320638656616e-03 1.382809281349182129e-01 1.047477245330810547e+01 1.382809281349182129e-01 1.859284788370132446e-01 1.419619619846343994e-01
4.000000000000000000e+02 8.293316699564456940e-03 1.354522109031677246e-01 1.033838653564453125e+01 1.354522109031677246e-01 1.840588450431823730e-01 1.391212791204452515e-01
4.100000000000000000e+02 8.366343565285205841e-03 1.324432492256164551e-01 1.021863746643066406e+01 1.324432492256164551e-01 1.820451617240905762e-01 1.360938102006912231e-01
4.200000000000000000e+02 8.474034257233142853e-03 1.292134523391723633e-01 1.011641883850097656e+01 1.292134523391723633e-01 1.798545271158218384e-01 1.328381597995758057e-01
4.300000000000000000e+02 8.623676374554634094e-03 1.257020980119705200e-01 1.002930068969726562e+01 1.257020980119705200e-01 1.774376928806304932e-01 1.292921006679534912e-01
4.400000000000000000e+02 8.842661045491695404e-03 1.218157112598419189e-01 9.954643249511718750e+00 1.218157112598419189e-01 1.747173815965652466e-01 1.253580749034881592e-01
4.500000000000000000e+02 9.139885194599628448e-03 1.174805909395217896e-01 9.893793106079101562e+00 1.174805909395217896e-01 1.716261357069015503e-01 1.209614798426628113e-01
4.600000000000000000e+02 9.543742984533309937e-03 1.125941053032875061e-01 9.844390869140625000e+00 1.125941053032875061e-01 1.680675894021987915e-01 1.159973815083503723e-01
4.700000000000000000e+02 1.009658910334110260e-02 1.070415824651718140e-01 9.812065124511718750e+00 1.070415824651718140e-01 1.639252156019210815e-01 1.103498339653015137e-01
4.800000000000000000e+02 1.078596338629722595e-02 1.007983013987541199e-01 9.809590339660644531e+00 1.007983013987541199e-01 1.591369062662124634e-01 1.039972975850105286e-01
4.900000000000000000e+02 1.152907684445381165e-02 9.390495717525482178e-02 9.856539726257324219e+00 9.390495717525482178e-02 1.536791324615478516e-01 9.698621183633804321e-02
5.000000000000000000e+02 1.213419344276189804e-02 8.653677999973297119e-02 9.969302177429199219e+00 8.653677999973297119e-02 1.476214975118637085e-01 8.949100971221923828e-02
5.100000000000000000e+02 1.242265384644269943e-02 7.887262850999832153e-02 1.015859317779541016e+01 7.887262850999832153e-02 1.410271823406219482e-01 8.167438209056854248e-02
5.200000000000000000e+02 1.233213301748037338e-02 7.106291502714157104e-02 1.043885040283203125e+01 7.106291502714157104e-02 1.339344680309295654e-01 7.366562634706497192e-02
5.300000000000000000e+02 1.198648568242788315e-02 6.322646886110305786e-02 1.083657741546630859e+01 6.322646886110305786e-02 1.263593882322311401e-01 6.556849181652069092e-02
5.400000000000000000e+02 1.162981707602739334e-02 5.561131983995437622e-02 1.139384937286376953e+01 5.561131983995437622e-02 1.184924691915512085e-01 5.765827745199203491e-02
5.500000000000000000e+02 1.148447953164577484e-02 4.857606068253517151e-02 1.212716484069824219e+01 4.857606068253517151e-02 1.107284426689147949e-01 5.034989491105079651e-02
5.600000000000000000e+02 1.156406663358211517e-02 4.252929240465164185e-02 1.298863697052001953e+01 4.252929240465164185e-02 1.036445945501327515e-01 4.411369562149047852e-02
5.700000000000000000e+02 2.017745189368724823e-02 3.746469318866729736e-02 1.406812667846679688e+01 3.746469318866729736e-02 9.737561643123626709e-02 3.893861919641494751e-02
5.800000000000000000e+02 1.378174126148223877e-02 3.462231531739234924e-02 1.446093463897705078e+01 3.462231531739234924e-02 9.375599026679992676e-02 3.609758615493774414e-02
5.900000000000000000e+02 1.063347049057483673e-02 3.219673782587051392e-02 1.462684535980224609e+01 3.219673782587051392e-02 9.041551500558853149e-02 3.357114642858505249e-02
6.000000000000000000e+02 1.044226158410310745e-02 3.012102842330932617e-02 1.487365818023681641e+01 3.012102842330932617e-02 8.751314133405685425e-02 3.145044296979904175e-02
6.100000000000000000e+02 9.781882166862487793e-03 2.825659327208995819e-02 1.511511039733886719e+01 2.825659327208995819e-02 8.475919812917709351e-02 2.950216829776763916e-02
6.200000000000000000e+02 9.173261001706123352e-03 2.669310197234153748e-02 1.529959011077880859e+01 2.669310197234153748e-02 8.236327022314071655e-02 2.785783261060714722e-02
6.300000000000000000e+02 8.698239922523498535e-03 2.537833154201507568e-02 1.541577911376953125e+01 2.537833154201507568e-02 8.027615398168563843e-02 2.646386623382568359e-02
6.400000000000000000e+02 8.184186182916164398e-03 2.428917586803436279e-02 1.541735839843750000e+01 2.428917586803436279e-02 7.847880572080612183e-02 2.529210411012172699e-02
6.500000000000000000e+02 7.716263178735971451e-03 2.334049157798290253e-02 1.540549373626708984e+01 2.334049157798290253e-02 7.687244564294815063e-02 2.426730282604694366e-02
6.600000000000000000e+02 7.332296576350927353e-03 2.252278849482536316e-02 1.534363651275634766e+01 2.252278849482536316e-02 7.544916123151779175e-02 2.337701246142387390e-02
6.700000000000000000e+02 9.379141032695770264e-03 2.179199270904064178e-02 1.532632160186767578e+01 2.179199270904064178e-02 7.416241616010665894e-02 2.258644811809062958e-02
6.800000000000000000e+02 7.839854806661605835e-03 2.141330018639564514e-02 1.486453342437744141e+01 2.141330018639564514e-02 7.347979396581649780e-02 2.217256836593151093e-02
6.900000000000000000e+02 6.110201589763164520e-03 2.081311494112014771e-02 1.471282196044921875e+01 2.081311494112014771e-02 7.233683019876480103e-02 2.148815244436264038e-02
7.000000000000000000e+02 5.829027388244867325e-03 2.032774500548839569e-02 1.454944610595703125e+01 2.032774500548839569e-02 7.146585732698440552e-02 2.097381278872489929e-02
7.100000000000000000e+02 5.578929558396339417e-03 1.987372525036334991e-02 1.433615970611572266e+01 1.987372525036334991e-02 7.062486559152603149e-02 2.048309333622455597e-02
7.200000000000000000e+02 5.278459284454584122e-03 1.948899962007999420e-02 1.408462619781494141e+01 1.948899962007999420e-02 6.990585476160049438e-02 2.006814442574977875e-02
7.300000000000000000e+02 5.049499217420816422e-03 1.915360428392887115e-02 1.381984043121337891e+01 1.915360428392887115e-02 6.927767395973205566e-02 1.970909722149372101e-02
7.400000000000000000e+02 4.838109016418457031e-03 1.884903013706207275e-02 1.354367733001708984e+01 1.884903013706207275e-02 6.870052218437194824e-02 1.938207261264324188e-02
7.500000000000000000e+02 4.629641771316528320e-03 1.858335174620151520e-02 1.324804115295410156e+01 1.858335174620151520e-02 6.819255650043487549e-02 1.909651607275009155e-02
7.600000000000000000e+02 4.444998688995838165e-03 1.833592727780342102e-02 1.296078872680664062e+01 1.833592727780342102e-02 6.771911680698394775e-02 1.883227378129959106e-02
7.700000000000000000e+02 4.272478166967630386e-03 1.811042800545692444e-02 1.266922378540039062e+01 1.811042800545692444e-02 6.728889793157577515e-02 1.859374903142452240e-02
7.800000000000000000e+02 4.112180322408676147e-03 1.790225878357887268e-02 1.237873268127441406e+01 1.790225878357887268e-02 6.689126044511795044e-02 1.837464235723018646e-02
7.900000000000000000e+02 3.963653463870286942e-03 1.770880818367004395e-02 1.209683227539062500e+01 1.770880818367004395e-02 6.652222573757171631e-02 1.817246153950691223e-02
8.000000000000000000e+02 3.828050103038549423e-03 1.752274855971336365e-02 1.181453037261962891e+01 1.752274855971336365e-02 6.616432219743728638e-02 1.797744259238243103e-02
8.100000000000000000e+02 3.698652843013405800e-03 1.735326088964939117e-02 1.154141712188720703e+01 1.735326088964939117e-02 6.584232300519943237e-02 1.780288666486740112e-02
8.200000000000000000e+02 3.579847281798720360e-03 1.718991994857788086e-02 1.127481365203857422e+01 1.718991994857788086e-02 6.553017348051071167e-02 1.763448491692543030e-02
8.300000000000000000e+02 3.469860646873712540e-03 1.703332178294658661e-02 1.101625347137451172e+01 1.703332178294658661e-02 6.522960215806961060e-02 1.747308485209941864e-02
8.400000000000000000e+02 3.366601420566439629e-03 1.688528433442115784e-02 1.076363372802734375e+01 1.688528433442115784e-02 6.494545191526412964e-02 1.732118614017963409e-02
8.500000000000000000e+02 3.268444212153553963e-03 1.674423180520534515e-02 1.052233314514160156e+01 1.674423180520534515e-02 6.467400491237640381e-02 1.717669516801834106e-02
8.600000000000000000e+02 3.177571343258023262e-03 1.660833507776260376e-02 1.028953266143798828e+01 1.660833507776260376e-02 6.441532075405120850e-02 1.703956723213195801e-02
8.700000000000000000e+02 3.091399092227220535e-03 1.647734828293323517e-02 1.006483364105224609e+01 1.647734828293323517e-02 6.416175514459609985e-02 1.690567843616008759e-02
8.800000000000000000e+02 3.013066248968243599e-03 1.634944416582584381e-02 9.850812911987304688e+00 1.634944416582584381e-02 6.391490250825881958e-02 1.677584275603294373e-02
8.900000000000000000e+02 2.936199074611067772e-03 1.622776128351688385e-02 9.642577171325683594e+00 1.622776128351688385e-02 6.367797404527664185e-02 1.665169931948184967e-02
9.000000000000000000e+02 2.865881426259875298e-03 1.611023396253585815e-02 9.441655158996582031e+00 1.611023396253585815e-02 6.345171481370925903e-02 1.653358153998851776e-02
9.100000000000000000e+02 2.814655192196369171e-03 1.599594764411449432e-02 9.247630119323730469e+00 1.599594764411449432e-02 6.323073059320449829e-02 1.641861721873283386e-02
9.200000000000000000e+02 3.216738812625408173e-03 1.589317433536052704e-02 9.036979675292968750e+00 1.589317433536052704e-02 6.302866339683532715e-02 1.631384342908859253e-02
9.300000000000000000e+02 2.999437740072607994e-03 1.581540517508983612e-02 8.842420578002929688e+00 1.581540517508983612e-02 6.289658695459365845e-02 1.624554768204689026e-02
9.400000000000000000e+02 2.608283655717968941e-03 1.569348014891147614e-02 8.679574012756347656e+00 1.569348014891147614e-02 6.262608617544174194e-02 1.610611192882061005e-02
9.500000000000000000e+02 2.661443315446376801e-03 1.557992212474346161e-02 8.564726829528808594e+00 1.557992212474346161e-02 6.241435557603836060e-02 1.599739305675029755e-02
9.600000000000000000e+02 2.544451039284467697e-03 1.547165960073471069e-02 8.405152320861816406e+00 1.547165960073471069e-02 6.219869107007980347e-02 1.588702760636806488e-02
9.700000000000000000e+02 2.471832791343331337e-03 1.536524295806884766e-02 8.281393051147460938e+00 1.536524295806884766e-02 6.200035288929939270e-02 1.578586734831333160e-02
9.800000000000000000e+02 2.419591648504137993e-03 1.526919286698102951e-02 8.137856483459472656e+00 1.526919286698102951e-02 6.180915236473083496e-02 1.568865776062011719e-02
9.900000000000000000e+02 2.375044859945774078e-03 1.517496071755886078e-02 8.008288383483886719e+00 1.517496071755886078e-02 6.162327155470848083e-02 1.559443492442369461e-02
1.000000000000000000e+03 2.330536954104900360e-03 1.508391182869672775e-02 7.876979827880859375e+00 1.508391182869672775e-02 6.144063547253608704e-02 1.550213806331157684e-02
1.010000000000000000e+03 2.289416268467903137e-03 1.499468367546796799e-02 7.756933689117431641e+00 1.499468367546796799e-02 6.126485764980316162e-02 1.541356183588504791e-02
1.020000000000000000e+03 2.251621568575501442e-03 1.490331161767244339e-02 7.642193794250488281e+00 1.490331161767244339e-02 6.108415126800537109e-02 1.532276906073093414e-02
1.030000000000000000e+03 2.223151735961437225e-03 1.481384225189685822e-02 7.532787799835205078e+00 1.481384225189685822e-02 6.090461835265159607e-02 1.523282937705516815e-02
1.040000000000000000e+03 2.357452176511287689e-03 1.472480874508619308e-02 7.438634872436523438e+00 1.472480874508619308e-02 6.073025614023208618e-02 1.514573581516742706e-02
1.050000000000000000e+03 4.375003278255462646e-03 1.464938651770353317e-02 7.366116046905517578e+00 1.464938651770353317e-02 6.060300394892692566e-02 1.508233137428760529e-02
1.060000000000000000e+03 2.271078294143080711e-03 1.459665410220623016e-02 7.161116123199462891e+00 1.459665410220623016e-02 6.044552847743034363e-02 1.500405091792345047e-02
1.070000000000000000e+03 2.208202611654996872e-03 1.451288443058729172e-02 7.080739498138427734e+00 1.451288443058729172e-02 6.028352305293083191e-02 1.492373179644346237e-02
1.080000000000000000e+03 2.113834023475646973e-03 1.440238207578659058e-02 7.042673110961914062e+00 1.440238207578659058e-02 6.006550043821334839e-02 1.481597870588302612e-02
1.090000000000000000e+03 2.027677372097969055e-03 1.431932207196950912e-02 6.954257011413574219e+00 1.431932207196950912e-02 5.990516766905784607e-02 1.473698765039443970e-02
1.100000000000000000e+03 2.003705129027366638e-03 1.423867698758840561e-02 6.868858814239501953e+00 1.423867698758840561e-02 5.974419414997100830e-02 1.465789414942264557e-02
1.110000000000000000e+03 1.976120751351118088e-03 1.416120491921901703e-02 6.789857387542724609e+00 1.416120491921901703e-02 5.958391353487968445e-02 1.457935106009244919e-02
1.120000000000000000e+03 1.949442550539970398e-03 1.408560760319232941e-02 6.710331916809082031e+00 1.408560760319232941e-02 5.942785739898681641e-02 1.450308319181203842e-02
1.130000000000000000e+03 1.927121309563517570e-03 1.400940585881471634e-02 6.634145259857177734e+00 1.400940585881471634e-02 5.927111580967903137e-02 1.442668214440345764e-02
1.140000000000000000e+03 1.903411932289600372e-03 1.393336709588766098e-02 6.563137054443359375e+00 1.393336709588766098e-02 5.911361426115036011e-02 1.435010787099599838e-02
1.150000000000000000e+03 1.881264150142669678e-03 1.385848876088857651e-02 6.494144439697265625e+00 1.385848876088857651e-02 5.896016582846641541e-02 1.427570544183254242e-02
1.160000000000000000e+03 1.891576568596065044e-03 1.378620509058237076e-02 6.422268390655517578e+00 1.378620509058237076e-02 5.880868434906005859e-02 1.420244481414556503e-02
1.170000000000000000e+03 4.536394029855728149e-03 1.373988017439842224e-02 6.307589054107666016e+00 1.373988017439842224e-02 5.870797112584114075e-02 1.415384002029895782e-02
1.180000000000000000e+03 3.114644903689622879e-03 1.367894280701875687e-02 6.286415100097656250e+00 1.367894280701875687e-02 5.860028043389320374e-02 1.410196349024772644e-02
1.190000000000000000e+03 2.181538613513112068e-03 1.359876524657011032e-02 6.214640140533447266e+00 1.359876524657011032e-02 5.839431658387184143e-02 1.400300860404968262e-02
1.200000000000000000e+03 1.800125581212341785e-03 1.351373549550771713e-02 6.183889389038085938e+00 1.351373549550771713e-02 5.822694301605224609e-02 1.392284967005252838e-02
1.210000000000000000e+03 1.800050260499119759e-03 1.342581771314144135e-02 6.136257171630859375e+00 1.342581771314144135e-02 5.805102735757827759e-02 1.383884996175765991e-02
1.220000000000000000e+03 1.759622129611670971e-03 1.335563696920871735e-02 6.079286098480224609e+00 1.335563696920871735e-02 5.791277810931205750e-02 1.377301476895809174e-02
1.230000000000000000e+03 1.740361098200082779e-03 1.328465715050697327e-02 6.029762268066406250e+00 1.328465715050697327e-02 5.775894597172737122e-02 1.369994133710861206e-02
1.240000000000000000e+03 1.711579388938844204e-03 1.321895048022270203e-02 5.971745491027832031e+00 1.321895048022270203e-02 5.761973187327384949e-02 1.363397762179374695e-02
1.250000000000000000e+03 1.695229089818894863e-03 1.314920838922262192e-02 5.922806739807128906e+00 1.314920838922262192e-02 5.747066065669059753e-02 1.356352400034666061e-02
1.260000000000000000e+03 1.680663553997874260e-03 1.307972613722085953e-02 5.875605583190917969e+00 1.307972613722085953e-02 5.732259154319763184e-02 1.349372323602437973e-02
1.270000000000000000e+03 1.665205927565693855e-03 1.301113422960042953e-02 5.830900669097900391e+00 1.301113422960042953e-02 5.717771127820014954e-02 1.342560071498155594e-02
1.280000000000000000e+03 1.651239697821438313e-03 1.294161658734083176e-02 5.785284996032714844e+00 1.294161658734083176e-02 5.702808871865272522e-02 1.335542835295200348e-02
1.290000000000000000e+03 1.638718764297664165e-03 1.287334505468606949e-02 5.740770816802978516e+00 1.287334505468606949e-02 5.688101798295974731e-02 1.328663248568773270e-02
1.300000000000000000e+03 1.692153862677514553e-03 1.280928961932659149e-02 5.691029071807861328e+00 1.280928961932659149e-02 5.674246326088905334e-02 1.322198007255792618e-02
1.310000000000000000e+03 4.768024198710918427e-03 1.277528703212738037e-02 5.600805759429931641e+00 1.277528703212738037e-02 5.666479468345642090e-02 1.318581122905015945e-02
1.320000000000000000e+03 2.320151077583432198e-03 1.270102523267269135e-02 5.590490818023681641e+00 1.270102523267269135e-02 5.649822205305099487e-02 1.310840062797069550e-02
1.330000000000000000e+03 1.841920544393360615e-03 1.263661216944456100e-02 5.558443546295166016e+00 1.263661216944456100e-02 5.635441467165946960e-02 1.304175425320863724e-02
1.340000000000000000e+03 1.582953264005482197e-03 1.254529133439064026e-02 5.542512893676757812e+00 1.254529133439064026e-02 5.615373700857162476e-02 1.294903922826051712e-02
1.350000000000000000e+03 1.599255134351551533e-03 1.247548311948776245e-02 5.508818626403808594e+00 1.247548311948776245e-02 5.601979792118072510e-02 1.288733724504709244e-02
1.360000000000000000e+03 1.579052535817027092e-03 1.240154448896646500e-02 5.472811698913574219e+00 1.240154448896646500e-02 5.585836991667747498e-02 1.281317230314016342e-02
1.370000000000000000e+03 1.543445279821753502e-03 1.234133727848529816e-02 5.427130222320556641e+00 1.234133727848529816e-02 5.572400987148284912e-02 1.275160443037748337e-02
1.380000000000000000e+03 1.530185574665665627e-03 1.227371208369731903e-02 5.393221855163574219e+00 1.227371208369731903e-02 5.557471513748168945e-02 1.268336921930313110e-02
1.390000000000000000e+03 1.515738549642264843e-03 1.220762729644775391e-02 5.356882095336914062e+00 1.220762729644775391e-02 5.542871356010437012e-02 1.261681597679853439e-02
1.400000000000000000e+03 1.503587234765291214e-03 1.214254368096590042e-02 5.323005199432373047e+00 1.214254368096590042e-02 5.528694763779640198e-02 1.255236007273197174e-02
1.410000000000000000e+03 1.493074465543031693e-03 1.207517273724079132e-02 5.291247367858886719e+00 1.207517273724079132e-02 5.513624846935272217e-02 1.248402148485183716e-02
1.420000000000000000e+03 1.509262248873710632e-03 1.201092544943094254e-02 5.254982948303222656e+00 1.201092544943094254e-02 5.499466508626937866e-02 1.241999119520187378e-02
1.430000000000000000e+03 4.502011463046073914e-03 1.197309792041778564e-02 5.181339263916015625e+00 1.197309792041778564e-02 5.489822477102279663e-02 1.237646955996751785e-02
1.440000000000000000e+03 2.713668392971158028e-03 1.193227060139179230e-02 5.154441833496093750e+00 1.193227060139179230e-02 5.482203140854835510e-02 1.234213821589946747e-02
1.450000000000000000e+03 1.990505261346697807e-03 1.185384485870599747e-02 5.139132022857666016e+00 1.185384485870599747e-02 5.461390689015388489e-02 1.224860642105340958e-02
1.460000000000000000e+03 1.658302498981356621e-03 1.174984592944383621e-02 5.155723571777343750e+00 1.174984592944383621e-02 5.439151823520660400e-02 1.214905548840761185e-02
1.470000000000000000e+03 1.442788168787956238e-03 1.168250385671854019e-02 5.124883651733398438e+00 1.168250385671854019e-02 5.426418408751487732e-02 1.209224108606576920e-02
1.480000000000000000e+03 1.454279408790171146e-03 1.161858066916465759e-02 5.074398994445800781e+00 1.161858066916465759e-02 5.411231517791748047e-02 1.202464941889047623e-02
1.490000000000000000e+03 1.409353804774582386e-03 1.155731827020645142e-02 5.045057773590087891e+00 1.155731827020645142e-02 5.397555977106094360e-02 1.196394674479961395e-02
1.500000000000000000e+03 1.406031311489641666e-03 1.148709002882242203e-02 5.014657020568847656e+00 1.148709002882242203e-02 5.381185933947563171e-02 1.189148891717195511e-02
1.510000000000000000e+03 1.393222832120954990e-03 1.142316777259111404e-02 4.984740257263183594e+00 1.142316777259111404e-02 5.367032438516616821e-02 1.182901673018932343e-02
1.520000000000000000e+03 1.385208335705101490e-03 1.135341729968786240e-02 4.959990978240966797e+00 1.135341729968786240e-02 5.351123958826065063e-02 1.175899524241685867e-02
1.530000000000000000e+03 1.374966464936733246e-03 1.128660514950752258e-02 4.932868480682373047e+00 1.128660514950752258e-02 5.335925146937370300e-02 1.169229205697774887e-02
1.540000000000000000e+03 1.367895398288965225e-03 1.121871825307607651e-02 4.904132366180419922e+00 1.121871825307607651e-02 5.320159345865249634e-02 1.162330061197280884e-02
1.550000000000000000e+03 1.364549738354980946e-03 1.115159876644611359e-02 4.875996112823486328e+00 1.115159876644611359e-02 5.304734781384468079e-02 1.155600044876337051e-02
1.560000000000000000e+03 1.791338785551488400e-03 1.109207794070243835e-02 4.835926055908203125e+00 1.109207794070243835e-02 5.290370434522628784e-02 1.149349939078092575e-02
1.570000000000000000e+03 1.693656668066978455e-03 1.111171580851078033e-02 4.756498813629150391e+00 1.111171580851078033e-02 5.299056321382522583e-02 1.153127290308475494e-02
1.580000000000000000e+03 2.094857860356569290e-03 1.101607829332351685e-02 4.715123653411865234e+00 1.101607829332351685e-02 5.266274139285087585e-02 1.138903945684432983e-02
1.590000000000000000e+03 1.560233766213059425e-03 1.091745309531688690e-02 4.763580322265625000e+00 1.091745309531688690e-02 5.247930064797401428e-02 1.130983419716358185e-02
1.600000000000000000e+03 1.332334824837744236e-03 1.081668213009834290e-02 4.765010833740234375e+00 1.081668213009834290e-02 5.227177217602729797e-02 1.122056227177381516e-02
1.610000000000000000e+03 1.340430346317589283e-03 1.074997708201408386e-02 4.725355625152587891e+00 1.074997708201408386e-02 5.211804807186126709e-02 1.115466374903917313e-02
1.620000000000000000e+03 1.309382962062954903e-03 1.068996451795101166e-02 4.683521270751953125e+00 1.068996451795101166e-02 5.197223275899887085e-02 1.109233405441045761e-02
1.630000000000000000e+03 1.294811489060521126e-03 1.061613857746124268e-02 4.662660598754882812e+00 1.061613857746124268e-02 5.179613456130027771e-02 1.101729366928339005e-02
1.640000000000000000e+03 1.278030802495777607e-03 1.054965145885944366e-02 4.635073661804199219e+00 1.054965145885944366e-02 5.164125934243202209e-02 1.095150597393512726e-02
1.650000000000000000e+03 1.269094296731054783e-03 1.047861855477094650e-02 4.610774993896484375e+00 1.047861855477094650e-02 5.147266015410423279e-02 1.088011264801025391e-02
1.660000000000000000e+03 1.265283441171050072e-03 1.040700729936361313e-02 4.587110042572021484e+00 1.040700729936361313e-02 5.130568519234657288e-02 1.080963667482137680e-02
1.670000000000000000e+03 1.340328948572278023e-03 1.033411920070648193e-02 4.566707611083984375e+00 1.033411920070648193e-02 5.113452672958374023e-02 1.073763333261013031e-02
1.680000000000000000e+03 4.446459002792835236e-03 1.027731969952583313e-02 4.554664611816406250e+00 1.027731969952583313e-02 5.103967338800430298e-02 1.069783512502908707e-02
1.690000000000000000e+03 1.630971557460725307e-03 1.025780383497476578e-02 4.434727191925048828e+00 1.025780383497476578e-02 5.089011043310165405e-02 1.063523348420858383e-02
1.700000000000000000e+03 1.602189382538199425e-03 1.018267124891281128e-02 4.451630115509033203e+00 1.018267124891281128e-02 5.074216052889823914e-02 1.057348214089870453e-02
1.710000000000000000e+03 1.246627070941030979e-03 1.005214080214500427e-02 4.483335494995117188e+00 1.005214080214500427e-02 5.044158548116683960e-02 1.044858805835247040e-02
1.720000000000000000e+03 1.231167931109666824e-03 9.993933141231536865e-03 4.440153121948242188e+00 9.993933141231536865e-03 5.031900480389595032e-02 1.039786636829376221e-02
1.730000000000000000e+03 1.215120195411145687e-03 9.924414567649364471e-03 4.398568153381347656e+00 9.924414567649364471e-03 5.013962462544441223e-02 1.032386440783739090e-02
1.740000000000000000e+03 1.194389071315526962e-03 9.850084781646728516e-03 4.377112865447998047e+00 9.850084781646728516e-03 4.995898902416229248e-02 1.024961378425359726e-02
1.750000000000000000e+03 1.182304462417960167e-03 9.777640923857688904e-03 4.352067947387695312e+00 9.777640923857688904e-03 4.978447407484054565e-02 1.017813012003898621e-02
1.760000000000000000e+03 1.172418356873095036e-03 9.703909046947956085e-03 4.325734615325927734e+00 9.703909046947956085e-03 4.960200190544128418e-02 1.010365411639213562e-02
1.770000000000000000e+03 1.191387418657541275e-03 9.630078449845314026e-03 4.300542354583740234e+00 9.630078449845314026e-03 4.941961541771888733e-02 1.002949010580778122e-02
1.780000000000000000e+03 3.257171018049120903e-03 9.580200538039207458e-03 4.247072219848632812e+00 9.580200538039207458e-03 4.928302392363548279e-02 9.974125772714614868e-03
1.790000000000000000e+03 2.706627827137708664e-03 9.542959742248058319e-03 4.194894790649414062e+00 9.542959742248058319e-03 4.920391738414764404e-02 9.942132979631423950e-03
1.800000000000000000e+03 1.484440057538449764e-03 9.460061788558959961e-03 4.206486225128173828e+00 9.460061788558959961e-03 4.898231849074363708e-02 9.852780029177665710e-03
1.810000000000000000e+03 1.145534566603600979e-03 9.336669929325580597e-03 4.223573207855224609e+00 9.336669929325580597e-03 4.867109283804893494e-02 9.727973490953445435e-03
1.820000000000000000e+03 1.198709476739168167e-03 9.276322089135646820e-03 4.178050518035888672e+00 9.276322089135646820e-03 4.854166507720947266e-02 9.676303714513778687e-03
1.830000000000000000e+03 1.133023179136216640e-03 9.198942221701145172e-03 4.139986038208007812e+00 9.198942221701145172e-03 4.834979772567749023e-02 9.599961340427398682e-03
1.840000000000000000e+03 1.098950742743909359e-03 9.121597744524478912e-03 4.113540649414062500e+00 9.121597744524478912e-03 4.814442992210388184e-02 9.518583305180072784e-03
1.850000000000000000e+03 1.092453254386782646e-03 9.042846038937568665e-03 4.092648506164550781e+00 9.042846038937568665e-03 4.794984310865402222e-02 9.441795758903026581e-03
1.860000000000000000e+03 1.076596905477344990e-03 8.964973501861095428e-03 4.066120624542236328e+00 8.964973501861095428e-03 4.774944856762886047e-02 9.363042190670967102e-03
1.870000000000000000e+03 1.067256554961204529e-03 8.887263946235179901e-03 4.041694164276123047e+00 8.887263946235179901e-03 4.755330085754394531e-02 9.286275133490562439e-03
1.880000000000000000e+03 1.113866921514272690e-03 8.808807469904422760e-03 4.015318870544433594e+00 8.808807469904422760e-03 4.734987393021583557e-02 9.206993505358695984e-03
1.890000000000000000e+03 5.637868773192167282e-03 8.782572112977504730e-03 3.939818859100341797e+00 8.782572112977504730e-03 4.726978018879890442e-02 9.175872430205345154e-03
1.900000000000000000e+03 1.057128654792904854e-03 8.723762817680835724e-03 3.885336399078369141e+00 8.723762817680835724e-03 4.706709086894989014e-02 9.097350761294364929e-03
1.910000000000000000e+03 1.103924703784286976e-03 8.631422184407711029e-03 3.929355859756469727e+00 8.631422184407711029e-03 4.688668623566627502e-02 9.027743712067604065e-03
1.920000000000000000e+03 1.250241417437791824e-03 8.500153198838233948e-03 3.949930667877197266e+00 8.500153198838233948e-03 4.655749723315238953e-02 8.901422843337059021e-03
1.930000000000000000e+03 1.010884414426982403e-03 8.429788053035736084e-03 3.880906105041503906e+00 8.429788053035736084e-03 4.636076837778091431e-02 8.826355449855327606e-03
1.940000000000000000e+03 1.013046130537986755e-03 8.361184969544410706e-03 3.840337276458740234e+00 8.361184969544410706e-03 4.618351161479949951e-02 8.758991956710815430e-03
1.950000000000000000e+03 9.976148139685392380e-04 8.271067403256893158e-03 3.825550556182861328e+00 8.271067403256893158e-03 4.594281315803527832e-02 8.667929098010063171e-03
1.960000000000000000e+03 9.808714967221021652e-04 8.189924992620944977e-03 3.797145366668701172e+00 8.189924992620944977e-03 4.572762176394462585e-02 8.586920797824859619e-03
1.970000000000000000e+03 9.642532677389681339e-04 8.108830079436302185e-03 3.774281263351440430e+00 8.108830079436302185e-03 4.551425203680992126e-02 8.506971411406993866e-03
1.980000000000000000e+03 9.570862166583538055e-04 8.023329079151153564e-03 3.752679824829101562e+00 8.023329079151153564e-03 4.528462514281272888e-02 8.421351201832294464e-03
1.990000000000000000e+03 9.517393191345036030e-04 7.939527742564678192e-03 3.730662345886230469e+00 7.939527742564678192e-03 4.505873098969459534e-02 8.337542414665222168e-03
2.000000000000000000e+03 1.484253793023526669e-03 7.852658629417419434e-03 3.715292215347290039e+00 7.852658629417419434e-03 4.483537375926971436e-02 8.255092427134513855e-03
2.010000000000000000e+03 2.379057928919792175e-03 8.029388263821601868e-03 3.522694826126098633e+00 8.029388263821601868e-03 4.535859078168869019e-02 8.448882959783077240e-03
2.020000000000000000e+03 2.209307625889778137e-03 7.855129428207874298e-03 3.552211999893188477e+00 7.855129428207874298e-03 4.474420845508575439e-02 8.221551775932312012e-03
2.030000000000000000e+03 1.130084623582661152e-03 7.642281707376241684e-03 3.655280113220214844e+00 7.642281707376241684e-03 4.421789571642875671e-02 8.029274642467498779e-03
2.040000000000000000e+03 9.699335787445306778e-04 7.583187893033027649e-03 3.595907211303710938e+00 7.583187893033027649e-03 4.409184679388999939e-02 7.983561605215072632e-03
2.050000000000000000e+03 9.241897496394813061e-04 7.502820342779159546e-03 3.529180049896240234e+00 7.502820342779159546e-03 4.385781288146972656e-02 7.899036630988121033e-03
2.060000000000000000e+03 9.023222373798489571e-04 7.403913885354995728e-03 3.520910024642944336e+00 7.403913885354995728e-03 4.357190057635307312e-02 7.796382997184991837e-03
2.070000000000000000e+03 8.631047094240784645e-04 7.319983094930648804e-03 3.494254589080810547e+00 7.319983094930648804e-03 4.334473609924316406e-02 7.715301588177680969e-03
2.080000000000000000e+03 8.586744661442935467e-04 7.236537523567676544e-03 3.471790790557861328e+00 7.236537523567676544e-03 4.311515390872955322e-02 7.633787114173173904e-03
2.090000000000000000e+03 8.471752516925334930e-04 7.151379715651273727e-03 3.453447103500366211e+00 7.151379715651273727e-03 4.286883026361465454e-02 7.546810898929834366e-03
2.100000000000000000e+03 8.386133704334497452e-04 7.067182101309299469e-03 3.436855554580688477e+00 7.067182101309299469e-03 4.263057559728622437e-02 7.463157176971435547e-03
2.110000000000000000e+03 8.307826356031000614e-04 6.983126979321241379e-03 3.416367053985595703e+00 6.983126979321241379e-03 4.239070042967796326e-02 7.379404734820127487e-03
2.120000000000000000e+03 8.240819443017244339e-04 6.899982690811157227e-03 3.396633625030517578e+00 6.899982690811157227e-03 4.215089976787567139e-02 7.296151947230100632e-03
2.130000000000000000e+03 9.086710633710026741e-04 6.814036518335342407e-03 3.380021095275878906e+00 6.814036518335342407e-03 4.190409928560256958e-02 7.210962008684873581e-03
2.140000000000000000e+03 5.695819389075040817e-03 6.791805382817983627e-03 3.341016054153442383e+00 6.791805382817983627e-03 4.191955551505088806e-02 7.216281723231077194e-03
2.150000000000000000e+03 2.122973557561635971e-03 6.731414236128330231e-03 3.253413915634155273e+00 6.731414236128330231e-03 4.159441590309143066e-02 7.104772608727216721e-03
2.160000000000000000e+03 1.379132736474275589e-03 6.595832295715808868e-03 3.323046445846557617e+00 6.595832295715808868e-03 4.126751795411109924e-02 6.993537768721580505e-03
2.170000000000000000e+03 8.308996912091970444e-04 6.537309847772121429e-03 3.276845932006835938e+00 6.537309847772121429e-03 4.110254719853401184e-02 6.937734317034482956e-03
2.180000000000000000e+03 8.125005988404154778e-04 6.463074591010808945e-03 3.208735942840576172e+00 6.463074591010808945e-03 4.085551202297210693e-02 6.854590028524398804e-03
2.190000000000000000e+03 7.804460474289953709e-04 6.370945367962121964e-03 3.201174974441528320e+00 6.370945367962121964e-03 4.057622700929641724e-02 6.761194672435522079e-03
2.200000000000000000e+03 7.783593609929084778e-04 6.289041601121425629e-03 3.181366443634033203e+00 6.289041601121425629e-03 4.033529385924339294e-02 6.681141443550586700e-03
2.210000000000000000e+03 7.607542793266475201e-04 6.213421933352947235e-03 3.156056165695190430e+00 6.213421933352947235e-03 4.010250791907310486e-02 6.604245398193597794e-03
2.220000000000000000e+03 7.505365647375583649e-04 6.136371288448572159e-03 3.144901990890502930e+00 6.136371288448572159e-03 3.987144678831100464e-02 6.528361234813928604e-03
2.230000000000000000e+03 7.455557934008538723e-04 6.057956721633672714e-03 3.128282070159912109e+00 6.057956721633672714e-03 3.962654992938041687e-02 6.448411382734775543e-03
2.240000000000000000e+03 8.172435918822884560e-04 5.980718880891799927e-03 3.116590499877929688e+00 5.980718880891799927e-03 3.939342871308326721e-02 6.372761912643909454e-03
2.250000000000000000e+03 6.396088749170303345e-03 6.019389256834983826e-03 3.058412551879882812e+00 6.019389256834983826e-03 3.963133692741394043e-02 6.449968554079532623e-03
2.260000000000000000e+03 1.258059171959757805e-03 5.974894855171442032e-03 2.969293355941772461e+00 5.974894855171442032e-03 3.929944708943367004e-02 6.342391017824411392e-03
2.270000000000000000e+03 7.955188048072159290e-04 5.805792752653360367e-03 3.063225984573364258e+00 5.805792752653360367e-03 3.884381428360939026e-02 6.196178961545228958e-03
2.280000000000000000e+03 7.245185552164912224e-04 5.756382830440998077e-03 2.997629642486572266e+00 5.756382830440998077e-03 3.867510333657264709e-02 6.142471916973590851e-03
2.290000000000000000e+03 6.984479259699583054e-04 5.692471750080585480e-03 2.946872472763061523e+00 5.692471750080585480e-03 3.848065435886383057e-02 6.080860737711191177e-03
2.300000000000000000e+03 7.291393703781068325e-04 5.608015693724155426e-03 2.948274850845336914e+00 5.608015693724155426e-03 3.821151703596115112e-02 5.996098276227712631e-03
2.310000000000000000e+03 7.055095047689974308e-04 5.538204684853553772e-03 2.921605587005615234e+00 5.538204684853553772e-03 3.797203302383422852e-02 5.921173840761184692e-03
2.320000000000000000e+03 7.003794889897108078e-04 5.471805110573768616e-03 2.907941579818725586e+00 5.471805110573768616e-03 3.776618465781211853e-02 5.857149604707956314e-03
2.330000000000000000e+03 6.964755011722445488e-04 5.404653027653694153e-03 2.900518655776977539e+00 5.404653027653694153e-03 3.754607960581779480e-02 5.789078306406736374e-03
2.340000000000000000e+03 6.923651089891791344e-04 5.340243689715862274e-03 2.887073516845703125e+00 5.340243689715862274e-03 3.733086213469505310e-02 5.722900386899709702e-03
2.350000000000000000e+03 6.925399648025631905e-04 5.279117729514837265e-03 2.876126050949096680e+00 5.279117729514837265e-03 3.713014349341392517e-02 5.661524832248687744e-03
2.360000000000000000e+03 1.068315468728542328e-03 5.223666317760944366e-03 2.855913877487182617e+00 5.223666317760944366e-03 3.693797066807746887e-02 5.603072233498096466e-03
2.370000000000000000e+03 6.693319301120936871e-04 5.317916627973318100e-03 2.746012210845947266e+00 5.317916627973318100e-03 3.734052181243896484e-02 5.725862458348274231e-03
2.380000000000000000e+03 7.459818734787404537e-04 5.178357474505901337e-03 2.765059471130371094e+00 5.178357474505901337e-03 3.679984435439109802e-02 5.561245605349540710e-03
2.390000000000000000e+03 7.185396389104425907e-04 5.085067823529243469e-03 2.804438829421997070e+00 5.085067823529243469e-03 3.648986667394638062e-02 5.467952694743871689e-03
2.400000000000000000e+03 8.196365088224411011e-04 5.038634408265352249e-03 2.725219488143920898e+00 5.038634408265352249e-03 3.629411384463310242e-02 5.409442819654941559e-03
2.410000000000000000e+03 6.745787686668336391e-04 4.968970548361539841e-03 2.726660728454589844e+00 4.968970548361539841e-03 3.608178347349166870e-02 5.346335005015134811e-03
2.420000000000000000e+03 6.868746131658554077e-04 4.913974553346633911e-03 2.710886716842651367e+00 4.913974553346633911e-03 3.589108958840370178e-02 5.289973225444555283e-03
2.430000000000000000e+03 6.680062506347894669e-04 4.862898029386997223e-03 2.686889410018920898e+00 4.862898029386997223e-03 3.571047633886337280e-02 5.236865486949682236e-03
2.440000000000000000e+03 6.584468646906316280e-04 4.810017533600330353e-03 2.681653499603271484e+00 4.810017533600330353e-03 3.553294762969017029e-02 5.184927489608526230e-03
2.450000000000000000e+03 6.560554611496627331e-04 4.759126342833042145e-03 2.669806003570556641e+00 4.759126342833042145e-03 3.535196557641029358e-02 5.132244899868965149e-03
2.460000000000000000e+03 6.674197502434253693e-04 4.712978377938270569e-03 2.652996301651000977e+00 4.712978377938270569e-03 3.519206121563911438e-02 5.085920915007591248e-03
2.470000000000000000e+03 8.210811764001846313e-03 4.727314226329326630e-03 2.598758697509765625e+00 4.727314226329326630e-03 3.523515164852142334e-02 5.098383873701095581e-03
2.480000000000000000e+03 3.409979864954948425e-03 4.873177502304315567e-03 2.486157417297363281e+00 4.873177502304315567e-03 3.563311323523521423e-02 5.214199889451265335e-03
2.490000000000000000e+03 7.110168808139860630e-04 4.625681322067975998e-03 2.616508245468139648e+00 4.625681322067975998e-03 3.490685299038887024e-02 5.003818310797214508e-03
2.500000000000000000e+03 7.460691849701106548e-04 4.596862476319074631e-03 2.533044576644897461e+00 4.596862476319074631e-03 3.474996984004974365e-02 4.958942066878080368e-03
