# step, loss_train, loss_test, metrics_test
0.000000000000000000e+00 7.842959880828857422e+00 4.423349857330322266e+00 4.736829757690429688e+00 4.423349857330322266e+00 1.009632825851440430e+00 4.372096538543701172e+00
1.000000000000000000e+01 2.697910368442535400e-01 4.215703487396240234e+00 3.207474052906036377e-01 4.215703487396240234e+00 9.851511716842651367e-01 4.162636756896972656e+00
2.000000000000000000e+01 1.045451089739799500e-01 3.758293628692626953e+00 2.415034621953964233e-01 3.758293628692626953e+00 9.299188256263732910e-01 3.708965778350830078e+00
3.000000000000000000e+01 6.511298567056655884e-02 3.326400041580200195e+00 3.086648881435394287e-01 3.326400041580200195e+00 8.742355108261108398e-01 3.278080940246582031e+00
4.000000000000000000e+01 1.182142123579978943e-01 2.830262184143066406e+00 7.776837348937988281e-01 2.830262184143066406e+00 8.060919046401977539e-01 2.786967039108276367e+00
5.000000000000000000e+01 1.007994785904884338e-01 2.339461088180541992e+00 1.461847543716430664e+00 2.339461088180541992e+00 7.321295142173767090e-01 2.298997402191162109e+00
6.000000000000000000e+01 8.352652192115783691e-02 1.744323134422302246e+00 3.528326988220214844e+00 1.744323134422302246e+00 6.313044428825378418e-01 1.709386944770812988e+00
7.000000000000000000e+01 9.571979939937591553e-02 1.053924560546875000e+00 1.024197769165039062e+01 1.053924560546875000e+00 4.895930290222167969e-01 1.028094887733459473e+00
8.000000000000000000e+01 7.495997846126556396e-02 5.092413425445556641e-01 2.472490119934082031e+01 5.092413425445556641e-01 3.405465483665466309e-01 4.974112808704376221e-01
9.000000000000000000e+01 4.401499778032302856e-02 3.458273708820343018e-01 3.802000808715820312e+01 3.458273708820343018e-01 2.849682569503784180e-01 3.483017683029174805e-01
1.000000000000000000e+02 2.393719367682933807e-02 3.185276985168457031e-01 3.314073181152343750e+01 3.185276985168457031e-01 2.748201489448547363e-01 3.239364922046661377e-01
1.100000000000000000e+02 1.502658519893884659e-02 2.808756530284881592e-01 2.317470741271972656e+01 2.808756530284881592e-01 2.568383812904357910e-01 2.829323410987854004e-01
1.200000000000000000e+02 1.072164904326200485e-02 2.641611993312835693e-01 1.837111091613769531e+01 2.641611993312835693e-01 2.485425770282745361e-01 2.649501860141754150e-01
1.300000000000000000e+02 8.780481293797492981e-03 2.479261606931686401e-01 1.672279167175292969e+01 2.479261606931686401e-01 2.412686049938201904e-01 2.496688365936279297e-01
1.400000000000000000e+02 7.749684154987335205e-03 2.351909875869750977e-01 1.539071178436279297e+01 2.351909875869750977e-01 2.354236990213394165e-01 2.377185672521591187e-01
1.500000000000000000e+02 6.970512680709362030e-03 2.242002338171005249e-01 1.382256793975830078e+01 2.242002338171005249e-01 2.298661470413208008e-01 2.266275733709335327e-01
1.600000000000000000e+02 6.484623532742261887e-03 2.144423872232437134e-01 1.251695728302001953e+01 2.144423872232437134e-01 2.247555553913116455e-01 2.166624367237091064e-01
1.700000000000000000e+02 6.230490282177925110e-03 2.055029273033142090e-01 1.158764171600341797e+01 2.055029273033142090e-01 2.201035320758819580e-01 2.077862322330474854e-01
1.800000000000000000e+02 6.114020943641662598e-03 1.972136348485946655e-01 1.081715583801269531e+01 1.972136348485946655e-01 2.157158553600311279e-01 1.995845139026641846e-01
1.900000000000000000e+02 6.066884379833936691e-03 1.894433498382568359e-01 1.011510753631591797e+01 1.894433498382568359e-01 2.114588320255279541e-01 1.917848587036132812e-01
2.000000000000000000e+02 6.052453536540269852e-03 1.820712536573410034e-01 9.533206939697265625e+00 1.820712536573410034e-01 2.073293328285217285e-01 1.843674480915069580e-01
2.100000000000000000e+02 6.110045593231916428e-03 1.749055534601211548e-01 9.077617645263671875e+00 1.749055534601211548e-01 2.032464742660522461e-01 1.771775633096694946e-01
2.200000000000000000e+02 6.218432448804378510e-03 1.678302437067031860e-01 8.713232994079589844e+00 1.678302437067031860e-01 1.991205513477325439e-01 1.700571328401565552e-01
2.300000000000000000e+02 6.363085005432367325e-03 1.607196927070617676e-01 8.432514190673828125e+00 1.607196927070617676e-01 1.948676407337188721e-01 1.628703922033309937e-01
2.400000000000000000e+02 6.556876935064792633e-03 1.534168869256973267e-01 8.243391036987304688e+00 1.534168869256973267e-01 1.903891116380691528e-01 1.554701179265975952e-01
2.500000000000000000e+02 6.802321411669254303e-03 1.457565873861312866e-01 8.148921966552734375e+00 1.457565873861312866e-01 1.855593174695968628e-01 1.476822346448898315e-01
2.600000000000000000e+02 7.103624753654003143e-03 1.375746577978134155e-01 8.152711868286132812e+00 1.375746577978134155e-01 1.802367419004440308e-01 1.393315494060516357e-01
2.700000000000000000e+02 7.476830855011940002e-03 1.287185698747634888e-01 8.268417358398437500e+00 1.287185698747634888e-01 1.742731928825378418e-01 1.302638500928878784e-01
2.800000000000000000e+02 7.937764748930931091e-03 1.190816462039947510e-01 8.511562347412109375e+00 1.190816462039947510e-01 1.675285696983337402e-01 1.203761622309684753e-01
2.900000000000000000e+02 8.489415980875492096e-03 1.086602658033370972e-01 8.898769378662109375e+00 1.086602658033370972e-01 1.599127203226089478e-01 1.096803247928619385e-01
3.000000000000000000e+02 9.091835469007492065e-03 9.762998670339584351e-02 9.440394401550292969e+00 9.762998670339584351e-02 1.514533013105392456e-01 9.838301688432693481e-02
3.100000000000000000e+02 9.618951007723808289e-03 8.629877120256423950e-02 1.014420223236083984e+01 8.629877120256423950e-02 1.422802060842514038e-01 8.682639151811599731e-02
3.200000000000000000e+02 9.892449714243412018e-03 7.505223155021667480e-02 1.102200603485107422e+01 7.505223155021667480e-02 1.326059699058532715e-01 7.542040199041366577e-02
3.300000000000000000e+02 9.797424077987670898e-03 6.424958258867263794e-02 1.212745475769042969e+01 6.424958258867263794e-02 1.226540654897689819e-01 6.452479958534240723e-02
3.400000000000000000e+02 9.374991059303283691e-03 5.434833467006683350e-02 1.350750923156738281e+01 5.434833467006683350e-02 1.128056347370147705e-01 5.457883700728416443e-02
3.500000000000000000e+02 2.787435054779052734e-02 4.698246717453002930e-02 1.539965915679931641e+01 4.698246717453002930e-02 1.051222607493400574e-01 4.739713296294212341e-02
3.600000000000000000e+02 1.349863037467002869e-02 4.200635850429534912e-02 1.504072093963623047e+01 4.200635850429534912e-02 9.930832684040069580e-02 4.229938611388206482e-02
3.700000000000000000e+02 8.838616311550140381e-03 3.753574192523956299e-02 1.554030513763427734e+01 3.753574192523956299e-02 9.382046759128570557e-02 3.775356337428092957e-02
3.800000000000000000e+02 6.668451707810163498e-03 3.371869027614593506e-02 1.636696815490722656e+01 3.371869027614593506e-02 8.893381804227828979e-02 3.392317891120910645e-02
3.900000000000000000e+02 5.938228685408830643e-03 3.090309910476207733e-02 1.689020347595214844e+01 3.090309910476207733e-02 8.518777042627334595e-02 3.112556412816047668e-02
4.000000000000000000e+02 5.297654774039983749e-03 2.898127958178520203e-02 1.728966331481933594e+01 2.898127958178520203e-02 8.261967450380325317e-02 2.927721105515956879e-02
4.100000000000000000e+02 4.805486183613538742e-03 2.768445387482643127e-02 1.710975456237792969e+01 2.768445387482643127e-02 8.082175254821777344e-02 2.801684476435184479e-02
4.200000000000000000e+02 4.352170042693614960e-03 2.673676423728466034e-02 1.684117698669433594e+01 2.673676423728466034e-02 7.949056476354598999e-02 2.710153535008430481e-02
4.300000000000000000e+02 3.942149225622415543e-03 2.601286768913269043e-02 1.638467788696289062e+01 2.601286768913269043e-02 7.844790816307067871e-02 2.639522776007652283e-02
4.400000000000000000e+02 3.609204431995749474e-03 2.542546577751636505e-02 1.589498805999755859e+01 2.542546577751636505e-02 7.759976387023925781e-02 2.582757174968719482e-02
4.500000000000000000e+02 3.331732470542192459e-03 2.492354437708854675e-02 1.542892742156982422e+01 2.492354437708854675e-02 7.686927914619445801e-02 2.534359879791736603e-02
4.600000000000000000e+02 3.104410134255886078e-03 2.446960657835006714e-02 1.499223518371582031e+01 2.446960657835006714e-02 7.619730383157730103e-02 2.490244247019290924e-02
4.700000000000000000e+02 2.907777205109596252e-03 2.406411804258823395e-02 1.459066963195800781e+01 2.406411804258823395e-02 7.559174299240112305e-02 2.450820244848728180e-02
4.800000000000000000e+02 2.739161718636751175e-03 2.368824742734432220e-02 1.421957397460937500e+01 2.368824742734432220e-02 7.502362877130508423e-02 2.414120361208915710e-02
4.900000000000000000e+02 2.591738710179924965e-03 2.333746291697025299e-02 1.387570285797119141e+01 2.333746291697025299e-02 7.448761165142059326e-02 2.379747293889522552e-02
5.000000000000000000e+02 2.460317686200141907e-03 2.300740964710712433e-02 1.355536270141601562e+01 2.300740964710712433e-02 7.397884875535964966e-02 2.347349934279918671e-02
5.100000000000000000e+02 2.343910047784447670e-03 2.269289456307888031e-02 1.326945114135742188e+01 2.269289456307888031e-02 7.348728179931640625e-02 2.316258661448955536e-02
5.200000000000000000e+02 2.239914610981941223e-03 2.239144034683704376e-02 1.300767517089843750e+01 2.239144034683704376e-02 7.301267236471176147e-02 2.286437340080738068e-02
5.300000000000000000e+02 2.146212151274085045e-03 2.210273221135139465e-02 1.276727771759033203e+01 2.210273221135139465e-02 7.255416363477706909e-02 2.257810160517692566e-02
5.400000000000000000e+02 2.061737235635519028e-03 2.182359248399734497e-02 1.255185890197753906e+01 2.182359248399734497e-02 7.210829108953475952e-02 2.230145037174224854e-02
5.500000000000000000e+02 2.001943998038768768e-03 2.155219949781894684e-02 1.234232616424560547e+01 2.155219949781894684e-02 7.166804373264312744e-02 2.202996239066123962e-02
5.600000000000000000e+02 5.700981710106134415e-03 2.131515741348266602e-02 1.190789604187011719e+01 2.131515741348266602e-02 7.125505059957504272e-02 2.177679911255836487e-02
5.700000000000000000e+02 3.259088844060897827e-03 2.111218310892581940e-02 1.204099941253662109e+01 2.111218310892581940e-02 7.101634144783020020e-02 2.163113094866275787e-02
5.800000000000000000e+02 1.744648092426359653e-03 2.087567932903766632e-02 1.170820808410644531e+01 2.087567932903766632e-02 7.053986191749572754e-02 2.134183980524539948e-02
5.900000000000000000e+02 1.902266871184110641e-03 2.061444520950317383e-02 1.163470935821533203e+01 2.061444520950317383e-02 7.008983194828033447e-02 2.107040025293827057e-02
6.000000000000000000e+02 1.792223076336085796e-03 2.034954540431499481e-02 1.166173744201660156e+01 2.034954540431499481e-02 6.968297064304351807e-02 2.082648314535617828e-02
6.100000000000000000e+02 1.676267595030367374e-03 2.010135725140571594e-02 1.162066936492919922e+01 2.010135725140571594e-02 6.927973777055740356e-02 2.058615535497665405e-02
6.200000000000000000e+02 1.610076054930686951e-03 1.987253315746784210e-02 1.153291225433349609e+01 1.987253315746784210e-02 6.890402734279632568e-02 2.036347799003124237e-02
6.300000000000000000e+02 1.561624463647603989e-03 1.964482478797435760e-02 1.142933273315429688e+01 1.964482478797435760e-02 6.851233541965484619e-02 2.013261429965496063e-02
6.400000000000000000e+02 1.521352911368012428e-03 1.942326687276363373e-02 1.133729267120361328e+01 1.942326687276363373e-02 6.813529878854751587e-02 1.991164125502109528e-02
6.500000000000000000e+02 1.490509836003184319e-03 1.920045912265777588e-02 1.127127361297607422e+01 1.920045912265777588e-02 6.775470823049545288e-02 1.968981698155403137e-02
6.600000000000000000e+02 1.464410568587481976e-03 1.897997781634330750e-02 1.121542644500732422e+01 1.897997781634330750e-02 6.737638264894485474e-02 1.947054453194141388e-02
6.700000000000000000e+02 1.438674633391201496e-03 1.876331493258476257e-02 1.116223239898681641e+01 1.876331493258476257e-02 6.700063496828079224e-02 1.925398036837577820e-02
6.800000000000000000e+02 1.416286337189376354e-03 1.854757964611053467e-02 1.112658691406250000e+01 1.854757964611053467e-02 6.662604212760925293e-02 1.903928816318511963e-02
6.900000000000000000e+02 1.395582337863743305e-03 1.833512634038925171e-02 1.109218883514404297e+01 1.833512634038925171e-02 6.625253707170486450e-02 1.882641948759555817e-02
7.000000000000000000e+02 1.377559965476393700e-03 1.812332309782505035e-02 1.107693576812744141e+01 1.812332309782505035e-02 6.588310003280639648e-02 1.861704513430595398e-02
7.100000000000000000e+02 1.361037953756749630e-03 1.791174151003360748e-02 1.105927658081054688e+01 1.791174151003360748e-02 6.550730019807815552e-02 1.840526796877384186e-02
7.200000000000000000e+02 1.348868478089570999e-03 1.770562678575515747e-02 1.104207611083984375e+01 1.770562678575515747e-02 6.513867527246475220e-02 1.819870993494987488e-02
7.300000000000000000e+02 1.436713850125670433e-03 1.750246062874794006e-02 1.100469303131103516e+01 1.750246062874794006e-02 6.477078050374984741e-02 1.799372024834156036e-02
7.400000000000000000e+02 5.414190236479043961e-03 1.733304560184478760e-02 1.073894405364990234e+01 1.733304560184478760e-02 6.444159895181655884e-02 1.781128719449043274e-02
7.500000000000000000e+02 1.699966611340641975e-03 1.712414994835853577e-02 1.104270267486572266e+01 1.712414994835853577e-02 6.408522278070449829e-02 1.761483401060104370e-02
7.600000000000000000e+02 1.635296852327883244e-03 1.692565344274044037e-02 1.117008113861083984e+01 1.692565344274044037e-02 6.373787671327590942e-02 1.742440089583396912e-02
7.700000000000000000e+02 1.427957788109779358e-03 1.669814810156822205e-02 1.128356170654296875e+01 1.669814810156822205e-02 6.330853700637817383e-02 1.719045080244541168e-02
7.800000000000000000e+02 1.285072299651801586e-03 1.649636402726173401e-02 1.131324386596679688e+01 1.649636402726173401e-02 6.295531243085861206e-02 1.699915900826454163e-02
7.900000000000000000e+02 1.281933742575347424e-03 1.630019769072532654e-02 1.130966472625732422e+01 1.630019769072532654e-02 6.258755177259445190e-02 1.680113747715950012e-02
8.000000000000000000e+02 1.263329759240150452e-03 1.610544323921203613e-02 1.133574199676513672e+01 1.610544323921203613e-02 6.222177669405937195e-02 1.660533063113689423e-02
8.100000000000000000e+02 1.260878168977797031e-03 1.590776629745960236e-02 1.138099098205566406e+01 1.590776629745960236e-02 6.185692921280860901e-02 1.641116477549076080e-02
8.200000000000000000e+02 1.254980452358722687e-03 1.571145653724670410e-02 1.141484546661376953e+01 1.571145653724670410e-02 6.148659437894821167e-02 1.621524803340435028e-02
8.300000000000000000e+02 1.254316652193665504e-03 1.551482174545526505e-02 1.147352981567382812e+01 1.551482174545526505e-02 6.111615151166915894e-02 1.602044887840747833e-02
8.400000000000000000e+02 1.254098606295883656e-03 1.531847566366195679e-02 1.153027534484863281e+01 1.531847566366195679e-02 6.074116751551628113e-02 1.582446135580539703e-02
8.500000000000000000e+02 1.251764362677931786e-03 1.512656547129154205e-02 1.158644008636474609e+01 1.512656547129154205e-02 6.037414073944091797e-02 1.563380658626556396e-02
8.600000000000000000e+02 1.252098358236253262e-03 1.493213418871164322e-02 1.165510845184326172e+01 1.493213418871164322e-02 6.000081822276115417e-02 1.544105727225542068e-02
8.700000000000000000e+02 1.250919420272111893e-03 1.474124472588300705e-02 1.171875762939453125e+01 1.474124472588300705e-02 5.963075906038284302e-02 1.525117643177509308e-02
8.800000000000000000e+02 1.251725130714476109e-03 1.455011032521724701e-02 1.179068183898925781e+01 1.455011032521724701e-02 5.925737693905830383e-02 1.506078243255615234e-02
8.900000000000000000e+02 1.250137807801365852e-03 1.436133496463298798e-02 1.186720371246337891e+01 1.436133496463298798e-02 5.888932943344116211e-02 1.487427856773138046e-02
9.000000000000000000e+02 1.267648534849286079e-03 1.417069416493177414e-02 1.193456649780273438e+01 1.417069416493177414e-02 5.851002037525177002e-02 1.468328386545181274e-02
9.100000000000000000e+02 1.574126537889242172e-03 1.398948393762111664e-02 1.194035243988037109e+01 1.398948393762111664e-02 5.813927575945854187e-02 1.449779421091079712e-02
9.200000000000000000e+02 2.247555879876017570e-03 1.382438652217388153e-02 1.190053176879882812e+01 1.382438652217388153e-02 5.780940130352973938e-02 1.433374360203742981e-02
9.300000000000000000e+02 1.317836344242095947e-03 1.361758168786764145e-02 1.224739074707031250e+01 1.361758168786764145e-02 5.739474669098854065e-02 1.412885636091232300e-02
9.400000000000000000e+02 1.276901690289378166e-03 1.342319138348102570e-02 1.244640159606933594e+01 1.342319138348102570e-02 5.701418220996856689e-02 1.394211128354072571e-02
9.500000000000000000e+02 1.274663489311933517e-03 1.323964353650808334e-02 1.250534725189208984e+01 1.323964353650808334e-02 5.664161220192909241e-02 1.376049220561981201e-02
9.600000000000000000e+02 1.242389902472496033e-03 1.305095385760068893e-02 1.265234375000000000e+01 1.305095385760068893e-02 5.626191943883895874e-02 1.357662491500377655e-02
9.700000000000000000e+02 1.227080705575644970e-03 1.286971941590309143e-02 1.271767425537109375e+01 1.286971941590309143e-02 5.588547885417938232e-02 1.339555438607931137e-02
9.800000000000000000e+02 1.225446583703160286e-03 1.268331985920667648e-02 1.282148170471191406e+01 1.268331985920667648e-02 5.550166592001914978e-02 1.321218814700841904e-02
9.900000000000000000e+02 1.223565195687115192e-03 1.249798852950334549e-02 1.292563533782958984e+01 1.249798852950334549e-02 5.511299148201942444e-02 1.302778813987970352e-02
1.000000000000000000e+03 1.221779733896255493e-03 1.231275964528322220e-02 1.304397201538085938e+01 1.231275964528322220e-02 5.472574755549430847e-02 1.284535508602857590e-02
1.010000000000000000e+03 1.217130920849740505e-03 1.212933287024497986e-02 1.314995479583740234e+01 1.212933287024497986e-02 5.433633178472518921e-02 1.266319677233695984e-02
1.020000000000000000e+03 1.211688970215618610e-03 1.194822788238525391e-02 1.326286792755126953e+01 1.194822788238525391e-02 5.395016819238662720e-02 1.248384453356266022e-02
1.030000000000000000e+03 1.205890788696706295e-03 1.176744420081377029e-02 1.338034439086914062e+01 1.176744420081377029e-02 5.356218665838241577e-02 1.230493467301130295e-02
1.040000000000000000e+03 1.198957092128694057e-03 1.158522628247737885e-02 1.351119804382324219e+01 1.158522628247737885e-02 5.316988006234169006e-02 1.212534587830305099e-02
1.050000000000000000e+03 1.197185134515166283e-03 1.139975246042013168e-02 1.365833663940429688e+01 1.139975246042013168e-02 5.276756733655929565e-02 1.194254308938980103e-02
1.060000000000000000e+03 1.210483605973422527e-03 1.122011244297027588e-02 1.381323719024658203e+01 1.122011244297027588e-02 5.237706750631332397e-02 1.176644116640090942e-02
1.070000000000000000e+03 1.578744966536760330e-03 1.103707961738109589e-02 1.404325485229492188e+01 1.103707961738109589e-02 5.199149996042251587e-02 1.159384287893772125e-02
1.080000000000000000e+03 1.471206312999129295e-03 1.088234223425388336e-02 1.409258174896240234e+01 1.088234223425388336e-02 5.165150389075279236e-02 1.144270319491624832e-02
1.090000000000000000e+03 1.152387238107621670e-03 1.069477014243602753e-02 1.424454784393310547e+01 1.069477014243602753e-02 5.118887871503829956e-02 1.123864483088254929e-02
1.100000000000000000e+03 1.220942824147641659e-03 1.051022578030824661e-02 1.447441101074218750e+01 1.051022578030824661e-02 5.076085031032562256e-02 1.105147972702980042e-02
1.110000000000000000e+03 1.156276091933250427e-03 1.033094804733991623e-02 1.470812797546386719e+01 1.033094804733991623e-02 5.038610473275184631e-02 1.088890619575977325e-02
1.120000000000000000e+03 1.121342764236032963e-03 1.015789620578289032e-02 1.479021930694580078e+01 1.015789620578289032e-02 4.997842386364936829e-02 1.071341242641210556e-02
1.130000000000000000e+03 1.107917749322950840e-03 9.979843162000179291e-03 1.497532653808593750e+01 9.979843162000179291e-03 4.956582561135292053e-02 1.053725183010101318e-02
1.140000000000000000e+03 1.097851316444575787e-03 9.801634587347507477e-03 1.513292121887207031e+01 9.801634587347507477e-03 4.914787411689758301e-02 1.036029588431119919e-02
1.150000000000000000e+03 1.081740017980337143e-03 9.627514518797397614e-03 1.531245899200439453e+01 9.627514518797397614e-03 4.874211549758911133e-02 1.018993556499481201e-02
1.160000000000000000e+03 1.070950529538094997e-03 9.452520869672298431e-03 1.548275566101074219e+01 9.452520869672298431e-03 4.832135140895843506e-02 1.001476589590311050e-02
1.170000000000000000e+03 1.057458808645606041e-03 9.279632009565830231e-03 1.565636062622070312e+01 9.279632009565830231e-03 4.790698364377021790e-02 9.843746200203895569e-03
1.180000000000000000e+03 1.108619268052279949e-03 9.108853526413440704e-03 1.580413055419921875e+01 9.108853526413440704e-03 4.748449474573135376e-02 9.670889936387538910e-03
1.190000000000000000e+03 2.792334649711847305e-03 8.965671062469482422e-03 1.568331336975097656e+01 8.965671062469482422e-03 4.710000753402709961e-02 9.514911100268363953e-03
1.200000000000000000e+03 1.532687689177691936e-03 8.771684020757675171e-03 1.634311294555664062e+01 8.771684020757675171e-03 4.665109887719154358e-02 9.334400296211242676e-03
1.210000000000000000e+03 1.042390940710902214e-03 8.607968688011169434e-03 1.669051551818847656e+01 8.607968688011169434e-03 4.625993967056274414e-02 9.178522974252700806e-03
1.220000000000000000e+03 1.025037607178092003e-03 8.445216342806816101e-03 1.681843376159667969e+01 8.445216342806816101e-03 4.584790766239166260e-02 9.015749208629131317e-03
1.230000000000000000e+03 9.471114026382565498e-04 8.281088434159755707e-03 1.701366233825683594e+01 8.281088434159755707e-03 4.543402418494224548e-02 8.853706531226634979e-03
1.240000000000000000e+03 9.398583788424730301e-04 8.113504387438297272e-03 1.725086212158203125e+01 8.113504387438297272e-03 4.500834643840789795e-02 8.688579313457012177e-03
1.250000000000000000e+03 9.169944678433239460e-04 7.954294793307781219e-03 1.742062759399414062e+01 7.954294793307781219e-03 4.459402337670326233e-02 8.529352024197578430e-03
1.260000000000000000e+03 8.974262163974344730e-04 7.793291937559843063e-03 1.763508796691894531e+01 7.793291937559843063e-03 4.417579248547554016e-02 8.370114490389823914e-03
1.270000000000000000e+03 8.843294344842433929e-04 7.633476518094539642e-03 1.784947776794433594e+01 7.633476518094539642e-03 4.375559836626052856e-02 8.211640641093254089e-03
1.280000000000000000e+03 8.862649556249380112e-04 7.477857172489166260e-03 1.806945991516113281e+01 7.477857172489166260e-03 4.334494844079017639e-02 8.058230392634868622e-03
1.290000000000000000e+03 2.698971424251794815e-03 7.331987842917442322e-03 1.852903175354003906e+01 7.331987842917442322e-03 4.302159696817398071e-02 7.938450202345848083e-03
1.300000000000000000e+03 1.762457308359444141e-03 7.258196361362934113e-03 1.780156135559082031e+01 7.258196361362934113e-03 4.260195791721343994e-02 7.784341927617788315e-03
1.310000000000000000e+03 9.499823208898305893e-04 7.073495071381330490e-03 1.867689132690429688e+01 7.073495071381330490e-03 4.220675677061080933e-02 7.640587165951728821e-03
1.320000000000000000e+03 8.256977889686822891e-04 6.920229177922010422e-03 1.908950996398925781e+01 6.920229177922010422e-03 4.181823506951332092e-02 7.500567473471164703e-03
1.330000000000000000e+03 7.942033698782324791e-04 6.780572235584259033e-03 1.909931945800781250e+01 6.780572235584259033e-03 4.140274599194526672e-02 7.352262269705533981e-03
1.340000000000000000e+03 7.801972096785902977e-04 6.643313914537429810e-03 1.925793647766113281e+01 6.643313914537429810e-03 4.101224243640899658e-02 7.214227225631475449e-03
1.350000000000000000e+03 7.661990821361541748e-04 6.507998332381248474e-03 1.942033195495605469e+01 6.507998332381248474e-03 4.063620790839195251e-02 7.082541473209857941e-03
1.360000000000000000e+03 7.495218887925148010e-04 6.376247853040695190e-03 1.955683517456054688e+01 6.376247853040695190e-03 4.026248306035995483e-02 6.952865980565547943e-03
1.370000000000000000e+03 7.351846434175968170e-04 6.251106970012187958e-03 1.964023780822753906e+01 6.251106970012187958e-03 3.989079967141151428e-02 6.825086660683155060e-03
1.380000000000000000e+03 7.266107713803648949e-04 6.127411033958196640e-03 1.973103332519531250e+01 6.127411033958196640e-03 3.952429071068763733e-02 6.700247991830110550e-03
1.390000000000000000e+03 7.178325322456657887e-04 6.011078134179115295e-03 1.978110122680664062e+01 6.011078134179115295e-03 3.917423263192176819e-02 6.582089234143495560e-03
1.400000000000000000e+03 7.105350377969443798e-04 5.896405782550573349e-03 1.982963180541992188e+01 5.896405782550573349e-03 3.882474452257156372e-02 6.465169135481119156e-03
1.410000000000000000e+03 8.873472106643021107e-04 5.788697395473718643e-03 1.977419853210449219e+01 5.788697395473718643e-03 3.847311809659004211e-02 6.348592694848775864e-03
1.420000000000000000e+03 1.195936696603894234e-03 5.768301431089639664e-03 1.908906173706054688e+01 5.768301431089639664e-03 3.844648599624633789e-02 6.339806132018566132e-03
1.430000000000000000e+03 7.028998224996030331e-04 5.623312201350927353e-03 1.982344245910644531e+01 5.623312201350927353e-03 3.792779520153999329e-02 6.169897038489580154e-03
1.440000000000000000e+03 7.743659080006182194e-04 5.495954770594835281e-03 2.060306167602539062e+01 5.495954770594835281e-03 3.758482262492179871e-02 6.058814469724893570e-03
1.450000000000000000e+03 7.495977333746850491e-04 5.408819764852523804e-03 2.018874931335449219e+01 5.408819764852523804e-03 3.731354326009750366e-02 5.971668753772974014e-03
1.460000000000000000e+03 6.885476759634912014e-04 5.318821407854557037e-03 2.011161994934082031e+01 5.318821407854557037e-03 3.702723234891891479e-02 5.880377721041440964e-03
1.470000000000000000e+03 6.608053809031844139e-04 5.226921755820512772e-03 2.009916496276855469e+01 5.226921755820512772e-03 3.673276305198669434e-02 5.787218920886516571e-03
1.480000000000000000e+03 6.434851675294339657e-04 5.138755310326814651e-03 1.998520851135253906e+01 5.138755310326814651e-03 3.642737865447998047e-02 5.691393278539180756e-03
1.490000000000000000e+03 6.367062451317906380e-04 5.054815672338008881e-03 1.989471435546875000e+01 5.054815672338008881e-03 3.614750504493713379e-02 5.604274570941925049e-03
1.500000000000000000e+03 6.311899051070213318e-04 4.972840659320354462e-03 1.983099365234375000e+01 4.972840659320354462e-03 3.587415069341659546e-02 5.519834347069263458e-03
1.510000000000000000e+03 6.244421238079667091e-04 4.895978607237339020e-03 1.972504615783691406e+01 4.895978607237339020e-03 3.561448678374290466e-02 5.440215114504098892e-03
1.520000000000000000e+03 6.184322410263121128e-04 4.820847883820533752e-03 1.961492156982421875e+01 4.820847883820533752e-03 3.535781800746917725e-02 5.362084135413169861e-03
1.530000000000000000e+03 6.130740512162446976e-04 4.748416133224964142e-03 1.950893211364746094e+01 4.748416133224964142e-03 3.510494902729988098e-02 5.285663064569234848e-03
1.540000000000000000e+03 6.053290562704205513e-04 4.679703153669834137e-03 1.939659118652343750e+01 4.679703153669834137e-03 3.487069159746170044e-02 5.215354263782501221e-03
1.550000000000000000e+03 5.994086968712508678e-04 4.613286815583705902e-03 1.928340530395507812e+01 4.613286815583705902e-03 3.464115783572196960e-02 5.146920215338468552e-03
1.560000000000000000e+03 7.529036374762654305e-04 4.546870477497577667e-03 1.926545524597167969e+01 4.546870477497577667e-03 3.442437201738357544e-02 5.082703661173582077e-03
1.570000000000000000e+03 6.415461539290845394e-04 4.611513111740350723e-03 1.833645629882812500e+01 4.611513111740350723e-03 3.471880406141281128e-02 5.170019343495368958e-03
1.580000000000000000e+03 1.160260988399386406e-03 4.493445158004760742e-03 1.877051162719726562e+01 4.493445158004760742e-03 3.413417562842369080e-02 4.997370764613151550e-03
1.590000000000000000e+03 6.495233974419534206e-04 4.405275452882051468e-03 1.928909111022949219e+01 4.405275452882051468e-03 3.386706858873367310e-02 4.919465631246566772e-03
1.600000000000000000e+03 6.380635895766317844e-04 4.353470169007778168e-03 1.890957069396972656e+01 4.353470169007778168e-03 3.369038552045822144e-02 4.868270829319953918e-03
1.610000000000000000e+03 5.515727098099887371e-04 4.295624792575836182e-03 1.882809066772460938e+01 4.295624792575836182e-03 3.349507972598075867e-02 4.811991006135940552e-03
1.620000000000000000e+03 5.388288991525769234e-04 4.242264665663242340e-03 1.862639808654785156e+01 4.242264665663242340e-03 3.328769281506538391e-02 4.752586595714092255e-03
1.630000000000000000e+03 5.340679781511425972e-04 4.186958540230989456e-03 1.846845817565917969e+01 4.186958540230989456e-03 3.307460620999336243e-02 4.691937007009983063e-03
1.640000000000000000e+03 5.252630217000842094e-04 4.135621245950460434e-03 1.835602188110351562e+01 4.135621245950460434e-03 3.288206458091735840e-02 4.637467674911022186e-03
1.650000000000000000e+03 5.178027204237878323e-04 4.086512606590986252e-03 1.817263412475585938e+01 4.086512606590986252e-03 3.269853815436363220e-02 4.585845395922660828e-03
1.660000000000000000e+03 5.107643664814531803e-04 4.040301311761140823e-03 1.801759529113769531e+01 4.040301311761140823e-03 3.252255171537399292e-02 4.536615218967199326e-03
1.670000000000000000e+03 5.043498240411281586e-04 3.994883969426155090e-03 1.785503959655761719e+01 3.994883969426155090e-03 3.234625235199928284e-02 4.487563390284776688e-03
1.680000000000000000e+03 4.987361025996506214e-04 3.950363025069236755e-03 1.771063232421875000e+01 3.950363025069236755e-03 3.217012807726860046e-02 4.438828211277723312e-03
1.690000000000000000e+03 4.914866294711828232e-04 3.909016959369182587e-03 1.754934120178222656e+01 3.909016959369182587e-03 3.200919553637504578e-02 4.394527990370988846e-03
1.700000000000000000e+03 4.860118206124752760e-04 3.867512568831443787e-03 1.740337753295898438e+01 3.867512568831443787e-03 3.184015676379203796e-02 4.348236136138439178e-03
1.710000000000000000e+03 4.772997053805738688e-04 3.830939065665006638e-03 1.722108650207519531e+01 3.830939065665006638e-03 3.170709684491157532e-02 4.311969503760337830e-03
1.720000000000000000e+03 4.703181039076298475e-04 3.794248681515455246e-03 1.704180335998535156e+01 3.794248681515455246e-03 3.155938535928726196e-02 4.271887708455324173e-03
1.730000000000000000e+03 5.023116245865821838e-04 3.755635349079966545e-03 1.695411682128906250e+01 3.755635349079966545e-03 3.142044693231582642e-02 4.234357271343469620e-03
1.740000000000000000e+03 2.788035199046134949e-03 3.753630444407463074e-03 1.691308403015136719e+01 3.753630444407463074e-03 3.153484687209129333e-02 4.265246912837028503e-03
1.750000000000000000e+03 4.853165301028639078e-04 3.707322757691144943e-03 1.666129684448242188e+01 3.707322757691144943e-03 3.116166032850742340e-02 4.164892714470624924e-03
1.760000000000000000e+03 4.902395885437726974e-04 3.668757155537605286e-03 1.690605163574218750e+01 3.668757155537605286e-03 3.105160221457481384e-02 4.135526251047849655e-03
1.770000000000000000e+03 4.756953567266464233e-04 3.643049858510494232e-03 1.640446662902832031e+01 3.643049858510494232e-03 3.094024769961833954e-02 4.105918109416961670e-03
1.780000000000000000e+03 4.443089419510215521e-04 3.609202103689312935e-03 1.631394004821777344e+01 3.609202103689312935e-03 3.081389516592025757e-02 4.072451964020729065e-03
1.790000000000000000e+03 4.200143739581108093e-04 3.579313633963465691e-03 1.608120727539062500e+01 3.579313633963465691e-03 3.068376146256923676e-02 4.038126673549413681e-03
1.800000000000000000e+03 4.136948264203965664e-04 3.546994412317872047e-03 1.591552543640136719e+01 3.546994412317872047e-03 3.054634295403957367e-02 4.002036992460489273e-03
1.810000000000000000e+03 4.086350963916629553e-04 3.516555530950427055e-03 1.575929355621337891e+01 3.516555530950427055e-03 3.041358292102813721e-02 3.967326134443283081e-03
1.820000000000000000e+03 4.019779444206506014e-04 3.487883368507027626e-03 1.556362247467041016e+01 3.487883368507027626e-03 3.030328825116157532e-02 3.938603214919567108e-03
1.830000000000000000e+03 3.961467591580003500e-04 3.460199572145938873e-03 1.539738273620605469e+01 3.460199572145938873e-03 3.018495440483093262e-02 3.907903097569942474e-03
1.840000000000000000e+03 3.906513156834989786e-04 3.433450823649764061e-03 1.523429203033447266e+01 3.433450823649764061e-03 3.007281757891178131e-02 3.878921270370483398e-03
1.850000000000000000e+03 3.854045644402503967e-04 3.407374722883105278e-03 1.506867218017578125e+01 3.407374722883105278e-03 2.997414395213127136e-02 3.853508271276950836e-03
1.860000000000000000e+03 3.837769618257880211e-04 3.382151946425437927e-03 1.490288162231445312e+01 3.382151946425437927e-03 2.985848300158977509e-02 3.823827020823955536e-03
1.870000000000000000e+03 1.625003060325980186e-03 3.363212337717413902e-03 1.495764541625976562e+01 3.363212337717413902e-03 2.986366301774978638e-02 3.825153689831495285e-03
1.880000000000000000e+03 8.377563790418207645e-04 3.419929649680852890e-03 1.423621082305908203e+01 3.419929649680852890e-03 2.980044297873973846e-02 3.808974754065275192e-03
1.890000000000000000e+03 8.731298148632049561e-04 3.341767471283674240e-03 1.527552890777587891e+01 3.341767471283674240e-03 2.972270548343658447e-02 3.789129201322793961e-03
1.900000000000000000e+03 4.022948269266635180e-04 3.333729458972811699e-03 1.434395599365234375e+01 3.333729458972811699e-03 2.960226312279701233e-02 3.758482169359922409e-03
1.910000000000000000e+03 3.569076361600309610e-04 3.300301497802138329e-03 1.435753250122070312e+01 3.300301497802138329e-03 2.950518205761909485e-02 3.733870573341846466e-03
1.920000000000000000e+03 3.667028213385492563e-04 3.275778843089938164e-03 1.418437004089355469e+01 3.275778843089938164e-03 2.941117621958255768e-02 3.710116259753704071e-03
1.930000000000000000e+03 3.380218986421823502e-04 3.250191221013665199e-03 1.402516555786132812e+01 3.250191221013665199e-03 2.929612994194030762e-02 3.681147238239645958e-03
1.940000000000000000e+03 3.356077941134572029e-04 3.226829227060079575e-03 1.382067966461181641e+01 3.226829227060079575e-03 2.918698824942111969e-02 3.653770079836249352e-03
1.950000000000000000e+03 3.311173641122877598e-04 3.204224398359656334e-03 1.366280174255371094e+01 3.204224398359656334e-03 2.908989042043685913e-02 3.629500512033700943e-03
1.960000000000000000e+03 3.265810373704880476e-04 3.182666841894388199e-03 1.350924777984619141e+01 3.182666841894388199e-03 2.899684943258762360e-02 3.606321057304739952e-03
1.970000000000000000e+03 3.234171308577060699e-04 3.160111606121063232e-03 1.337048339843750000e+01 3.160111606121063232e-03 2.889039181172847748e-02 3.579888492822647095e-03
1.980000000000000000e+03 3.192163421772420406e-04 3.140652319416403770e-03 1.323448562622070312e+01 3.140652319416403770e-03 2.880328707396984100e-02 3.558334661647677422e-03
1.990000000000000000e+03 3.155013255309313536e-04 3.120832610875368118e-03 1.308825492858886719e+01 3.120832610875368118e-03 2.871354483067989349e-02 3.536195727065205574e-03
2.000000000000000000e+03 3.115296422038227320e-04 3.102217800915241241e-03 1.295203113555908203e+01 3.102217800915241241e-03 2.863529324531555176e-02 3.516948549076914787e-03
2.010000000000000000e+03 3.082677721977233887e-04 3.083312185481190681e-03 1.282471942901611328e+01 3.083312185481190681e-03 2.854867279529571533e-02 3.495703451335430145e-03
2.020000000000000000e+03 3.041594463866204023e-04 3.065953496843576431e-03 1.266296195983886719e+01 3.065953496843576431e-03 2.847253903746604919e-02 3.477083519101142883e-03
2.030000000000000000e+03 3.009669308084994555e-04 3.048306796699762344e-03 1.252384567260742188e+01 3.048306796699762344e-03 2.839470282196998596e-02 3.458098042756319046e-03
2.040000000000000000e+03 3.500077291391789913e-04 3.030037041753530502e-03 1.244212150573730469e+01 3.030037041753530502e-03 2.832935750484466553e-02 3.442200599238276482e-03
2.050000000000000000e+03 2.501241629943251610e-03 3.140567801892757416e-03 1.210587406158447266e+01 3.140567801892757416e-03 2.904544025659561157e-02 3.618417540565133095e-03
2.060000000000000000e+03 5.779757048003375530e-04 3.050461877137422562e-03 1.223565387725830078e+01 3.050461877137422562e-03 2.840472012758255005e-02 3.460539504885673523e-03
2.070000000000000000e+03 2.959819394163787365e-04 3.029986983165144920e-03 1.221550559997558594e+01 3.029986983165144920e-03 2.834002487361431122e-02 3.444793401286005974e-03
2.080000000000000000e+03 2.896814839914441109e-04 3.008834784850478172e-03 1.201858806610107422e+01 3.008834784850478172e-03 2.826890349388122559e-02 3.427525516599416733e-03
2.090000000000000000e+03 2.925243461504578590e-04 2.988474909216165543e-03 1.186084365844726562e+01 2.988474909216165543e-03 2.813139930367469788e-02 3.394262166693806648e-03
2.100000000000000000e+03 2.852851757779717445e-04 2.966275205835700035e-03 1.179119586944580078e+01 2.966275205835700035e-03 2.805133163928985596e-02 3.374967956915497780e-03
2.110000000000000000e+03 2.686479419935494661e-04 2.947271335870027542e-03 1.160747528076171875e+01 2.947271335870027542e-03 2.794605679810047150e-02 3.349683713167905807e-03
2.120000000000000000e+03 2.678398450370877981e-04 2.929091220721602440e-03 1.146560382843017578e+01 2.929091220721602440e-03 2.784989774227142334e-02 3.326671663671731949e-03
2.130000000000000000e+03 2.642520703375339508e-04 2.912358846515417099e-03 1.135839176177978516e+01 2.912358846515417099e-03 2.778561227023601532e-02 3.311331616714596748e-03
2.140000000000000000e+03 2.617378486320376396e-04 2.895802259445190430e-03 1.123535919189453125e+01 2.895802259445190430e-03 2.770108543336391449e-02 3.291214816272258759e-03
2.150000000000000000e+03 2.591161755844950676e-04 2.880336949601769447e-03 1.113273620605468750e+01 2.880336949601769447e-03 2.763222157955169678e-02 3.274871734902262688e-03
2.160000000000000000e+03 2.565878094173967838e-04 2.865119604393839836e-03 1.102706527709960938e+01 2.865119604393839836e-03 2.756127528846263885e-02 3.258076729252934456e-03
2.170000000000000000e+03 2.549808705225586891e-04 2.849742537364363670e-03 1.091886615753173828e+01 2.849742537364363670e-03 2.748639509081840515e-02 3.240397432819008827e-03
2.180000000000000000e+03 2.521771821193397045e-04 2.835643012076616287e-03 1.080784797668457031e+01 2.835643012076616287e-03 2.741848863661289215e-02 3.224405692890286446e-03
2.190000000000000000e+03 2.495280641596764326e-04 2.821555128321051598e-03 1.069166564941406250e+01 2.821555128321051598e-03 2.735758386552333832e-02 3.210097085684537888e-03
2.200000000000000000e+03 2.477598900441080332e-04 2.807648852467536926e-03 1.059595966339111328e+01 2.807648852467536926e-03 2.729594707489013672e-02 3.195648780092597008e-03
2.210000000000000000e+03 2.610092051327228546e-04 2.794042462483048439e-03 1.050360488891601562e+01 2.794042462483048439e-03 2.724525332450866699e-02 3.183790016919374466e-03
2.220000000000000000e+03 3.187163732945919037e-03 2.824535360559821129e-03 1.055328750610351562e+01 2.824535360559821129e-03 2.756173163652420044e-02 3.258185228332877159e-03
2.230000000000000000e+03 1.066713826730847359e-03 2.800399437546730042e-03 1.054173660278320312e+01 2.800399437546730042e-03 2.734737843275070190e-02 3.207702655345201492e-03
2.240000000000000000e+03 2.916301600635051727e-04 2.796349115669727325e-03 1.032588577270507812e+01 2.796349115669727325e-03 2.724038250744342804e-02 3.182651940733194351e-03
2.250000000000000000e+03 2.386322157690301538e-04 2.778490306809544563e-03 1.015806198120117188e+01 2.778490306809544563e-03 2.718839794397354126e-02 3.170515876263380051e-03
2.260000000000000000e+03 2.593769168015569448e-04 2.758914604783058167e-03 1.015034103393554688e+01 2.758914604783058167e-03 2.708561532199382782e-02 3.146589966490864754e-03
2.270000000000000000e+03 2.365203108638525009e-04 2.744901692494750023e-03 9.952746391296386719e+00 2.744901692494750023e-03 2.700526081025600433e-02 3.127948148176074028e-03
2.280000000000000000e+03 2.268158568767830729e-04 2.729140454903244972e-03 9.810643196105957031e+00 2.729140454903244972e-03 2.693223394453525543e-02 3.111053723841905594e-03
2.290000000000000000e+03 2.234620187664404511e-04 2.713540568947792053e-03 9.748312950134277344e+00 2.713540568947792053e-03 2.686787769198417664e-02 3.096203319728374481e-03
2.300000000000000000e+03 2.214515698142349720e-04 2.699733478948473930e-03 9.638883590698242188e+00 2.699733478948473930e-03 2.679808810353279114e-02 3.080139169469475746e-03
2.310000000000000000e+03 2.200100134359672666e-04 2.686114283278584480e-03 9.578085899353027344e+00 2.686114283278584480e-03 2.673312835395336151e-02 3.065224271267652512e-03
2.320000000000000000e+03 2.177403512177988887e-04 2.673516981303691864e-03 9.480914115905761719e+00 2.673516981303691864e-03 2.667474932968616486e-02 3.051851876080036163e-03
2.330000000000000000e+03 2.160844742320477962e-04 2.660812577232718468e-03 9.401041030883789062e+00 2.660812577232718468e-03 2.661298774182796478e-02 3.037735586985945702e-03
2.340000000000000000e+03 2.148289495380595326e-04 2.648059511557221413e-03 9.329631805419921875e+00 2.648059511557221413e-03 2.655379101634025574e-02 3.024236997589468956e-03
2.350000000000000000e+03 2.129997737938538194e-04 2.635902957990765572e-03 9.237904548645019531e+00 2.635902957990765572e-03 2.648998796939849854e-02 3.009721171110868454e-03
2.360000000000000000e+03 2.114691596943885088e-04 2.623985987156629562e-03 9.168471336364746094e+00 2.623985987156629562e-03 2.643931657075881958e-02 2.998217707499861717e-03
2.370000000000000000e+03 2.608432550914585590e-04 2.611254807561635971e-03 9.127365112304687500e+00 2.611254807561635971e-03 2.639738842844963074e-02 2.988716587424278259e-03
2.380000000000000000e+03 2.346058841794729233e-03 2.718758769333362579e-03 8.919884681701660156e+00 2.718758769333362579e-03 2.718141488730907440e-02 3.168887691572308540e-03
2.390000000000000000e+03 7.440323242917656898e-04 2.639217069372534752e-03 9.041838645935058594e+00 2.639217069372534752e-03 2.645220421254634857e-02 3.001141827553510666e-03
2.400000000000000000e+03 3.526348446030169725e-04 2.619562903419137001e-03 9.102355957031250000e+00 2.619562903419137001e-03 2.644610777497291565e-02 2.999757882207632065e-03
2.410000000000000000e+03 2.572973317001014948e-04 2.607529284432530403e-03 8.923684120178222656e+00 2.607529284432530403e-03 2.635896019637584686e-02 2.980020595714449883e-03
2.420000000000000000e+03 2.140563155990093946e-04 2.591471653431653976e-03 8.808280944824218750e+00 2.591471653431653976e-03 2.631099335849285126e-02 2.969184657558798790e-03
2.430000000000000000e+03 1.959836808964610100e-04 2.576579339802265167e-03 8.661808013916015625e+00 2.576579339802265167e-03 2.623465470969676971e-02 2.951980102807283401e-03
2.440000000000000000e+03 1.976603234652429819e-04 2.560948953032493591e-03 8.588673591613769531e+00 2.560948953032493591e-03 2.613813802599906921e-02 2.930299378931522369e-03
2.450000000000000000e+03 1.945367694133892655e-04 2.546477364376187325e-03 8.560087203979492188e+00 2.546477364376187325e-03 2.607263252139091492e-02 2.915630349889397621e-03
2.460000000000000000e+03 1.923818781506270170e-04 2.534454455599188805e-03 8.485750198364257812e+00 2.534454455599188805e-03 2.601955644786357880e-02 2.903771586716175079e-03
2.470000000000000000e+03 1.906826510094106197e-04 2.522352384403347969e-03 8.435200691223144531e+00 2.522352384403347969e-03 2.595781721174716949e-02 2.890007803216576576e-03
2.480000000000000000e+03 1.892706059152260423e-04 2.510435879230499268e-03 8.365125656127929688e+00 2.510435879230499268e-03 2.590565942227840424e-02 2.878405852243304253e-03
2.490000000000000000e+03 1.880383351817727089e-04 2.498657209798693657e-03 8.306562423706054688e+00 2.498657209798693657e-03 2.584736980497837067e-02 2.865466987714171410e-03
2.500000000000000000e+03 1.867666142061352730e-04 2.487552585080265999e-03 8.255909919738769531e+00 2.487552585080265999e-03 2.578704617917537689e-02 2.852107631042599678e-03
