# step, loss_train, loss_test, metrics_test
0.000000000000000000e+00 6.777331698685884476e-03 2.991837263107299805e-01 5.230409502983093262e-01 4.139584898948669434e-01 6.777331698685884476e-03 2.991837263107299805e-01 5.230409502983093262e-01 4.139584898948669434e-01 1.094636678695678711e+00 4.212529659271240234e-01
1.000000000000000000e+01 3.699325770139694214e-02 4.591697454452514648e-02 1.141515523195266724e-01 1.067399308085441589e-01 3.699325770139694214e-02 4.591697454452514648e-02 1.141515523195266724e-01 1.067399308085441589e-01 6.143732666969299316e-01 1.326989531517028809e-01
2.000000000000000000e+01 8.681770996190607548e-04 1.438670791685581207e-02 6.761252135038375854e-02 4.243835434317588806e-02 8.681770996190607548e-04 1.438670791685581207e-02 6.761252135038375854e-02 4.243835434317588806e-02 4.138274192810058594e-01 6.020622327923774719e-02
3.000000000000000000e+01 2.442324534058570862e-03 6.256367545574903488e-03 4.174049943685531616e-02 2.298563160002231598e-02 2.442324534058570862e-03 6.256367545574903488e-03 4.174049943685531616e-02 2.298563160002231598e-02 3.104572892189025879e-01 3.388492763042449951e-02
4.000000000000000000e+01 1.560422126203775406e-03 3.891018452122807503e-03 2.743003144860267639e-02 1.436495129019021988e-02 1.560422126203775406e-03 3.891018452122807503e-03 2.743003144860267639e-02 1.436495129019021988e-02 2.625679969787597656e-01 2.423742972314357758e-02
5.000000000000000000e+01 1.829796354286372662e-03 2.373887924477458000e-03 1.643101125955581665e-02 8.294143714010715485e-03 1.829796354286372662e-03 2.373887924477458000e-03 1.643101125955581665e-02 8.294143714010715485e-03 2.117393612861633301e-01 1.576180942356586456e-02
6.000000000000000000e+01 2.288883086293935776e-03 1.984872622415423393e-03 9.297194890677928925e-03 5.246750079095363617e-03 2.288883086293935776e-03 1.984872622415423393e-03 9.297194890677928925e-03 5.246750079095363617e-03 1.694992035627365112e-01 1.010039355605840683e-02
7.000000000000000000e+01 2.090746071189641953e-03 1.497525605373084545e-03 5.789124406874179840e-03 3.449391806498169899e-03 2.090746071189641953e-03 1.497525605373084545e-03 5.789124406874179840e-03 3.449391806498169899e-03 1.404517292976379395e-01 6.935168523341417313e-03
8.000000000000000000e+01 1.744682551361620426e-03 1.123087364248931408e-03 3.913619089871644974e-03 2.592709846794605255e-03 1.744682551361620426e-03 1.123087364248931408e-03 3.913619089871644974e-03 2.592709846794605255e-03 1.223269104957580566e-01 5.260740406811237335e-03
9.000000000000000000e+01 1.517789671197533607e-03 8.591286023147404194e-04 2.781623741611838341e-03 1.985010690987110138e-03 1.517789671197533607e-03 8.591286023147404194e-04 2.781623741611838341e-03 1.985010690987110138e-03 1.087921559810638428e-01 4.161003045737743378e-03
1.000000000000000000e+02 1.288178726099431515e-03 6.793311913497745991e-04 2.071806928142905235e-03 1.624142169021070004e-03 1.288178726099431515e-03 6.793311913497745991e-04 2.071806928142905235e-03 1.624142169021070004e-03 1.000545620918273926e-01 3.519464749842882156e-03
1.100000000000000000e+02 1.119525753892958164e-03 5.412576138041913509e-04 1.588548417203128338e-03 1.361047150567173958e-03 1.119525753892958164e-03 5.412576138041913509e-04 1.588548417203128338e-03 1.361047150567173958e-03 9.355018287897109985e-02 3.076750086620450020e-03
1.200000000000000000e+02 1.024108380079269409e-03 4.321216547396034002e-04 1.252588001079857349e-03 1.134463469497859478e-03 1.024108380079269409e-03 4.321216547396034002e-04 1.252588001079857349e-03 1.134463469497859478e-03 8.744733780622482300e-02 2.688413253054022789e-03
1.300000000000000000e+02 9.510575910098850727e-04 3.540740290191024542e-04 1.016836264170706272e-03 9.603477665223181248e-04 9.510575910098850727e-04 3.540740290191024542e-04 1.016836264170706272e-03 9.603477665223181248e-04 8.230764418840408325e-02 2.381679136306047440e-03
1.400000000000000000e+02 8.802499505691230297e-04 2.997078408952802420e-04 8.496349910274147987e-04 8.280076435767114162e-04 8.802499505691230297e-04 2.997078408952802420e-04 8.496349910274147987e-04 8.280076435767114162e-04 7.817326486110687256e-02 2.148420782759785652e-03
1.500000000000000000e+02 8.146984037011861801e-04 2.598440332803875208e-04 7.245910237543284893e-04 7.251464994624257088e-04 8.146984037011861801e-04 2.598440332803875208e-04 7.245910237543284893e-04 7.251464994624257088e-04 7.469857484102249146e-02 1.961677102372050285e-03
1.600000000000000000e+02 7.538343197666108608e-04 2.297370228916406631e-04 6.267401622608304024e-04 6.436618859879672527e-04 7.538343197666108608e-04 2.297370228916406631e-04 6.267401622608304024e-04 6.436618859879672527e-04 7.171025127172470093e-02 1.807862077839672565e-03
1.700000000000000000e+02 6.999093457125127316e-04 2.056751400232315063e-04 5.477152299135923386e-04 5.777143524028360844e-04 6.999093457125127316e-04 2.056751400232315063e-04 5.477152299135923386e-04 5.777143524028360844e-04 6.916964799165725708e-02 1.682031084783375263e-03
1.800000000000000000e+02 6.532630650326609612e-04 1.862717181211337447e-04 4.824461357202380896e-04 5.222233594395220280e-04 6.532630650326609612e-04 1.862717181211337447e-04 4.824461357202380896e-04 5.222233594395220280e-04 6.688800454139709473e-02 1.572893932461738586e-03
1.900000000000000000e+02 6.117896991781890392e-04 1.702917070360854268e-04 4.284453752916306257e-04 4.753511748276650906e-04 6.117896991781890392e-04 1.702917070360854268e-04 4.284453752916306257e-04 4.753511748276650906e-04 6.489700078964233398e-02 1.480648759752511978e-03
2.000000000000000000e+02 5.759432096965610981e-04 1.569494634168222547e-04 3.824309969786554575e-04 4.358692094683647156e-04 5.759432096965610981e-04 1.569494634168222547e-04 3.824309969786554575e-04 4.358692094683647156e-04 6.314326077699661255e-02 1.401706249453127384e-03
2.100000000000000000e+02 5.440886598080396652e-04 1.454262092011049390e-04 3.433728124946355820e-04 4.020514315925538540e-04 5.440886598080396652e-04 1.454262092011049390e-04 3.433728124946355820e-04 4.020514315925538540e-04 6.158471480011940002e-02 1.333364285528659821e-03
2.200000000000000000e+02 5.153601523488759995e-04 1.354168780380859971e-04 3.101115289609879255e-04 3.725005954038351774e-04 5.153601523488759995e-04 1.354168780380859971e-04 3.101115289609879255e-04 3.725005954038351774e-04 6.021913886070251465e-02 1.274887705221772194e-03
2.300000000000000000e+02 4.901947686448693275e-04 1.267568732146173716e-04 2.808381977956742048e-04 3.465165209490805864e-04 4.901947686448693275e-04 1.267568732146173716e-04 2.808381977956742048e-04 3.465165209490805864e-04 5.897961556911468506e-02 1.222944469191133976e-03
2.400000000000000000e+02 4.676883690990507603e-04 1.188598835142329335e-04 2.553798840381205082e-04 3.238604986108839512e-04 4.676883690990507603e-04 1.188598835142329335e-04 2.553798840381205082e-04 3.238604986108839512e-04 5.788233503699302673e-02 1.177863567136228085e-03
2.500000000000000000e+02 4.470610292628407478e-04 1.119954176829196513e-04 2.334785676794126630e-04 3.033653774764388800e-04 4.470610292628407478e-04 1.119954176829196513e-04 2.334785676794126630e-04 3.033653774764388800e-04 5.688840150833129883e-02 1.137759303674101830e-03
2.500000000000000000e+02 3.568635729607194662e-04 1.119954176829196513e-04 2.334785676794126630e-04 3.033653774764388800e-04 4.470610292628407478e-04 1.119954176829196513e-04 2.334785676794126630e-04 3.033653774764388800e-04 5.688840150833129883e-02 1.137759303674101830e-03
2.600000000000000000e+02 9.670924046076834202e-04 8.712999406270682812e-04 2.112696412950754166e-03 1.412463607266545296e-03 1.114621525630354881e-03 8.712999406270682812e-04 2.112696412950754166e-03 1.412463607266545296e-03 8.625368028879165649e-02 2.615520730614662170e-03
2.700000000000000000e+02 3.495571436360478401e-04 6.986620719544589520e-04 8.841802482493221760e-04 8.778906194493174553e-04 4.760669835377484560e-04 6.986620719544589520e-04 8.841802482493221760e-04 8.778906194493174553e-04 6.622136384248733521e-02 1.541697420179843903e-03
2.800000000000000000e+02 3.184594970662146807e-04 1.899354829220101237e-04 2.715777081903070211e-04 3.473150718491524458e-04 4.222851130180060863e-04 1.899354829220101237e-04 2.715777081903070211e-04 3.473150718491524458e-04 5.550396069884300232e-02 1.083055743947625160e-03
2.900000000000000000e+02 2.777793270070105791e-04 9.807071182876825333e-05 1.761677995091304183e-04 2.541589201427996159e-04 3.781406849157065153e-04 9.807071182876825333e-05 1.761677995091304183e-04 2.541589201427996159e-04 5.319058895111083984e-02 9.946551872417330742e-04
3.000000000000000000e+02 2.636615245137363672e-04 8.644647459732368588e-05 1.612551568541675806e-04 2.038409875240176916e-04 3.556224983185529709e-04 8.644647459732368588e-05 1.612551568541675806e-04 2.038409875240176916e-04 5.028722807765007019e-02 8.890338358469307423e-04
3.100000000000000000e+02 2.488748286850750446e-04 7.630991603946313262e-05 1.133641490014269948e-04 1.647944445721805096e-04 3.384194278623908758e-04 7.630991603946313262e-05 1.133641490014269948e-04 1.647944445721805096e-04 4.868965223431587219e-02 8.334437152370810509e-04
3.200000000000000000e+02 2.369279536651447415e-04 6.612284050788730383e-05 9.222238440997898579e-05 1.551949681015685201e-04 3.227694251108914614e-04 6.612284050788730383e-05 9.222238440997898579e-05 1.551949681015685201e-04 4.818823561072349548e-02 8.163661113940179348e-04
3.300000000000000000e+02 2.231812104582786560e-04 5.801306906505487859e-05 7.985119009390473366e-05 1.380456524202600121e-04 3.040437004528939724e-04 5.801306906505487859e-05 7.985119009390473366e-05 1.380456524202600121e-04 4.759518802165985107e-02 7.963958196341991425e-04
3.400000000000000000e+02 2.132053923560306430e-04 5.345553654478862882e-05 7.007870590314269066e-05 1.252600050065666437e-04 2.904300054069608450e-04 5.345553654478862882e-05 7.007870590314269066e-05 1.252600050065666437e-04 4.684389755129814148e-02 7.714520324952900410e-04
3.500000000000000000e+02 2.045393775915727019e-04 4.959765283274464309e-05 6.137284071883186698e-05 1.128010262618772686e-04 2.786077093333005905e-04 4.959765283274464309e-05 6.137284071883186698e-05 1.128010262618772686e-04 4.624290391802787781e-02 7.517840131185948849e-04
3.600000000000000000e+02 1.963732356671243906e-04 4.652284769690595567e-05 5.331960346666164696e-05 1.025995370582677424e-04 2.675085852388292551e-04 4.652284769690595567e-05 5.331960346666164696e-05 1.025995370582677424e-04 4.571392387151718140e-02 7.346828351728618145e-04
3.700000000000000000e+02 1.889461564132943749e-04 4.378244557301513851e-05 4.605987851391546428e-05 9.369865438202396035e-05 2.573875244706869125e-04 4.378244557301513851e-05 4.605987851391546428e-05 9.369865438202396035e-05 4.519576206803321838e-02 7.181222317740321159e-04
3.800000000000000000e+02 1.816181320464238524e-04 4.125242048758082092e-05 4.050475035910494626e-05 8.537134272046387196e-05 2.474215580150485039e-04 4.125242048758082092e-05 4.050475035910494626e-05 8.537134272046387196e-05 4.471508041024208069e-02 7.029281114228069782e-04
3.900000000000000000e+02 1.750175142660737038e-04 3.858849231619387865e-05 3.564942744560539722e-05 7.829860987840220332e-05 2.384285471634939313e-04 3.858849231619387865e-05 3.564942744560539722e-05 7.829860987840220332e-05 4.426617175340652466e-02 6.888851639814674854e-04
4.000000000000000000e+02 1.684379676589742303e-04 3.640071372501552105e-05 3.145872688037343323e-05 7.180489774327725172e-05 2.294484293088316917e-04 3.640071372501552105e-05 3.145872688037343323e-05 7.180489774327725172e-05 4.381641000509262085e-02 6.749576423317193985e-04
4.100000000000000000e+02 1.623925782041624188e-04 3.442357046878896654e-05 2.775573011604137719e-05 6.596087769139558077e-05 2.212304243585094810e-04 3.442357046878896654e-05 2.775573011604137719e-05 6.596087769139558077e-05 4.342886433005332947e-02 6.630708230659365654e-04
4.200000000000000000e+02 1.569858141010627151e-04 3.243864193791523576e-05 2.464413228153716773e-05 6.081464744056575000e-05 2.138584532076492906e-04 3.243864193791523576e-05 2.464413228153716773e-05 6.081464744056575000e-05 4.311012104153633118e-02 6.533731939271092415e-04
4.300000000000000000e+02 1.517985510872676969e-04 3.073536572628654540e-05 2.191084240621421486e-05 5.603764657280407846e-05 2.067349996650591493e-04 3.073536572628654540e-05 2.191084240621421486e-05 5.603764657280407846e-05 4.271128401160240173e-02 6.413397495634853840e-04
4.400000000000000000e+02 1.469263661419972777e-04 2.901227526308503002e-05 1.945288931892719120e-05 5.187977876630611718e-05 2.001597458729520440e-04 2.901227526308503002e-05 1.945288931892719120e-05 5.187977876630611718e-05 4.236289486289024353e-02 6.309198215603828430e-04
4.500000000000000000e+02 1.423713110852986574e-04 2.756427966232877225e-05 1.741539563226979226e-05 4.800473834620788693e-05 1.939519715961068869e-04 2.756427966232877225e-05 1.741539563226979226e-05 4.800473834620788693e-05 4.207786172628402710e-02 6.224582321010529995e-04
4.600000000000000000e+02 1.379881723551079631e-04 2.614526965771801770e-05 1.572433211549650878e-05 4.443573197931982577e-05 1.879828196251764894e-04 2.614526965771801770e-05 1.572433211549650878e-05 4.443573197931982577e-05 4.176132008433341980e-02 6.131281843408942223e-04
4.700000000000000000e+02 1.339181908406317234e-04 2.481026422174181789e-05 1.408824027748778462e-05 4.137670475756749511e-05 1.824041682993993163e-04 2.481026422174181789e-05 1.408824027748778462e-05 4.137670475756749511e-05 4.145976528525352478e-02 6.043055327609181404e-04
4.800000000000000000e+02 1.301773154409602284e-04 2.365249747526831925e-05 1.264904585696058348e-05 3.847333573503419757e-05 1.773307740222662687e-04 2.365249747526831925e-05 1.264904585696058348e-05 3.847333573503419757e-05 4.117571562528610229e-02 5.960534908808767796e-04
4.900000000000000000e+02 1.263892045244574547e-04 2.253582897537853569e-05 1.154790516011416912e-05 3.583864236134104431e-05 1.721627049846574664e-04 2.253582897537853569e-05 1.154790516011416912e-05 3.583864236134104431e-05 4.093135520815849304e-02 5.889997701160609722e-04
5.000000000000000000e+02 1.229123445227742195e-04 2.146026963600888848e-05 1.039417838910594583e-05 3.353158172103576362e-05 1.674338127486407757e-04 2.146026963600888848e-05 1.039417838910594583e-05 3.353158172103576362e-05 4.062941297888755798e-02 5.803419626317918301e-04
5.000000000000000000e+02 9.709739242680370808e-05 2.146026963600888848e-05 1.039417838910594583e-05 3.353158172103576362e-05 1.674338127486407757e-04 2.146026963600888848e-05 1.039417838910594583e-05 3.353158172103576362e-05 4.062941297888755798e-02 5.803419626317918301e-04
5.100000000000000000e+02 5.688539822585880756e-04 2.365219173952937126e-03 1.126318122260272503e-03 1.806081971153616905e-03 3.954291460104286671e-04 2.365219173952937126e-03 1.126318122260272503e-03 1.806081971153616905e-03 7.607833296060562134e-02 2.034814562648534775e-03
5.200000000000000000e+02 3.631264844443649054e-04 2.773320593405514956e-04 5.042693810537457466e-04 3.049677761737257242e-04 3.625950776040554047e-04 2.773320593405514956e-04 5.042693810537457466e-04 3.049677761737257242e-04 5.030935630202293396e-02 8.898163796402513981e-04
5.300000000000000000e+02 1.600634568603709340e-04 1.282421144424006343e-04 1.308766368310898542e-04 1.457926700823009014e-04 2.364036481594666839e-04 1.282421144424006343e-04 1.308766368310898542e-04 1.457926700823009014e-04 4.212112352252006531e-02 6.237389170564711094e-04
5.400000000000000000e+02 8.681361214257776737e-05 3.417259358684532344e-05 2.180611772928386927e-05 4.683609586209058762e-05 1.482281368225812912e-04 3.417259358684532344e-05 2.180611772928386927e-05 4.683609586209058762e-05 3.977888450026512146e-02 5.562987644225358963e-04
5.500000000000000000e+02 9.591900743544101715e-05 3.843953527393750846e-05 3.378792825969867408e-05 5.158211206435225904e-05 1.517415366834029555e-04 3.843953527393750846e-05 3.378792825969867408e-05 5.158211206435225904e-05 3.952259570360183716e-02 5.491536576300859451e-04
5.600000000000000000e+02 8.460476237814873457e-05 1.903157681226730347e-05 1.110518769564805552e-05 2.297655009897425771e-05 1.450221025152131915e-04 1.903157681226730347e-05 1.110518769564805552e-05 2.297655009897425771e-05 3.860326111316680908e-02 5.239029997028410435e-04
5.700000000000000000e+02 8.486206206725910306e-05 1.798533412511460483e-05 9.577684068062808365e-06 2.400470657448749989e-05 1.443414803361520171e-04 1.798533412511460483e-05 9.577684068062808365e-06 2.400470657448749989e-05 3.856699541211128235e-02 5.229191156104207039e-04
5.800000000000000000e+02 8.099609840428456664e-05 1.425574009772390127e-05 7.402620667562587187e-06 1.986575261980760843e-05 1.394464488839730620e-04 1.425574009772390127e-05 7.402620667562587187e-06 1.986575261980760843e-05 3.842094540596008301e-02 5.189661751501262188e-04
5.900000000000000000e+02 7.950908911880105734e-05 1.362682996841613203e-05 6.128214863565517589e-06 1.896634421427734196e-05 1.371177058899775147e-04 1.362682996841613203e-05 6.128214863565517589e-06 1.896634421427734196e-05 3.826349228620529175e-02 5.147212068550288677e-04
6.000000000000000000e+02 7.857641321606934071e-05 1.293876539421034977e-05 5.339284143701661378e-06 1.837464878917671740e-05 1.355008425889536738e-04 1.293876539421034977e-05 5.339284143701661378e-06 1.837464878917671740e-05 3.815963119268417358e-02 5.119307315908372402e-04
6.100000000000000000e+02 7.747006020508706570e-05 1.262912610400235280e-05 4.989179160475032404e-06 1.723031709843780845e-05 1.335997076239436865e-04 1.262912610400235280e-05 4.989179160475032404e-06 1.723031709843780845e-05 3.799399361014366150e-02 5.074960645288228989e-04
6.200000000000000000e+02 7.631783955730497837e-05 1.226997119374573231e-05 4.396468739287229255e-06 1.657145548961125314e-05 1.316205598413944244e-04 1.226997119374573231e-05 4.396468739287229255e-06 1.657145548961125314e-05 3.783056139945983887e-02 5.031395121477544308e-04
6.300000000000000000e+02 7.514932076446712017e-05 1.182525647891452536e-05 4.136677034694002941e-06 1.587768201716244221e-05 1.295936817768961191e-04 1.182525647891452536e-05 4.136677034694002941e-06 1.587768201716244221e-05 3.775652498006820679e-02 5.011720932088792324e-04
6.400000000000000000e+02 7.392849511234089732e-05 1.144687394116772339e-05 3.808027486229548231e-06 1.523769060440827161e-05 1.274938549613580108e-04 1.144687394116772339e-05 3.808027486229548231e-06 1.523769060440827161e-05 3.764284774661064148e-02 4.981587990187108517e-04
6.500000000000000000e+02 7.274212111951783299e-05 1.113204052671790123e-05 3.513276624289574102e-06 1.461018746340414509e-05 1.254394883289933205e-04 1.113204052671790123e-05 3.513276624289574102e-06 1.461018746340414509e-05 3.753386810421943665e-02 4.952786257490515709e-04
6.600000000000000000e+02 7.161108806030824780e-05 1.078973036783281714e-05 3.273574520790134557e-06 1.401383815391454846e-05 1.234768860740587115e-04 1.078973036783281714e-05 3.273574520790134557e-06 1.401383815391454846e-05 3.742272779345512390e-02 4.923498490825295448e-04
6.700000000000000000e+02 7.052021101117134094e-05 1.052216066455002874e-05 3.047003474421217106e-06 1.339231221209047362e-05 1.216119198943488300e-04 1.052216066455002874e-05 3.047003474421217106e-06 1.339231221209047362e-05 3.730640187859535217e-02 4.892936558462679386e-04
6.800000000000000000e+02 6.940369348740205169e-05 1.015252655633958057e-05 2.809041234286269173e-06 1.292679462494561449e-05 1.196959274238906801e-04 1.015252655633958057e-05 2.809041234286269173e-06 1.292679462494561449e-05 3.715454041957855225e-02 4.853182763326913118e-04
6.900000000000000000e+02 6.829538324382156134e-05 9.863767445494886488e-06 2.655416665220400319e-06 1.236713706020964310e-05 1.177829399239271879e-04 9.863767445494886488e-06 2.655416665220400319e-06 1.236713706020964310e-05 3.702757880091667175e-02 4.820071917492896318e-04
7.000000000000000000e+02 6.728318840032443404e-05 9.571616828907281160e-06 2.474959728715475649e-06 1.184776374429930001e-05 1.159909152192994952e-04 9.571616828907281160e-06 2.474959728715475649e-06 1.184776374429930001e-05 3.689216077327728271e-02 4.784880729857832193e-04
7.100000000000000000e+02 6.620847852900624275e-05 9.331788533017970622e-06 2.300839014424127527e-06 1.138915104093030095e-05 1.141856482718139887e-04 9.331788533017970622e-06 2.300839014424127527e-06 1.138915104093030095e-05 3.677271306514739990e-02 4.753945686388760805e-04
7.200000000000000000e+02 6.517489964608103037e-05 9.050946573552209884e-06 2.204590828114305623e-06 1.086291467800037935e-05 1.124015761888585985e-04 9.050946573552209884e-06 2.204590828114305623e-06 1.086291467800037935e-05 3.668791800737380981e-02 4.732047673314809799e-04
7.300000000000000000e+02 6.411881622625514865e-05 8.777943548921030015e-06 2.064756472464068793e-06 1.048520698532229289e-05 1.105813717003911734e-04 8.777943548921030015e-06 2.064756472464068793e-06 1.048520698532229289e-05 3.653964027762413025e-02 4.693874216172844172e-04
7.400000000000000000e+02 6.307429430307820439e-05 8.506406629749108106e-06 1.970170842469087802e-06 1.005089325190056115e-05 1.087690397980622947e-04 8.506406629749108106e-06 1.970170842469087802e-06 1.005089325190056115e-05 3.641515225172042847e-02 4.661945567931979895e-04
7.500000000000000000e+02 6.199954077601432800e-05 8.264418283943086863e-06 1.832023713177477475e-06 9.689803846413269639e-06 1.069138088496401906e-04 8.264418283943086863e-06 1.832023713177477475e-06 9.689803846413269639e-06 3.630614280700683594e-02 4.634075157810002565e-04
7.500000000000000000e+02 5.123882510815747082e-05 8.264418283943086863e-06 1.832023713177477475e-06 9.689803846413269639e-06 1.069138088496401906e-04 8.264418283943086863e-06 1.832023713177477475e-06 9.689803846413269639e-06 3.630614280700683594e-02 4.634075157810002565e-04
7.600000000000000000e+02 2.071091905236244202e-03 3.209080547094345093e-03 2.584950532764196396e-03 2.880492713302373886e-03 1.882787095382809639e-03 3.209080547094345093e-03 2.584950532764196396e-03 2.880492713302373886e-03 9.234771132469177246e-02 2.998162060976028442e-03
7.700000000000000000e+02 5.884082638658583164e-04 4.877673927694559097e-04 1.154003082774579525e-03 6.768238381482660770e-04 7.263513980433344841e-04 4.877673927694559097e-04 1.154003082774579525e-03 6.768238381482660770e-04 6.004585325717926025e-02 1.267561223357915878e-03
7.800000000000000000e+02 7.859615288907662034e-05 9.678264177637174726e-05 9.707685967441648245e-05 1.128072690335102379e-04 1.338273286819458008e-04 9.678264177637174726e-05 9.707685967441648245e-05 1.128072690335102379e-04 3.951789066195487976e-02 5.490228650160133839e-04
7.900000000000000000e+02 1.699168642517179251e-04 1.038128320942632854e-04 1.673125225352123380e-04 1.327183854300528765e-04 2.397553325863555074e-04 1.038128320942632854e-04 1.673125225352123380e-04 1.327183854300528765e-04 4.354741424322128296e-02 6.666958215646445751e-04
8.000000000000000000e+02 6.378904799930751324e-05 5.313520159688778222e-05 5.250396134215407073e-05 5.320013224263675511e-05 1.264454476768150926e-04 5.313520159688778222e-05 5.250396134215407073e-05 5.320013224263675511e-05 3.825336694717407227e-02 5.144489114172756672e-04
8.100000000000000000e+02 7.146474672481417656e-05 2.915050754381809384e-05 3.016290429513901472e-05 2.564015085226856172e-05 1.288149651372805238e-04 2.915050754381809384e-05 3.016290429513901472e-05 2.564015085226856172e-05 3.664341568946838379e-02 4.720573779195547104e-04
8.200000000000000000e+02 5.562412115978077054e-05 1.363454794045537710e-05 1.082947073882678524e-05 1.346683075098553672e-05 1.154484270955435932e-04 1.363454794045537710e-05 1.082947073882678524e-05 1.346683075098553672e-05 3.652120009064674377e-02 4.689136985689401627e-04
8.300000000000000000e+02 5.625251651508733630e-05 1.043412612489191815e-05 9.929055522661656141e-06 1.398771746607962996e-05 1.130738819483667612e-04 1.043412612489191815e-05 9.929055522661656141e-06 1.398771746607962996e-05 3.595586493611335754e-02 4.545088740997016430e-04
8.400000000000000000e+02 5.346569014363922179e-05 8.485451871820259839e-06 6.886653409310383722e-06 1.240147412318037823e-05 1.100349327316507697e-04 8.485451871820259839e-06 6.886653409310383722e-06 1.240147412318037823e-05 3.614855185151100159e-02 4.593932826537638903e-04
8.500000000000000000e+02 5.181485539651475847e-05 8.555019121558871120e-06 5.144088845554506406e-06 9.878289347398094833e-06 1.081013615475967526e-04 8.555019121558871120e-06 5.144088845554506406e-06 9.878289347398094833e-06 3.591865301132202148e-02 4.535685293376445770e-04
8.600000000000000000e+02 5.108541517984122038e-05 8.091444215096998960e-06 4.404158516990719363e-06 9.460002729611005634e-06 1.066050608642399311e-04 8.091444215096998960e-06 4.404158516990719363e-06 9.460002729611005634e-06 3.584124892950057983e-02 4.516158369369804859e-04
8.700000000000000000e+02 5.040994801674969494e-05 7.846050721127539873e-06 3.910909526894101873e-06 8.975230230134911835e-06 1.052007646649144590e-04 7.846050721127539873e-06 3.910909526894101873e-06 8.975230230134911835e-06 3.575515002012252808e-02 4.494486493058502674e-04
8.800000000000000000e+02 4.976940181222744286e-05 7.596115665364777669e-06 3.419475206101196818e-06 8.609663382230792195e-06 1.038641930790618062e-04 7.596115665364777669e-06 3.419475206101196818e-06 8.609663382230792195e-06 3.561206534504890442e-02 4.458587209228426218e-04
8.900000000000000000e+02 4.926457404508255422e-05 7.330466814892133698e-06 3.034129804291296750e-06 8.353933480975683779e-06 1.028058250085450709e-04 7.330466814892133698e-06 3.034129804291296750e-06 8.353933480975683779e-06 3.553584218025207520e-02 4.439520998857915401e-04
9.000000000000000000e+02 4.880318738287314773e-05 7.115178505046060309e-06 2.746358177319052629e-06 8.069420800893567502e-06 1.018480179482139647e-04 7.115178505046060309e-06 2.746358177319052629e-06 8.069420800893567502e-06 3.547492995858192444e-02 4.424314829520881176e-04
9.100000000000000000e+02 4.830989564652554691e-05 6.924651188455754891e-06 2.490932047294336371e-06 7.823800842743366957e-06 1.007995742838829756e-04 6.924651188455754891e-06 2.490932047294336371e-06 7.823800842743366957e-06 3.542143106460571289e-02 4.410980618558824062e-04
9.200000000000000000e+02 4.785815326613374054e-05 6.760133146599400789e-06 2.277083240187494084e-06 7.569653462269343436e-06 9.987143130274489522e-05 6.760133146599400789e-06 2.277083240187494084e-06 7.569653462269343436e-06 3.535642474889755249e-02 4.394805291667580605e-04
9.300000000000000000e+02 4.745272235595621169e-05 6.578672127943718806e-06 2.085745109070558101e-06 7.378632744803326204e-06 9.903083991957828403e-05 6.578672127943718806e-06 2.085745109070558101e-06 7.378632744803326204e-06 3.530399873852729797e-02 4.381781036499887705e-04
9.400000000000000000e+02 4.705948231276124716e-05 6.442801804951159284e-06 1.913231244543567300e-06 7.170997832872672006e-06 9.818969556363299489e-05 6.442801804951159284e-06 1.913231244543567300e-06 7.170997832872672006e-06 3.524274006485939026e-02 4.366588545963168144e-04
9.500000000000000000e+02 4.659297337639145553e-05 6.317749011941486970e-06 1.757080326569848694e-06 6.980812031542882323e-06 9.723698167363181710e-05 6.317749011941486970e-06 1.757080326569848694e-06 6.980812031542882323e-06 3.517792001366615295e-02 4.350540402811020613e-04
9.600000000000000000e+02 4.618274397216737270e-05 6.170102551550371572e-06 1.643614496060763486e-06 6.827381639595841989e-06 9.637974289944395423e-05 6.170102551550371572e-06 1.643614496060763486e-06 6.827381639595841989e-06 3.512243926525115967e-02 4.336827551014721394e-04
9.700000000000000000e+02 4.578837251756340265e-05 6.056304300727788359e-06 1.517907207926327828e-06 6.661850875389063731e-06 9.555813448969274759e-05 6.056304300727788359e-06 1.517907207926327828e-06 6.661850875389063731e-06 3.505277633666992188e-02 4.319642321206629276e-04
9.800000000000000000e+02 4.537461791187524796e-05 5.947659701632801443e-06 1.440549226572329644e-06 6.499762093881145120e-06 9.469470387557521462e-05 5.947659701632801443e-06 1.440549226572329644e-06 6.499762093881145120e-06 3.498230874538421631e-02 4.302291199564933777e-04
9.900000000000000000e+02 4.496521069086156785e-05 5.802724444947671145e-06 1.351219907519407570e-06 6.383992058545118198e-06 9.382085409015417099e-05 5.802724444947671145e-06 1.351219907519407570e-06 6.383992058545118198e-06 3.490656614303588867e-02 4.283681046217679977e-04
1.000000000000000000e+03 4.459323827177286148e-05 5.718731699744239450e-06 1.251670255442149937e-06 6.223533546290127560e-06 9.305705316364765167e-05 5.718731699744239450e-06 1.251670255442149937e-06 6.223533546290127560e-06 3.485419601202011108e-02 4.270837234798818827e-04
1.000000000000000000e+03 4.459323827177286148e-05 5.718731699744239450e-06 1.251670255442149937e-06 6.223533546290127560e-06 9.305705316364765167e-05 5.718731699744239450e-06 1.251670255442149937e-06 6.223533546290127560e-06 3.485419601202011108e-02 4.270837234798818827e-04
1.000000000000000000e+03 4.459323827177286148e-05 5.718731699744239450e-06 1.251670255442149937e-06 6.223533546290127560e-06 9.305705316364765167e-05 5.718731699744239450e-06 1.251670255442149937e-06 6.223533546290127560e-06 3.485419601202011108e-02 4.270837234798818827e-04
1.000000000000000000e+03 4.459323827177286148e-05 5.718731699744239450e-06 1.251670255442149937e-06 6.223533546290127560e-06 9.305705316364765167e-05 5.718731699744239450e-06 1.251670255442149937e-06 6.223533546290127560e-06 3.485419601202011108e-02 4.270837234798818827e-04
1.000000000000000000e+03 4.459323827177286148e-05 5.718731699744239450e-06 1.251670255442149937e-06 6.223533546290127560e-06 9.305705316364765167e-05 5.718731699744239450e-06 1.251670255442149937e-06 6.223533546290127560e-06 3.485419601202011108e-02 4.270837234798818827e-04
1.000000000000000000e+03 4.459323827177286148e-05 5.718731699744239450e-06 1.251670255442149937e-06 6.223533546290127560e-06 9.305705316364765167e-05 5.718731699744239450e-06 1.251670255442149937e-06 6.223533546290127560e-06 3.485419601202011108e-02 4.270837234798818827e-04
1.010000000000000000e+03 1.022119176923297346e-04 2.168842125684022903e-03 9.191536228172481060e-04 1.826420892030000687e-03 1.950190198840573430e-04 2.168842125684022903e-03 9.191536228172481060e-04 1.826420892030000687e-03 7.381259649991989136e-02 1.915419241413474083e-03
1.020000000000000000e+03 1.756547862896695733e-04 6.591819692403078079e-04 3.298021038062870502e-04 4.839087778236716986e-04 1.253454393008723855e-04 6.591819692403078079e-04 3.298021038062870502e-04 4.839087778236716986e-04 4.848782345652580261e-02 8.265483775176107883e-04
1.030000000000000000e+03 4.516513217822648585e-05 4.054579767398536205e-05 5.656617213389836252e-05 5.697804590454325080e-05 9.059024887392297387e-05 4.054579767398536205e-05 5.656617213389836252e-05 5.697804590454325080e-05 3.781931474804878235e-02 5.028404411859810352e-04
1.040000000000000000e+03 4.761886521009728312e-05 1.245668099727481604e-04 4.303956666262820363e-05 7.631523476447910070e-05 9.814602526603266597e-05 1.245668099727481604e-04 4.303956666262820363e-05 7.631523476447910070e-05 3.418744727969169617e-02 4.109001311007887125e-04
1.050000000000000000e+03 4.160853495704941452e-05 1.521269041404593736e-05 9.913579560816287994e-06 1.191793671750929207e-05 8.683346095494925976e-05 1.521269041404593736e-05 9.913579560816287994e-06 1.191793671750929207e-05 3.449572622776031494e-02 4.183440178167074919e-04
1.050000000000000000e+03 2.409158332739025354e-04 1.521269041404593736e-05 9.913579560816287994e-06 1.191793671750929207e-05 8.683346095494925976e-05 1.521269041404593736e-05 9.913579560816287994e-06 1.191793671750929207e-05 3.449572622776031494e-02 4.183440178167074919e-04
1.060000000000000000e+03 8.239186136052012444e-04 1.798082492314279079e-03 1.994887366890907288e-03 2.241667127236723900e-03 1.231796573847532272e-03 1.798082492314279079e-03 1.994887366890907288e-03 2.241667127236723900e-03 8.125241100788116455e-02 2.321001607924699783e-03
1.070000000000000000e+03 1.773489784682169557e-04 4.715198592748492956e-04 2.295216836500912905e-04 3.569740219973027706e-04 3.197121550329029560e-04 4.715198592748492956e-04 2.295216836500912905e-04 3.569740219973027706e-04 4.212588071823120117e-02 6.238797213882207870e-04
1.080000000000000000e+03 2.110673085553571582e-04 1.521098893135786057e-04 1.813759881770238280e-04 1.457773760193958879e-04 1.498586934758350253e-04 1.521098893135786057e-04 1.813759881770238280e-04 1.457773760193958879e-04 4.000628367066383362e-02 5.626772763207554817e-04
1.090000000000000000e+03 7.262987492140382528e-05 5.605096157523803413e-05 6.111076800152659416e-05 7.039155025267973542e-05 1.187344896607100964e-04 5.605096157523803413e-05 6.111076800152659416e-05 7.039155025267973542e-05 3.605117648839950562e-02 4.569216980598866940e-04
1.100000000000000000e+03 4.171382533968426287e-05 2.688751555979251862e-05 2.132182089553680271e-05 2.240389221697114408e-05 1.013343426166102290e-04 2.688751555979251862e-05 2.132182089553680271e-05 2.240389221697114408e-05 3.309393301606178284e-02 3.850345383398234844e-04
1.100000000000000000e+03 3.663461029645986855e-05 2.688751555979251862e-05 2.132182089553680271e-05 2.240389221697114408e-05 1.013343426166102290e-04 2.688751555979251862e-05 2.132182089553680271e-05 2.240389221697114408e-05 3.309393301606178284e-02 3.850345383398234844e-04
1.110000000000000000e+03 9.407945908606052399e-04 2.428500680252909660e-03 1.176152029074728489e-03 1.674690749496221542e-03 6.433557718992233276e-04 2.428500680252909660e-03 1.176152029074728489e-03 1.674690749496221542e-03 6.926189363002777100e-02 1.686520408838987350e-03
1.120000000000000000e+03 4.268717311788350344e-04 7.591636967845261097e-04 6.902544409967958927e-04 7.320086588151752949e-04 2.594768593553453684e-04 7.591636967845261097e-04 6.902544409967958927e-04 7.320086588151752949e-04 5.732915922999382019e-02 1.155457692220807076e-03
1.130000000000000000e+03 4.344996341387741268e-05 1.215041847899556160e-04 1.806554500944912434e-04 2.135337999789044261e-04 1.132858524215407670e-04 1.215041847899556160e-04 1.806554500944912434e-04 2.135337999789044261e-04 4.274160787463188171e-02 6.422507576644420624e-04
1.140000000000000000e+03 3.766215741052292287e-05 7.355461275437846780e-05 6.638358900090679526e-05 8.746198727749288082e-05 9.879020944936200976e-05 7.355461275437846780e-05 6.638358900090679526e-05 8.746198727749288082e-05 3.593803569674491882e-02 4.540581721812486649e-04
1.150000000000000000e+03 4.581094981404021382e-05 2.099904668284580112e-05 3.490638846415095031e-05 2.965764542750548571e-05 1.075462205335497856e-04 2.099904668284580112e-05 3.490638846415095031e-05 2.965764542750548571e-05 3.432335332036018372e-02 4.141735844314098358e-04
1.150000000000000000e+03 4.182960401521995664e-05 2.099904668284580112e-05 3.490638846415095031e-05 2.965764542750548571e-05 1.075462205335497856e-04 2.099904668284580112e-05 3.490638846415095031e-05 2.965764542750548571e-05 3.432335332036018372e-02 4.141735844314098358e-04
1.160000000000000000e+03 2.000291831791400909e-03 1.709588454104959965e-03 2.146384445950388908e-03 1.623649382963776588e-03 1.385445590130984783e-03 1.709588454104959965e-03 2.146384445950388908e-03 1.623649382963776588e-03 7.711458951234817505e-02 2.090624300763010979e-03
1.170000000000000000e+03 1.071002770913764834e-04 2.498503017704933882e-04 2.687476808205246925e-04 2.869970630854368210e-04 1.921518996823579073e-04 2.498503017704933882e-04 2.687476808205246925e-04 2.869970630854368210e-04 4.774326458573341370e-02 8.013589540496468544e-04
1.180000000000000000e+03 1.240707060787826777e-04 2.201106835855171084e-04 2.383808605372905731e-04 2.128110500052571297e-04 1.860756165115162730e-04 2.201106835855171084e-04 2.383808605372905731e-04 2.128110500052571297e-04 4.100118577480316162e-02 5.910112522542476654e-04
1.190000000000000000e+03 4.468809129321016371e-05 5.651252649840898812e-05 1.038468253682367504e-04 9.921042510541155934e-05 1.279732678085565567e-04 5.651252649840898812e-05 1.038468253682367504e-04 9.921042510541155934e-05 3.722446784377098083e-02 4.871468700002878904e-04
1.200000000000000000e+03 3.915583511115983129e-05 3.751425902009941638e-05 4.028678085887804627e-05 4.617885133484378457e-05 1.035799868986941874e-04 3.751425902009941638e-05 4.028678085887804627e-05 4.617885133484378457e-05 3.487017005681991577e-02 4.274751991033554077e-04
1.200000000000000000e+03 3.915583511115983129e-05 3.751425902009941638e-05 4.028678085887804627e-05 4.617885133484378457e-05 1.035799868986941874e-04 3.751425902009941638e-05 4.028678085887804627e-05 4.617885133484378457e-05 3.487017005681991577e-02 4.274751991033554077e-04
1.210000000000000000e+03 5.816372140543535352e-05 1.435005338862538338e-03 6.749228923581540585e-04 1.203169347718358040e-03 1.549673906993120909e-04 1.435005338862538338e-03 6.749228923581540585e-04 1.203169347718358040e-03 6.449986994266510010e-02 1.462583313696086407e-03
1.220000000000000000e+03 4.216793968225829303e-05 2.980908029712736607e-04 1.848487299866974354e-04 2.837794017978012562e-04 1.284905738430097699e-04 2.980908029712736607e-04 1.848487299866974354e-04 2.837794017978012562e-04 4.328917339444160461e-02 6.588120013475418091e-04
1.230000000000000000e+03 4.608906601788476110e-05 5.611087181023322046e-05 1.049337006406858563e-04 9.228334965882822871e-05 1.159099920187145472e-04 5.611087181023322046e-05 1.049337006406858563e-04 9.228334965882822871e-05 3.555917367339134216e-02 4.445352824404835701e-04
1.240000000000000000e+03 3.868484418489970267e-05 7.928205741336569190e-05 5.857037831447087228e-05 6.936699355719611049e-05 1.006217571557499468e-04 7.928205741336569190e-05 5.857037831447087228e-05 6.936699355719611049e-05 3.293856605887413025e-02 3.814278461504727602e-04
1.250000000000000000e+03 3.210903378203511238e-05 1.877483191492501646e-05 2.331035284441895783e-05 2.776902147161308676e-05 9.932876855600625277e-05 1.877483191492501646e-05 2.331035284441895783e-05 2.776902147161308676e-05 3.325015679001808167e-02 3.886783670168370008e-04
1.250000000000000000e+03 1.320846786256879568e-04 1.877483191492501646e-05 2.331035284441895783e-05 2.776902147161308676e-05 9.932876855600625277e-05 1.877483191492501646e-05 2.331035284441895783e-05 2.776902147161308676e-05 3.325015679001808167e-02 3.886783670168370008e-04
1.260000000000000000e+03 4.309196956455707550e-04 3.307001432403922081e-03 1.183810411021113396e-03 2.296339720487594604e-03 9.450777433812618256e-04 3.307001432403922081e-03 1.183810411021113396e-03 2.296339720487594604e-03 7.171438634395599365e-02 1.808070810511708260e-03
1.270000000000000000e+03 2.850554010365158319e-04 7.744350587017834187e-04 3.946401702705770731e-04 5.522628780454397202e-04 1.909654674818739295e-04 7.744350587017834187e-04 3.946401702705770731e-04 5.522628780454397202e-04 4.653400927782058716e-02 7.612789631821215153e-04
1.280000000000000000e+03 1.939059293363243341e-04 1.825880317483097315e-04 1.630270126042887568e-04 1.528474967926740646e-04 1.393702987115830183e-04 1.825880317483097315e-04 1.630270126042887568e-04 1.528474967926740646e-04 3.778897225856781006e-02 5.020339158363640308e-04
1.290000000000000000e+03 3.370165723026730120e-05 1.093141254386864603e-04 9.877069533104076982e-05 9.099201270146295428e-05 1.181059415102936327e-04 1.093141254386864603e-04 9.877069533104076982e-05 9.099201270146295428e-05 3.563351184129714966e-02 4.463958321139216423e-04
1.300000000000000000e+03 3.400614878046326339e-05 3.821546488325111568e-05 4.670069029089063406e-05 4.215634180582128465e-05 1.048770136549137533e-04 3.821546488325111568e-05 4.670069029089063406e-05 4.215634180582128465e-05 3.323844075202941895e-02 3.884044126607477665e-04
1.300000000000000000e+03 3.210619252058677375e-05 3.821546488325111568e-05 4.670069029089063406e-05 4.215634180582128465e-05 1.048770136549137533e-04 3.821546488325111568e-05 4.670069029089063406e-05 4.215634180582128465e-05 3.323844075202941895e-02 3.884044126607477665e-04
1.310000000000000000e+03 3.531837501213885844e-05 7.806449430063366890e-04 5.692098638974130154e-04 7.284826133400201797e-04 1.190727416542358696e-04 7.806449430063366890e-04 5.692098638974130154e-04 7.284826133400201797e-04 5.362499132752418518e-02 1.010967884212732315e-03
1.320000000000000000e+03 1.625762815820053220e-04 2.385435218457132578e-04 4.438553878571838140e-04 3.945645585190504789e-04 2.370510919718071818e-04 2.385435218457132578e-04 4.438553878571838140e-04 3.945645585190504789e-04 4.938840121030807495e-02 8.575369720347225666e-04
1.330000000000000000e+03 9.819546539802104235e-05 1.275636750506237149e-04 9.037623385665938258e-05 1.377571752527728677e-04 1.575880305608734488e-04 1.275636750506237149e-04 9.037623385665938258e-05 1.377571752527728677e-04 3.619316965341567993e-02 4.605280701071023941e-04
1.340000000000000000e+03 3.405583993298932910e-05 6.856875552330166101e-05 5.770751886302605271e-05 6.267820572247728705e-05 1.271287037525326014e-04 6.856875552330166101e-05 5.770751886302605271e-05 6.267820572247728705e-05 3.473914414644241333e-02 4.242687718942761421e-04
1.350000000000000000e+03 3.901188756572082639e-05 1.436349702998995781e-05 1.513821189291775227e-05 2.307818431290797889e-05 1.206127271871082485e-04 1.436349702998995781e-05 1.513821189291775227e-05 2.307818431290797889e-05 3.142336383461952209e-02 3.471428644843399525e-04
1.350000000000000000e+03 3.604719313443638384e-05 1.436349702998995781e-05 1.513821189291775227e-05 2.307818431290797889e-05 1.206127271871082485e-04 1.436349702998995781e-05 1.513821189291775227e-05 2.307818431290797889e-05 3.142336383461952209e-02 3.471428644843399525e-04
1.360000000000000000e+03 4.304468166083097458e-04 1.605674508027732372e-03 1.067391596734523773e-03 1.087734941393136978e-03 3.995773149654269218e-04 1.605674508027732372e-03 1.067391596734523773e-03 1.087734941393136978e-03 6.199516728520393372e-02 1.351197017356753349e-03
1.370000000000000000e+03 1.832705747801810503e-04 2.687634259928017855e-04 2.438323572278022766e-04 2.044469147222116590e-04 1.463106018491089344e-04 2.687634259928017855e-04 2.438323572278022766e-04 2.044469147222116590e-04 3.819661960005760193e-02 5.129236960783600807e-04
1.380000000000000000e+03 4.888091280008666217e-05 1.477484183851629496e-04 1.317673450103029609e-04 1.644912408664822578e-04 1.222512219101190567e-04 1.477484183851629496e-04 1.317673450103029609e-04 1.644912408664822578e-04 3.816234692931175232e-02 5.120036075823009014e-04
1.390000000000000000e+03 2.485039294697344303e-05 4.814345811610110104e-05 4.718808850157074630e-05 6.427257176255807281e-05 1.025488963932730258e-04 4.814345811610110104e-05 4.718808850157074630e-05 6.427257176255807281e-05 3.410112485289573669e-02 4.088277055416256189e-04
1.400000000000000000e+03 2.738815237535163760e-05 1.817453812691383064e-05 2.035819670709315687e-05 2.830534504028037190e-05 9.965324716176837683e-05 1.817453812691383064e-05 2.035819670709315687e-05 2.830534504028037190e-05 3.166950494050979614e-02 3.526025684550404549e-04
1.400000000000000000e+03 2.738815237535163760e-05 1.817453812691383064e-05 2.035819670709315687e-05 2.830534504028037190e-05 9.965324716176837683e-05 1.817453812691383064e-05 2.035819670709315687e-05 2.830534504028037190e-05 3.166950494050979614e-02 3.526025684550404549e-04
1.410000000000000000e+03 3.923916665371507406e-04 2.245068753836676478e-04 5.939028342254459858e-04 4.065832763444632292e-04 4.048743285238742828e-04 2.245068753836676478e-04 5.939028342254459858e-04 4.065832763444632292e-04 4.896483570337295532e-02 8.428911678493022919e-04
1.420000000000000000e+03 4.926743713440373540e-05 3.010342770721763372e-04 3.224244865123182535e-04 3.488632792141288519e-04 1.463571679778397083e-04 3.010342770721763372e-04 3.224244865123182535e-04 3.488632792141288519e-04 4.530163481831550598e-02 7.214905344881117344e-04
1.430000000000000000e+03 8.499452087562531233e-05 1.075054897228255868e-04 1.433961879229173064e-04 1.589562889421358705e-04 1.502379891462624073e-04 1.075054897228255868e-04 1.433961879229173064e-04 1.589562889421358705e-04 3.712274134159088135e-02 4.844879731535911560e-04
1.440000000000000000e+03 2.856830178643576801e-05 4.260361674823798239e-05 5.679567038896493614e-05 5.584232712863013148e-05 1.124800037359818816e-04 4.260361674823798239e-05 5.679567038896493614e-05 5.584232712863013148e-05 3.323428705334663391e-02 3.883074095938354731e-04
1.450000000000000000e+03 2.381453487032558769e-05 1.130341843236237764e-05 1.688888369244523346e-05 1.698799496807623655e-05 9.933793626260012388e-05 1.130341843236237764e-05 1.688888369244523346e-05 1.698799496807623655e-05 3.081678412854671478e-02 3.338700917083770037e-04
1.450000000000000000e+03 2.798562672978732735e-05 1.130341843236237764e-05 1.688888369244523346e-05 1.698799496807623655e-05 9.933793626260012388e-05 1.130341843236237764e-05 1.688888369244523346e-05 1.698799496807623655e-05 3.081678412854671478e-02 3.338700917083770037e-04
1.460000000000000000e+03 4.341197200119495392e-04 2.563839952927082777e-04 7.529992726631462574e-04 4.691995272878557444e-04 4.354518896434456110e-04 2.563839952927082777e-04 7.529992726631462574e-04 4.691995272878557444e-04 4.799141362309455872e-02 8.097109966911375523e-04
1.470000000000000000e+03 7.318378629861399531e-05 1.419122272636741400e-04 2.328700211364775896e-04 2.424703125143423676e-04 1.503135717939585447e-04 1.419122272636741400e-04 2.328700211364775896e-04 2.424703125143423676e-04 4.153025150299072266e-02 6.063620676286518574e-04
1.480000000000000000e+03 2.644864616740960628e-05 7.029243715805932879e-05 1.122546527767553926e-04 8.553453517379239202e-05 1.135232450906187296e-04 7.029243715805932879e-05 1.122546527767553926e-04 8.553453517379239202e-05 3.339787572622299194e-02 3.921395109500735998e-04
1.490000000000000000e+03 2.155305446649435908e-05 2.588437382655683905e-05 4.187492959317751229e-05 4.355430792202241719e-05 9.649965068092569709e-05 2.588437382655683905e-05 4.187492959317751229e-05 4.355430792202241719e-05 3.242744505405426025e-02 3.696820349432528019e-04
1.500000000000000000e+03 2.247153315693140030e-05 1.173667715193005279e-05 2.158908137062098831e-05 2.035912984865717590e-05 9.537141158943995833e-05 1.173667715193005279e-05 2.158908137062098831e-05 2.035912984865717590e-05 3.094995021820068359e-02 3.367618483025580645e-04
1.500000000000000000e+03 2.105584462697152048e-05 1.173667715193005279e-05 2.158908137062098831e-05 2.035912984865717590e-05 9.537141158943995833e-05 1.173667715193005279e-05 2.158908137062098831e-05 2.035912984865717590e-05 3.094995021820068359e-02 3.367618483025580645e-04
1.510000000000000000e+03 4.622939741238951683e-05 2.676743897609412670e-04 3.784786968026310205e-04 3.872692468576133251e-04 1.437479077139869332e-04 2.676743897609412670e-04 3.784786968026310205e-04 3.872692468576133251e-04 4.245692864060401917e-02 6.337238592095673084e-04
1.520000000000000000e+03 7.558269135188311338e-05 1.655177038628607988e-04 1.743611937854439020e-04 1.564313861308619380e-04 1.425069203833118081e-04 1.655177038628607988e-04 1.743611937854439020e-04 1.564313861308619380e-04 3.534752130508422852e-02 4.392591945361346006e-04
1.530000000000000000e+03 3.470537922112271190e-05 5.188010618439875543e-05 6.910193042131140828e-05 8.725310908630490303e-05 1.134749618358910084e-04 5.188010618439875543e-05 6.910193042131140828e-05 8.725310908630490303e-05 3.174459561705589294e-02 3.542766207829117775e-04
1.540000000000000000e+03 2.721266537264455110e-05 2.044016400759574026e-05 3.518141238600946963e-05 3.555295188562013209e-05 1.064932876033708453e-04 2.044016400759574026e-05 3.518141238600946963e-05 3.555295188562013209e-05 3.009499795734882355e-02 3.184135421179234982e-04
1.550000000000000000e+03 2.274563121318351477e-05 1.306068861595122144e-05 1.913286723720375448e-05 1.971866004168987274e-05 9.360656986245885491e-05 1.306068861595122144e-05 1.913286723720375448e-05 1.971866004168987274e-05 3.004674240946769714e-02 3.173932200297713280e-04
1.550000000000000000e+03 2.205359851359389722e-05 1.306068861595122144e-05 1.913286723720375448e-05 1.971866004168987274e-05 9.360656986245885491e-05 1.306068861595122144e-05 1.913286723720375448e-05 1.971866004168987274e-05 3.004674240946769714e-02 3.173932200297713280e-04
1.560000000000000000e+03 3.666786360554397106e-04 2.040460094576701522e-04 3.897703427355736494e-04 3.270078450441360474e-04 3.177800681442022324e-04 2.040460094576701522e-04 3.897703427355736494e-04 3.270078450441360474e-04 4.347176477313041687e-02 6.643814267590641975e-04
1.570000000000000000e+03 2.637855504872277379e-05 2.329037088202312589e-04 2.277954044984653592e-04 2.089631016133353114e-04 9.490160300629213452e-05 2.329037088202312589e-04 2.277954044984653592e-04 2.089631016133353114e-04 3.796121478080749512e-02 5.066209123469889164e-04
1.580000000000000000e+03 2.414823575236368924e-05 1.086016563931480050e-04 1.342873292742297053e-04 1.047382174874655902e-04 9.354011854156851768e-05 1.086016563931480050e-04 1.342873292742297053e-04 1.047382174874655902e-04 3.182017058134078979e-02 3.559654869604855776e-04
1.590000000000000000e+03 1.805757347028702497e-05 6.482082972070202231e-05 4.009429176221601665e-05 5.406486161518841982e-05 9.447317279409617186e-05 6.482082972070202231e-05 4.009429176221601665e-05 5.406486161518841982e-05 2.979168482124805450e-02 3.120275505352765322e-04
1.600000000000000000e+03 1.870262349257245660e-05 1.015790076053235680e-05 1.554963273520115763e-05 2.155342917831148952e-05 9.610583947505801916e-05 1.015790076053235680e-05 1.554963273520115763e-05 2.155342917831148952e-05 2.842480689287185669e-02 2.840520464815199375e-04
1.600000000000000000e+03 1.870262349257245660e-05 1.015790076053235680e-05 1.554963273520115763e-05 2.155342917831148952e-05 9.610583947505801916e-05 1.015790076053235680e-05 1.554963273520115763e-05 2.155342917831148952e-05 2.842480689287185669e-02 2.840520464815199375e-04
1.610000000000000000e+03 5.111926657264120877e-05 9.032926755025982857e-04 5.262337508611381054e-04 8.931901538744568825e-04 1.591246400494128466e-04 9.032926755025982857e-04 5.262337508611381054e-04 8.931901538744568825e-04 5.624119192361831665e-02 1.112018246203660965e-03
1.620000000000000000e+03 5.790393333882093430e-05 1.131691606133244932e-04 2.025141147896647453e-04 2.097586402669548988e-04 1.613877830095589161e-04 1.131691606133244932e-04 2.025141147896647453e-04 2.097586402669548988e-04 3.795631602406501770e-02 5.064902943558990955e-04
1.630000000000000000e+03 4.844497379963286221e-05 3.442953675403259695e-05 7.983610703377053142e-05 5.713937571272253990e-05 1.368151424685493112e-04 3.442953675403259695e-05 7.983610703377053142e-05 5.713937571272253990e-05 3.085900656878948212e-02 3.347855526953935623e-04
1.640000000000000000e+03 2.361420411034487188e-05 3.073896732530556619e-05 4.466397149371914566e-05 4.269063356332480907e-05 1.092836537281982601e-04 3.073896732530556619e-05 4.466397149371914566e-05 4.269063356332480907e-05 2.981260232627391815e-02 3.124658833257853985e-04
1.650000000000000000e+03 1.814314236980862916e-05 2.802713424898684025e-05 2.051891897281166166e-05 2.378971475991420448e-05 9.591694106347858906e-05 2.802713424898684025e-05 2.051891897281166166e-05 2.378971475991420448e-05 2.927389927208423615e-02 3.012756642419844866e-04
1.650000000000000000e+03 2.657032564457040280e-05 2.802713424898684025e-05 2.051891897281166166e-05 2.378971475991420448e-05 9.591694106347858906e-05 2.802713424898684025e-05 2.051891897281166166e-05 2.378971475991420448e-05 2.927389927208423615e-02 3.012756642419844866e-04
1.660000000000000000e+03 1.967582356883212924e-04 4.123161197640001774e-04 7.166734430938959122e-04 7.359866867773234844e-04 2.488429308868944645e-04 4.123161197640001774e-04 7.166734430938959122e-04 7.359866867773234844e-04 5.715015158057212830e-02 1.148253330029547215e-03
1.670000000000000000e+03 8.227354555856436491e-05 1.550579181639477611e-04 3.812636714428663254e-04 2.853927726391702890e-04 1.614941720617935061e-04 1.550579181639477611e-04 3.812636714428663254e-04 2.853927726391702890e-04 4.386304318904876709e-02 6.763951387256383896e-04
1.680000000000000000e+03 2.152120032405946404e-05 5.230294118518941104e-05 1.106418349081650376e-04 9.804680303204804659e-05 1.057219415088184178e-04 5.230294118518941104e-05 1.106418349081650376e-04 9.804680303204804659e-05 3.209543600678443909e-02 3.621507785283029079e-04
1.690000000000000000e+03 2.246545227535534650e-05 1.348626665276242420e-05 2.967677392007317394e-05 3.508402733132243156e-05 1.056474648066796362e-04 1.348626665276242420e-05 2.967677392007317394e-05 3.508402733132243156e-05 2.902961336076259613e-02 2.962684957310557365e-04
1.700000000000000000e+03 1.878716284409165382e-05 1.912558764161076397e-05 1.863566103565972298e-05 2.122561272699385881e-05 1.028865735861472785e-04 1.912558764161076397e-05 1.863566103565972298e-05 2.122561272699385881e-05 2.848296985030174255e-02 2.852157049346715212e-04
1.700000000000000000e+03 1.774835982359945774e-05 1.912558764161076397e-05 1.863566103565972298e-05 2.122561272699385881e-05 1.028865735861472785e-04 1.912558764161076397e-05 1.863566103565972298e-05 2.122561272699385881e-05 2.848296985030174255e-02 2.852157049346715212e-04
1.710000000000000000e+03 3.913480395567603409e-05 4.767988284584134817e-04 2.315480232937261462e-04 4.586592549458146095e-04 1.146719514508731663e-04 4.767988284584134817e-04 2.315480232937261462e-04 4.586592549458146095e-04 3.980866074562072754e-02 5.571318906731903553e-04
1.720000000000000000e+03 5.353587039280682802e-05 8.587812044424936175e-05 1.114988262997940183e-04 1.262959558516740799e-04 1.401271729264408350e-04 8.587812044424936175e-05 1.114988262997940183e-04 1.262959558516740799e-04 3.474024683237075806e-02 4.242957511451095343e-04
1.730000000000000000e+03 1.824844366637989879e-05 4.721055302070453763e-05 5.867535583092831075e-05 7.127962453523650765e-05 9.539566235616803169e-05 4.721055302070453763e-05 5.867535583092831075e-05 7.127962453523650765e-05 2.980018593370914459e-02 3.122056950815021992e-04
1.740000000000000000e+03 2.067348395939916372e-05 1.826767947932239622e-05 2.729709922277834266e-05 2.988744927279185504e-05 1.074464889825321734e-04 1.826767947932239622e-05 2.729709922277834266e-05 2.988744927279185504e-05 2.759886719286441803e-02 2.677844895515590906e-04
1.750000000000000000e+03 1.711834738671313971e-05 8.557110049878247082e-06 1.519339002697961405e-05 1.624020660528913140e-05 9.989784302888438106e-05 8.557110049878247082e-06 1.519339002697961405e-05 1.624020660528913140e-05 2.672735787928104401e-02 2.511393977329134941e-04
1.750000000000000000e+03 1.629929465707391500e-05 8.557110049878247082e-06 1.519339002697961405e-05 1.624020660528913140e-05 9.989784302888438106e-05 8.557110049878247082e-06 1.519339002697961405e-05 1.624020660528913140e-05 2.672735787928104401e-02 2.511393977329134941e-04
1.760000000000000000e+03 1.104303446481935680e-04 1.904024538816884160e-04 2.048911264864727855e-04 2.376483462285250425e-04 1.999161904677748680e-04 1.904024538816884160e-04 2.048911264864727855e-04 2.376483462285250425e-04 3.691569343209266663e-02 4.790987004525959492e-04
1.770000000000000000e+03 1.949749275809153914e-05 7.397775334538891912e-05 1.149040908785536885e-04 1.047267942340113223e-04 1.069575882866047323e-04 7.397775334538891912e-05 1.149040908785536885e-04 1.047267942340113223e-04 3.022734448313713074e-02 3.212202573195099831e-04
1.780000000000000000e+03 2.468692218826618046e-05 2.634731390571687371e-05 5.966183380223810673e-05 5.096854147268459201e-05 1.208959511131979525e-04 2.634731390571687371e-05 5.966183380223810673e-05 5.096854147268459201e-05 2.733270078897476196e-02 2.626443456392735243e-04
1.790000000000000000e+03 2.244915231131017208e-05 1.373329905618447810e-05 2.164285797334741801e-05 2.512657374609261751e-05 1.070004946086555719e-04 1.373329905618447810e-05 2.164285797334741801e-05 2.512657374609261751e-05 2.681262791156768799e-02 2.527444157749414444e-04
1.800000000000000000e+03 1.664862247707787901e-05 9.075528396351728588e-06 1.568281913932878524e-05 1.930266262206714600e-05 1.025653546093963087e-04 9.075528396351728588e-06 1.568281913932878524e-05 1.930266262206714600e-05 2.600052021443843842e-02 2.376659685978665948e-04
1.800000000000000000e+03 1.664862247707787901e-05 9.075528396351728588e-06 1.568281913932878524e-05 1.930266262206714600e-05 1.025653546093963087e-04 9.075528396351728588e-06 1.568281913932878524e-05 1.930266262206714600e-05 2.600052021443843842e-02 2.376659685978665948e-04
1.810000000000000000e+03 1.066798286046832800e-04 2.620753075461834669e-04 1.941413356689736247e-04 2.170795050915330648e-04 1.260970166185870767e-04 2.620753075461834669e-04 1.941413356689736247e-04 2.170795050915330648e-04 3.501341864466667175e-02 4.309947253204882145e-04
1.820000000000000000e+03 2.504972326278220862e-05 8.111676288535818458e-05 1.490545691922307014e-04 1.072707600542344153e-04 9.777217928785830736e-05 8.111676288535818458e-05 1.490545691922307014e-04 1.072707600542344153e-04 3.151933103799819946e-02 3.492664254736155272e-04
1.830000000000000000e+03 3.594743611756712198e-05 2.268621028633788228e-05 4.590769458445720375e-05 4.857683597947470844e-05 1.178696256829425693e-04 2.268621028633788228e-05 4.590769458445720375e-05 4.857683597947470844e-05 2.858819067478179932e-02 2.873268676921725273e-04
1.840000000000000000e+03 1.823603815864771605e-05 1.544526458019390702e-05 2.432391192996874452e-05 2.593366298242472112e-05 1.116223793360404670e-04 1.544526458019390702e-05 2.432391192996874452e-05 2.593366298242472112e-05 2.640712819993495941e-02 2.451575419399887323e-04
1.850000000000000000e+03 1.742849235597532243e-05 1.088940462068421766e-05 1.371536109218141064e-05 1.780507955118082464e-05 1.081542650354094803e-04 1.088940462068421766e-05 1.371536109218141064e-05 1.780507955118082464e-05 2.594091370701789856e-02 2.365774853387847543e-04
1.850000000000000000e+03 1.795353091438300908e-05 1.088940462068421766e-05 1.371536109218141064e-05 1.780507955118082464e-05 1.081542650354094803e-04 1.088940462068421766e-05 1.371536109218141064e-05 1.780507955118082464e-05 2.594091370701789856e-02 2.365774853387847543e-04
1.860000000000000000e+03 1.593398774275556207e-04 7.785516791045665741e-04 4.007756651844829321e-04 6.581179331988096237e-04 2.559629501774907112e-04 7.785516791045665741e-04 4.007756651844829321e-04 6.581179331988096237e-04 4.516774043440818787e-02 7.172319456003606319e-04
1.870000000000000000e+03 2.495028093107976019e-05 1.169253591797314584e-04 1.855700102169066668e-04 1.669947960181161761e-04 1.096865016734227538e-04 1.169253591797314584e-04 1.855700102169066668e-04 1.669947960181161761e-04 3.152238205075263977e-02 3.493340336717665195e-04
1.880000000000000000e+03 3.336479858262464404e-05 2.903169479395728558e-05 6.255637708818539977e-05 6.801156996516510844e-05 1.308082137256860733e-04 2.903169479395728558e-05 6.255637708818539977e-05 6.801156996516510844e-05 2.984745800495147705e-02 3.131970297545194626e-04
1.890000000000000000e+03 2.755599598458502442e-05 1.971481651708018035e-05 3.547220694599673152e-05 3.844752063741907477e-05 1.285043836105614901e-04 1.971481651708018035e-05 3.547220694599673152e-05 3.844752063741907477e-05 2.599260956048965454e-02 2.375213662162423134e-04
1.900000000000000000e+03 2.870731805160176009e-05 1.739651452226098627e-05 1.982479261641856283e-05 2.635619057400617748e-05 1.380727335345000029e-04 1.739651452226098627e-05 1.982479261641856283e-05 2.635619057400617748e-05 2.620965056121349335e-02 2.415045601082965732e-04
1.900000000000000000e+03 2.896203477575909346e-05 1.739651452226098627e-05 1.982479261641856283e-05 2.635619057400617748e-05 1.380727335345000029e-04 1.739651452226098627e-05 1.982479261641856283e-05 2.635619057400617748e-05 2.620965056121349335e-02 2.415045601082965732e-04
1.910000000000000000e+03 9.748624870553612709e-05 3.648014680948108435e-04 3.683727409224957228e-04 3.439404245000332594e-04 2.087001048494130373e-04 3.648014680948108435e-04 3.683727409224957228e-04 3.439404245000332594e-04 4.014476388692855835e-02 5.665792268700897694e-04
1.920000000000000000e+03 5.579090066021308303e-05 9.518179285805672407e-05 1.691401994321495295e-04 1.551186869619414210e-04 1.379173336317762733e-04 9.518179285805672407e-05 1.691401994321495295e-04 1.551186869619414210e-04 3.219572827219963074e-02 3.644176467787474394e-04
1.930000000000000000e+03 2.441645483486354351e-05 2.520366069802548736e-05 5.599141513812355697e-05 5.580525976256467402e-05 1.375246065435931087e-04 2.520366069802548736e-05 5.599141513812355697e-05 5.580525976256467402e-05 2.877503260970115662e-02 2.910948533099144697e-04
1.940000000000000000e+03 4.240775524522177875e-05 3.245680272812023759e-05 3.844192178803496063e-05 3.953791383537463844e-05 1.570790627738460898e-04 3.245680272812023759e-05 3.844192178803496063e-05 3.953791383537463844e-05 2.620760165154933929e-02 2.414668124401941895e-04
1.950000000000000000e+03 3.380460839252918959e-05 2.366080298088490963e-05 2.457249865983612835e-05 2.965678140753880143e-05 1.570958265801891685e-04 2.366080298088490963e-05 2.457249865983612835e-05 2.965678140753880143e-05 2.735373191535472870e-02 2.630486851558089256e-04
1.950000000000000000e+03 3.416368053876794875e-05 2.366080298088490963e-05 2.457249865983612835e-05 2.965678140753880143e-05 1.570958265801891685e-04 2.366080298088490963e-05 2.457249865983612835e-05 2.965678140753880143e-05 2.735373191535472870e-02 2.630486851558089256e-04
1.960000000000000000e+03 5.934607179369777441e-05 4.866218368988484144e-04 2.352214505663141608e-04 3.847286279778927565e-04 1.418444007867947221e-04 4.866218368988484144e-04 2.352214505663141608e-04 3.847286279778927565e-04 3.773880004882812500e-02 5.007018335163593292e-04
1.970000000000000000e+03 6.267781282076612115e-05 1.308552746195346117e-04 1.106613999581895769e-04 1.305761106777936220e-04 1.273063971893861890e-04 1.308552746195346117e-04 1.106613999581895769e-04 1.305761106777936220e-04 3.050875850021839142e-02 3.272291214670985937e-04
1.980000000000000000e+03 1.760121449478901923e-05 9.188335388898849487e-05 9.045925253303721547e-05 9.773221972864121199e-05 1.241570571437478065e-04 9.188335388898849487e-05 9.045925253303721547e-05 9.773221972864121199e-05 2.876160480082035065e-02 2.908232272602617741e-04
1.990000000000000000e+03 2.633006442920304835e-05 3.708495205501094460e-05 4.878957406617701054e-05 4.646442175726406276e-05 1.470792340114712715e-04 3.708495205501094460e-05 4.878957406617701054e-05 4.646442175726406276e-05 2.543046884238719940e-02 2.273587306262925267e-04
2.000000000000000000e+03 2.095124000334180892e-05 1.900513234431855381e-05 2.480351031408645213e-05 2.542426045692991465e-05 1.327529753325507045e-04 1.900513234431855381e-05 2.480351031408645213e-05 2.542426045692991465e-05 2.467535436153411865e-02 2.140571014024317265e-04
2.000000000000000000e+03 2.095124000334180892e-05 1.900513234431855381e-05 2.480351031408645213e-05 2.542426045692991465e-05 1.327529753325507045e-04 1.900513234431855381e-05 2.480351031408645213e-05 2.542426045692991465e-05 2.467535436153411865e-02 2.140571014024317265e-04
2.010000000000000000e+03 8.174805407179519534e-05 1.160587635240517557e-04 3.712931647896766663e-04 3.969389945268630981e-04 1.565495913382619619e-04 1.160587635240517557e-04 3.712931647896766663e-04 3.969389945268630981e-04 4.522210359573364258e-02 7.189595489762723446e-04
2.020000000000000000e+03 2.301927270309533924e-05 7.993364852154627442e-05 1.414182333974167705e-04 1.446434034733101726e-04 1.394393184455111623e-04 7.993364852154627442e-05 1.414182333974167705e-04 1.446434034733101726e-04 3.116207197308540344e-02 3.413937229197472334e-04
2.030000000000000000e+03 2.008480623771902174e-05 4.524106043390929699e-05 7.097618072293698788e-05 6.978179590078070760e-05 1.415526639902964234e-04 4.524106043390929699e-05 7.097618072293698788e-05 6.978179590078070760e-05 2.599906735122203827e-02 2.376393968006595969e-04
2.040000000000000000e+03 1.915154098242055625e-05 1.864371370174922049e-05 3.876821210724301636e-05 3.579722761060111225e-05 1.396923762513324618e-04 1.864371370174922049e-05 3.876821210724301636e-05 3.579722761060111225e-05 2.647972479462623596e-02 2.465073193889111280e-04
2.050000000000000000e+03 1.831798545026686043e-05 9.697362656879704446e-06 1.402527595928404480e-05 1.504927695350488648e-05 1.301943702856078744e-04 9.697362656879704446e-06 1.402527595928404480e-05 1.504927695350488648e-05 2.451369352638721466e-02 2.112615475198253989e-04
2.050000000000000000e+03 2.181323725380934775e-05 9.697362656879704446e-06 1.402527595928404480e-05 1.504927695350488648e-05 1.301943702856078744e-04 9.697362656879704446e-06 1.402527595928404480e-05 1.504927695350488648e-05 2.451369352638721466e-02 2.112615475198253989e-04
2.060000000000000000e+03 2.978123484354000539e-05 2.374214673181995749e-04 1.479781203670427203e-04 2.318655897397547960e-04 1.146993599832057953e-04 2.374214673181995749e-04 1.479781203670427203e-04 2.318655897397547960e-04 3.201517090201377869e-02 3.603417135309427977e-04
2.070000000000000000e+03 4.399733006721362472e-05 7.158709922805428505e-05 9.874098759610205889e-05 8.755873568588867784e-05 1.669905323069542646e-04 7.158709922805428505e-05 9.874098759610205889e-05 8.755873568588867784e-05 3.058008477091789246e-02 3.287610306870192289e-04
2.080000000000000000e+03 3.013274726981762797e-05 1.604946555744390935e-05 5.232869807514362037e-05 3.564890357665717602e-05 1.698055129963904619e-04 1.604946555744390935e-05 5.232869807514362037e-05 3.564890357665717602e-05 2.579189091920852661e-02 2.338671474717557430e-04
2.090000000000000000e+03 2.084447442030068487e-05 2.339087586733512580e-05 4.228572288411669433e-05 3.489245136734098196e-05 1.486313412897288799e-04 2.339087586733512580e-05 4.228572288411669433e-05 3.489245136734098196e-05 2.574339509010314941e-02 2.329885173821821809e-04
2.100000000000000000e+03 1.930013422679621726e-05 9.724371011543553323e-06 1.156538201030343771e-05 1.462510044802911580e-05 1.465014793211594224e-04 9.724371011543553323e-06 1.156538201030343771e-05 1.462510044802911580e-05 2.474333159625530243e-02 2.152381639461964369e-04
2.100000000000000000e+03 1.859051189967431128e-05 9.724371011543553323e-06 1.156538201030343771e-05 1.462510044802911580e-05 1.465014793211594224e-04 9.724371011543553323e-06 1.156538201030343771e-05 1.462510044802911580e-05 2.474333159625530243e-02 2.152381639461964369e-04
2.110000000000000000e+03 1.219708938151597977e-04 4.001151828560978174e-04 3.457712300587445498e-04 3.046537167392671108e-04 1.514906325610354543e-04 4.001151828560978174e-04 3.457712300587445498e-04 3.046537167392671108e-04 3.855999559164047241e-02 5.227292422205209732e-04
2.120000000000000000e+03 8.670621173223480582e-05 8.259554306278005242e-05 1.754787954268977046e-04 1.349441299680620432e-04 2.581707085482776165e-04 8.259554306278005242e-05 1.754787954268977046e-04 1.349441299680620432e-04 3.018587641417980194e-02 3.203395463060587645e-04
2.130000000000000000e+03 6.837336695753037930e-05 4.541986709227785468e-05 8.795590110821649432e-05 5.841926395078189671e-05 2.437003131490200758e-04 4.541986709227785468e-05 8.795590110821649432e-05 5.841926395078189671e-05 2.612495422363281250e-02 2.399462682660669088e-04
2.140000000000000000e+03 3.013101013493724167e-05 1.748780232446733862e-05 2.837895954144187272e-05 2.482629315636586398e-05 1.754559052642434835e-04 1.748780232446733862e-05 2.837895954144187272e-05 2.482629315636586398e-05 2.373922988772392273e-02 1.981235691346228123e-04
2.150000000000000000e+03 2.145924190699588507e-05 9.758948181115556508e-06 1.101675024983705953e-05 1.332867577730212361e-05 1.525209663668647408e-04 9.758948181115556508e-06 1.101675024983705953e-05 1.332867577730212361e-05 2.364456839859485626e-02 1.965466653928160667e-04
2.150000000000000000e+03 2.159812902391422540e-05 9.758948181115556508e-06 1.101675024983705953e-05 1.332867577730212361e-05 1.525209663668647408e-04 9.758948181115556508e-06 1.101675024983705953e-05 1.332867577730212361e-05 2.364456839859485626e-02 1.965466653928160667e-04
2.160000000000000000e+03 1.512588642071932554e-04 2.697662857826799154e-04 2.871721517294645309e-04 3.311679174657911062e-04 1.360209571430459619e-04 2.697662857826799154e-04 2.871721517294645309e-04 3.311679174657911062e-04 3.417474776506423950e-02 4.105948901269584894e-04
2.170000000000000000e+03 4.679051562561653554e-05 7.370719686150550842e-05 1.283158926526084542e-04 1.304253819398581982e-04 1.247249456355348229e-04 7.370719686150550842e-05 1.283158926526084542e-04 1.304253819398581982e-04 3.006221912801265717e-02 3.177202888764441013e-04
2.180000000000000000e+03 3.388617551536299288e-05 2.767858495644759387e-05 9.092545224120840430e-05 7.364495104411616921e-05 1.381615584250539541e-04 2.767858495644759387e-05 9.092545224120840430e-05 7.364495104411616921e-05 2.741006016731262207e-02 2.641330938786268234e-04
2.190000000000000000e+03 2.412989124422892928e-05 1.622309173399116844e-05 3.416005711187608540e-05 3.093673512921668589e-05 1.496717595728114247e-04 1.622309173399116844e-05 3.416005711187608540e-05 3.093673512921668589e-05 2.350925467908382416e-02 1.943035022122785449e-04
2.200000000000000000e+03 2.484763172105886042e-05 1.418065858160844073e-05 2.234842031612060964e-05 2.344738641113508493e-05 1.412582787452265620e-04 1.418065858160844073e-05 2.234842031612060964e-05 2.344738641113508493e-05 2.343734726309776306e-02 1.931167062139138579e-04
2.200000000000000000e+03 2.484763172105886042e-05 1.418065858160844073e-05 2.234842031612060964e-05 2.344738641113508493e-05 1.412582787452265620e-04 1.418065858160844073e-05 2.234842031612060964e-05 2.344738641113508493e-05 2.343734726309776306e-02 1.931167062139138579e-04
2.210000000000000000e+03 2.328914561076089740e-04 2.763428201433271170e-04 4.299725405871868134e-04 2.417573123238980770e-04 2.829035511240363121e-04 2.763428201433271170e-04 4.299725405871868134e-04 2.417573123238980770e-04 3.870472311973571777e-02 5.266605876386165619e-04
2.220000000000000000e+03 1.251457433681935072e-04 4.771831663674674928e-05 1.452209544368088245e-04 1.061742950696498156e-04 2.173208922613412142e-04 4.771831663674674928e-05 1.452209544368088245e-04 1.061742950696498156e-04 2.838841639459133148e-02 2.833252365235239267e-04
2.230000000000000000e+03 2.013266202993690968e-05 2.091702117468230426e-05 5.315658199833706021e-05 4.568503572954796255e-05 1.260300341527909040e-04 2.091702117468230426e-05 5.315658199833706021e-05 4.568503572954796255e-05 2.543913573026657104e-02 2.275137376273050904e-04
2.240000000000000000e+03 1.998857806029263884e-05 1.166473612101981416e-05 3.640624345280230045e-05 2.792047962429933250e-05 1.375087740598246455e-04 1.166473612101981416e-05 3.640624345280230045e-05 2.792047962429933250e-05 2.561856061220169067e-02 2.307344111613929272e-04
2.250000000000000000e+03 2.621765088406391442e-05 1.161310228781076148e-05 4.210121915093623102e-05 3.337262751301750541e-05 1.454359880881384015e-04 1.161310228781076148e-05 4.210121915093623102e-05 3.337262751301750541e-05 2.438800036907196045e-02 2.091005881084129214e-04
2.250000000000000000e+03 3.303078847238793969e-05 1.161310228781076148e-05 4.210121915093623102e-05 3.337262751301750541e-05 1.454359880881384015e-04 1.161310228781076148e-05 4.210121915093623102e-05 3.337262751301750541e-05 2.438800036907196045e-02 2.091005881084129214e-04
2.260000000000000000e+03 1.298740680795162916e-04 2.575772814452648163e-04 2.413373003946617246e-04 2.847555442713201046e-04 1.367377844871953130e-04 2.575772814452648163e-04 2.413373003946617246e-04 2.847555442713201046e-04 3.393898904323577881e-02 4.049493873026221991e-04
2.270000000000000000e+03 5.030491956858895719e-05 4.115788760827854276e-05 1.352395338471978903e-04 9.048867650562897325e-05 1.313364191446453333e-04 4.115788760827854276e-05 1.352395338471978903e-04 9.048867650562897325e-05 2.859518676996231079e-02 2.874675265047699213e-04
2.280000000000000000e+03 2.059910184470936656e-05 1.771991082932800055e-05 4.313945828471332788e-05 3.882074815919622779e-05 1.296986301895231009e-04 1.771991082932800055e-05 4.313945828471332788e-05 3.882074815919622779e-05 2.497829683125019073e-02 2.193454129155725241e-04
2.290000000000000000e+03 2.984691673191264272e-05 1.185953715321375057e-05 4.099963189219124615e-05 2.903936911025084555e-05 1.328226499026641250e-04 1.185953715321375057e-05 4.099963189219124615e-05 2.903936911025084555e-05 2.354818768799304962e-02 1.949475699802860618e-04
2.300000000000000000e+03 3.652237501228228211e-05 1.052259631251217797e-05 5.450719254440627992e-05 3.830014975392259657e-05 1.529810542706400156e-04 1.052259631251217797e-05 5.450719254440627992e-05 3.830014975392259657e-05 2.764441259205341339e-02 2.686690422706305981e-04
2.300000000000000000e+03 3.535054929670877755e-05 1.052259631251217797e-05 5.450719254440627992e-05 3.830014975392259657e-05 1.529810542706400156e-04 1.052259631251217797e-05 5.450719254440627992e-05 3.830014975392259657e-05 2.764441259205341339e-02 2.686690422706305981e-04
2.310000000000000000e+03 3.615109017118811607e-05 7.992606697371229529e-05 9.044517355505377054e-05 8.281828922918066382e-05 1.488947891630232334e-04 7.992606697371229529e-05 9.044517355505377054e-05 8.281828922918066382e-05 2.781925722956657410e-02 2.720783522818237543e-04
2.320000000000000000e+03 5.564199454966001213e-05 4.035088932141661644e-05 9.074919216800481081e-05 7.951911538839340210e-05 1.311228406848385930e-04 4.035088932141661644e-05 9.074919216800481081e-05 7.951911538839340210e-05 2.624319680035114288e-02 2.421231765765696764e-04
2.330000000000000000e+03 2.476153167663142085e-05 2.764497185125946999e-05 4.047097900183871388e-05 5.727831739932298660e-05 1.412038836861029267e-04 2.764497185125946999e-05 4.047097900183871388e-05 5.727831739932298660e-05 2.385663986206054688e-02 2.000881504500284791e-04
2.340000000000000000e+03 3.760079198400489986e-05 1.639469155634287745e-05 4.965716652804985642e-05 4.335432095103897154e-05 1.678491098573431373e-04 1.639469155634287745e-05 4.965716652804985642e-05 4.335432095103897154e-05 2.632635459303855896e-02 2.436600334476679564e-04
2.350000000000000000e+03 2.809732177411206067e-05 9.398179827257990837e-06 5.046551814302802086e-05 3.345713776070624590e-05 1.701451401459053159e-04 9.398179827257990837e-06 5.046551814302802086e-05 3.345713776070624590e-05 2.868305891752243042e-02 2.892369520850479603e-04
2.350000000000000000e+03 2.738982766459230334e-05 9.398179827257990837e-06 5.046551814302802086e-05 3.345713776070624590e-05 1.701451401459053159e-04 9.398179827257990837e-06 5.046551814302802086e-05 3.345713776070624590e-05 2.868305891752243042e-02 2.892369520850479603e-04
2.360000000000000000e+03 2.256989864690694958e-05 4.504719981923699379e-05 8.335344318766146898e-05 7.479314081137999892e-05 1.845711813075467944e-04 4.504719981923699379e-05 8.335344318766146898e-05 7.479314081137999892e-05 2.910140156745910645e-02 2.977356198243796825e-04
2.370000000000000000e+03 6.781309639336541295e-05 4.184732097201049328e-05 1.115850100177340209e-04 1.096790147130377591e-04 1.694800885161384940e-04 4.184732097201049328e-05 1.115850100177340209e-04 1.096790147130377591e-04 2.762375399470329285e-02 2.682676131371408701e-04
2.380000000000000000e+03 3.115717845503240824e-05 1.630418773856945336e-05 6.657776975771412253e-05 3.966795702581293881e-05 1.545730337966233492e-04 1.630418773856945336e-05 6.657776975771412253e-05 3.966795702581293881e-05 2.455782331526279449e-02 2.120228746207430959e-04
2.390000000000000000e+03 2.716690323723014444e-05 8.853184226609300822e-06 3.726656359503977001e-05 2.404829501756466925e-05 1.678919070400297642e-04 8.853184226609300822e-06 3.726656359503977001e-05 2.404829501756466925e-05 2.388878725469112396e-02 2.006277791224420071e-04
2.400000000000000000e+03 1.898785740195307881e-05 5.771159521827939898e-06 2.001054235734045506e-05 1.695097853371407837e-05 1.583765260875225067e-04 5.771159521827939898e-06 2.001054235734045506e-05 1.695097853371407837e-05 2.488349191844463348e-02 2.176834823330864310e-04
2.400000000000000000e+03 1.898785740195307881e-05 5.771159521827939898e-06 2.001054235734045506e-05 1.695097853371407837e-05 1.583765260875225067e-04 5.771159521827939898e-06 2.001054235734045506e-05 1.695097853371407837e-05 2.488349191844463348e-02 2.176834823330864310e-04
2.410000000000000000e+03 7.199965330073609948e-05 3.078442241530865431e-04 2.579224819783121347e-04 3.175432793796062469e-04 2.240303292637690902e-04 3.078442241530865431e-04 2.579224819783121347e-04 3.175432793796062469e-04 3.750555217266082764e-02 4.945315304212272167e-04
2.420000000000000000e+03 2.940409649454522878e-05 1.077978449757210910e-04 9.644770034356042743e-05 1.155739519163034856e-04 1.978487707674503326e-04 1.077978449757210910e-04 9.644770034356042743e-05 1.155739519163034856e-04 3.000343032181262970e-02 3.164788067806512117e-04
2.430000000000000000e+03 2.670652793312910944e-05 2.196001878473907709e-05 4.324326073401607573e-05 3.391422433196566999e-05 1.888789265649393201e-04 2.196001878473907709e-05 4.324326073401607573e-05 3.391422433196566999e-05 2.681394293904304504e-02 2.527692413423210382e-04
2.440000000000000000e+03 2.074804979201871902e-05 1.085503754438832402e-05 2.554692946432624012e-05 1.930473626998718828e-05 1.909198181238025427e-04 1.085503754438832402e-05 2.554692946432624012e-05 1.930473626998718828e-05 2.449182234704494476e-02 2.108847111230716109e-04
2.450000000000000000e+03 1.797436016204301268e-05 8.834010259306523949e-06 1.312630956817883998e-05 1.383882590744178742e-05 1.536178315291181207e-04 8.834010259306523949e-06 1.312630956817883998e-05 1.383882590744178742e-05 2.292410843074321747e-02 1.847514067776501179e-04
2.450000000000000000e+03 1.783047991921193898e-05 8.834010259306523949e-06 1.312630956817883998e-05 1.383882590744178742e-05 1.536178315291181207e-04 8.834010259306523949e-06 1.312630956817883998e-05 1.383882590744178742e-05 2.292410843074321747e-02 1.847514067776501179e-04
2.460000000000000000e+03 2.987740117532666773e-05 2.253981801914051175e-04 2.305775851709768176e-04 2.291295240866020322e-04 1.404434879077598453e-04 2.253981801914051175e-04 2.305775851709768176e-04 2.291295240866020322e-04 3.383453190326690674e-02 4.024605150334537029e-04
2.470000000000000000e+03 2.077245881082490087e-05 1.250339846592396498e-04 1.071749939001165330e-04 1.504872925579547882e-04 1.471470022806897759e-04 1.250339846592396498e-04 1.071749939001165330e-04 1.504872925579547882e-04 2.835171855986118317e-02 2.825931587722152472e-04
2.480000000000000000e+03 2.413233596598729491e-05 3.687378193717449903e-05 4.159645686740987003e-05 4.817168883164413273e-05 1.708554773358628154e-04 3.687378193717449903e-05 4.159645686740987003e-05 4.817168883164413273e-05 2.461255155503749847e-02 2.129689091816544533e-04
2.490000000000000000e+03 2.764421333267819136e-05 1.024438279273454100e-05 2.506030796212144196e-05 2.284977017552591860e-05 2.009188901865854859e-04 1.024438279273454100e-05 2.506030796212144196e-05 2.284977017552591860e-05 2.436159364879131317e-02 2.086480526486411691e-04
2.500000000000000000e+03 2.563480120443273336e-05 1.034834713209420443e-05 1.962983515113592148e-05 1.767475259839557111e-05 2.222545881522819400e-04 1.034834713209420443e-05 1.962983515113592148e-05 1.767475259839557111e-05 2.461773902177810669e-02 2.130586799466982484e-04
2.500000000000000000e+03 2.526194475649390370e-05 1.034834713209420443e-05 1.962983515113592148e-05 1.767475259839557111e-05 2.222545881522819400e-04 1.034834713209420443e-05 1.962983515113592148e-05 1.767475259839557111e-05 2.461773902177810669e-02 2.130586799466982484e-04
2.510000000000000000e+03 4.299161446397192776e-05 1.843901554821059108e-04 1.282918965443968773e-04 2.034936769632622600e-04 1.583647826919332147e-04 1.843901554821059108e-04 1.282918965443968773e-04 2.034936769632622600e-04 3.437192365527153015e-02 4.153465561103075743e-04
2.520000000000000000e+03 4.406513471622020006e-05 4.871406054007820785e-05 9.939454321283847094e-05 9.379144466947764158e-05 2.579450665507465601e-04 4.871406054007820785e-05 9.939454321283847094e-05 9.379144466947764158e-05 2.870785258710384369e-02 2.897372469305992126e-04
2.530000000000000000e+03 7.272043148986995220e-05 2.948881592601537704e-05 9.038644930114969611e-05 8.635401900392025709e-05 1.953252649400383234e-04 2.948881592601537704e-05 9.038644930114969611e-05 8.635401900392025709e-05 2.588458918035030365e-02 2.355512551730498672e-04
2.540000000000000000e+03 1.908453486976213753e-05 2.167389538954012096e-05 7.545835251221433282e-05 4.328892828198149800e-05 1.457890175515785813e-04 2.167389538954012096e-05 7.545835251221433282e-05 4.328892828198149800e-05 2.368749305605888367e-02 1.972609461518004537e-04
2.550000000000000000e+03 1.917556801345199347e-05 1.352641902485629544e-05 3.079479938605800271e-05 2.448004488542210311e-05 1.437386381439864635e-04 1.352641902485629544e-05 3.079479938605800271e-05 2.448004488542210311e-05 2.290856838226318359e-02 1.845010556280612946e-04
2.550000000000000000e+03 1.894946944958064705e-05 1.352641902485629544e-05 3.079479938605800271e-05 2.448004488542210311e-05 1.437386381439864635e-04 1.352641902485629544e-05 3.079479938605800271e-05 2.448004488542210311e-05 2.290856838226318359e-02 1.845010556280612946e-04
2.560000000000000000e+03 1.729137875372543931e-04 2.133956149918958545e-04 2.701043267734348774e-04 1.959682122105732560e-04 2.320694038644433022e-04 2.133956149918958545e-04 2.701043267734348774e-04 1.959682122105732560e-04 3.101550973951816559e-02 3.381899732630699873e-04
2.570000000000000000e+03 1.702440567896701396e-05 1.294877438340336084e-04 1.681255671428516507e-04 1.166437141364440322e-04 1.520636578788980842e-04 1.294877438340336084e-04 1.681255671428516507e-04 1.166437141364440322e-04 3.142965584993362427e-02 3.472819225862622261e-04
2.580000000000000000e+03 5.598843927145935595e-05 2.977069925691466779e-05 6.183118239277973771e-05 4.113350951229222119e-05 2.397573989583179355e-04 2.977069925691466779e-05 6.183118239277973771e-05 4.113350951229222119e-05 2.388551272451877594e-02 2.005728165386244655e-04
2.590000000000000000e+03 2.595360820123460144e-05 1.898031769087538123e-05 4.002260175184346735e-05 3.020991607627365738e-05 2.037946978816762567e-04 1.898031769087538123e-05 4.002260175184346735e-05 3.020991607627365738e-05 2.479903586208820343e-02 2.162083837902173400e-04
2.600000000000000000e+03 2.462300653860438615e-05 1.152048662333982065e-05 2.235399915662128478e-05 2.165423575206659734e-05 1.811752154026180506e-04 1.152048662333982065e-05 2.235399915662128478e-05 2.165423575206659734e-05 2.528094500303268433e-02 2.246929943794384599e-04
2.600000000000000000e+03 2.462300653860438615e-05 1.152048662333982065e-05 2.235399915662128478e-05 2.165423575206659734e-05 1.811752154026180506e-04 1.152048662333982065e-05 2.235399915662128478e-05 2.165423575206659734e-05 2.528094500303268433e-02 2.246929943794384599e-04
2.610000000000000000e+03 1.071785663953050971e-04 1.327851641690358520e-04 3.416122926864773035e-04 2.026730508077889681e-04 2.696443698368966579e-04 1.327851641690358520e-04 3.416122926864773035e-04 2.026730508077889681e-04 3.721238300204277039e-02 4.868305695708841085e-04
2.620000000000000000e+03 4.922083826386369765e-05 9.076049173017963767e-05 1.194057040265761316e-04 1.000290139927528799e-04 1.731050870148465037e-04 9.076049173017963767e-05 1.194057040265761316e-04 1.000290139927528799e-04 2.737357094883918762e-02 2.634303527884185314e-04
2.630000000000000000e+03 3.646273034974001348e-05 3.587012906791642308e-05 6.853339436929672956e-05 6.388539623003453016e-05 1.682227302808314562e-04 3.587012906791642308e-05 6.853339436929672956e-05 6.388539623003453016e-05 2.440536953508853912e-02 2.093985385727137327e-04
2.640000000000000000e+03 2.797915112751070410e-05 2.443272205709945410e-05 6.480266165453940630e-05 5.705357398255728185e-05 1.511940063210204244e-04 2.443272205709945410e-05 6.480266165453940630e-05 5.705357398255728185e-05 2.377740293741226196e-02 1.987612777156755328e-04
2.650000000000000000e+03 1.829396933317184448e-05 1.093130413210019469e-05 2.823221802827902138e-05 1.805678584787528962e-05 1.340469025308266282e-04 1.093130413210019469e-05 2.823221802827902138e-05 1.805678584787528962e-05 2.094201371073722839e-02 1.541841920698061585e-04
2.660000000000000000e+03 3.002439552801661193e-05 8.349235940841026604e-06 2.698283060453832150e-05 2.072090501314960420e-05 1.585485297255218029e-04 8.349235940841026604e-06 2.698283060453832150e-05 2.072090501314960420e-05 2.333891764283180237e-02 1.914980530273169279e-04
2.670000000000000000e+03 3.266882777097634971e-05 8.563902156311087310e-06 3.563180871424265206e-05 2.866069007723126560e-05 2.118464035447686911e-04 8.563902156311087310e-06 3.563180871424265206e-05 2.866069007723126560e-05 2.656946144998073578e-02 2.481809351593255997e-04
2.680000000000000000e+03 2.363828207307960838e-05 6.838429726485628635e-06 2.675377800187561661e-05 1.983356742130126804e-05 2.194734261138364673e-04 6.838429726485628635e-06 2.675377800187561661e-05 1.983356742130126804e-05 2.645337954163551331e-02 2.460170653648674488e-04
2.690000000000000000e+03 1.739533217914868146e-05 5.023565336159663275e-06 8.646924470667727292e-06 8.875020284904167056e-06 1.711422373773530126e-04 5.023565336159663275e-06 8.646924470667727292e-06 8.875020284904167056e-06 2.345908060669898987e-02 1.934750180225819349e-04
2.700000000000000000e+03 1.973846701730508357e-05 5.386193606682354584e-06 2.724772821238730103e-05 1.832056113926228136e-05 1.209969996125437319e-04 5.386193606682354584e-06 2.724772821238730103e-05 1.832056113926228136e-05 2.223877422511577606e-02 1.738699647830799222e-04
2.700000000000000000e+03 1.944265750353224576e-05 5.386193606682354584e-06 2.724772821238730103e-05 1.832056113926228136e-05 1.209969996125437319e-04 5.386193606682354584e-06 2.724772821238730103e-05 1.832056113926228136e-05 2.223877422511577606e-02 1.738699647830799222e-04
2.710000000000000000e+03 3.109421959379687905e-05 1.213921568705700338e-04 1.443396758986636996e-04 1.268453779630362988e-04 1.405708899255841970e-04 1.213921568705700338e-04 1.443396758986636996e-04 1.268453779630362988e-04 2.721051312983036041e-02 2.603013126645237207e-04
2.720000000000000000e+03 1.985178278118837625e-05 2.127646803273819387e-05 5.724156653741374612e-05 4.022322536911815405e-05 1.527913118479773402e-04 2.127646803273819387e-05 5.724156653741374612e-05 4.022322536911815405e-05 2.341185323894023895e-02 1.926967524923384190e-04
2.730000000000000000e+03 3.483123873593285680e-05 1.582049844728317112e-05 4.209448889014311135e-05 2.691733243409544230e-05 1.625544682610780001e-04 1.582049844728317112e-05 4.209448889014311135e-05 2.691733243409544230e-05 2.340965159237384796e-02 1.926605473272502422e-04
2.740000000000000000e+03 4.372912371763959527e-05 2.103185943269636482e-05 6.708033470204100013e-05 4.679349876823835075e-05 2.015182399190962315e-04 2.103185943269636482e-05 6.708033470204100013e-05 4.679349876823835075e-05 2.820125222206115723e-02 2.796016342472285032e-04
2.750000000000000000e+03 2.898214734159410000e-05 9.007594599097501487e-06 5.655048880726099014e-05 3.703270704136230052e-05 2.322657237527891994e-04 9.007594599097501487e-06 5.655048880726099014e-05 3.703270704136230052e-05 3.020736202597618103e-02 3.207957197446376085e-04
2.760000000000000000e+03 1.861086275312118232e-05 5.749857336923014373e-06 1.453225286240922287e-05 1.399246320943348110e-05 1.769148657331243157e-04 5.749857336923014373e-06 1.453225286240922287e-05 1.399246320943348110e-05 2.498083747923374176e-02 2.193900290876626968e-04
2.770000000000000000e+03 2.118834891007281840e-05 7.405679298244649544e-06 3.906561687472276390e-05 2.871060860343277454e-05 1.258356787730008364e-04 7.405679298244649544e-06 3.906561687472276390e-05 2.871060860343277454e-05 2.316432818770408630e-02 1.886437094071879983e-04
2.780000000000000000e+03 4.104981053387746215e-05 1.512540620751678944e-05 1.054476524586789310e-04 7.432630081893876195e-05 1.226802269229665399e-04 1.512540620751678944e-05 1.054476524586789310e-04 7.432630081893876195e-05 2.756489068269729614e-02 2.671255497261881828e-04
2.790000000000000000e+03 4.900955173070542514e-05 2.050408147624693811e-05 1.445205853087827563e-04 1.073009843821637332e-04 1.213138311868533492e-04 2.050408147624693811e-05 1.445205853087827563e-04 1.073009843821637332e-04 3.270588815212249756e-02 3.760579857043921947e-04
2.800000000000000000e+03 5.836793206981383264e-05 2.724936348386108875e-05 1.977816427825018764e-04 1.519947109045460820e-04 1.178489255835302174e-04 2.724936348386108875e-05 1.977816427825018764e-04 1.519947109045460820e-04 4.007840529084205627e-02 5.647079087793827057e-04
2.800000000000000000e+03 5.703912393073551357e-05 2.724936348386108875e-05 1.977816427825018764e-04 1.519947109045460820e-04 1.178489255835302174e-04 2.724936348386108875e-05 1.977816427825018764e-04 1.519947109045460820e-04 4.007840529084205627e-02 5.647079087793827057e-04
2.810000000000000000e+03 3.496535282465629280e-05 7.390377868432551622e-05 2.078084944514557719e-04 1.378212327836081386e-04 1.539527147542685270e-04 7.390377868432551622e-05 2.078084944514557719e-04 1.378212327836081386e-04 2.895336225628852844e-02 2.947140892501920462e-04
2.820000000000000000e+03 3.102349000982940197e-05 3.097234366578049958e-05 9.448405035072937608e-05 8.617358980700373650e-05 1.215189404319971800e-04 3.097234366578049958e-05 9.448405035072937608e-05 8.617358980700373650e-05 2.650270983576774597e-02 2.469354658387601376e-04
2.830000000000000000e+03 6.432085501728579402e-05 1.422146760887699202e-05 9.651893196860328317e-05 5.462701301439665258e-05 1.777130528353154659e-04 1.422146760887699202e-05 9.651893196860328317e-05 5.462701301439665258e-05 2.850717492401599884e-02 2.857006911654025316e-04
2.840000000000000000e+03 2.780244722089264542e-05 1.472615258535370231e-05 7.069351704558357596e-05 4.932958472636528313e-05 1.659199042478576303e-04 1.472615258535370231e-05 7.069351704558357596e-05 4.932958472636528313e-05 2.949884161353111267e-02 3.059235459659248590e-04
2.850000000000000000e+03 1.650486774451564997e-05 6.821566785220056772e-06 2.085179039568174630e-05 1.839121796365361661e-05 1.495831093052402139e-04 6.821566785220056772e-06 2.085179039568174630e-05 1.839121796365361661e-05 2.438175305724143982e-02 2.089935005642473698e-04
2.860000000000000000e+03 1.441928725398611277e-05 4.897538019577041268e-06 1.421489560016198084e-05 1.085799522115848958e-05 1.388792006764560938e-04 4.897538019577041268e-06 1.421489560016198084e-05 1.085799522115848958e-05 2.125409059226512909e-02 1.588137092767283320e-04
2.870000000000000000e+03 1.478120611864142120e-05 4.119969617022434250e-06 1.898067057481966913e-05 1.267147035832749680e-05 1.165971625596284866e-04 4.119969617022434250e-06 1.898067057481966913e-05 1.267147035832749680e-05 2.098313905298709869e-02 1.547903375467285514e-04
2.880000000000000000e+03 1.369680921925464645e-05 4.080146936757955700e-06 2.023716297117061913e-05 1.284610516449902207e-05 1.106127238017506897e-04 4.080146936757955700e-06 2.023716297117061913e-05 1.284610516449902207e-05 2.147162891924381256e-02 1.620812836335971951e-04
2.890000000000000000e+03 1.209431138704530895e-05 3.844638740702066571e-06 1.065588639903580770e-05 8.216910828195977956e-06 1.114151673391461372e-04 3.844638740702066571e-06 1.065588639903580770e-05 8.216910828195977956e-06 2.101588621735572815e-02 1.552738249301910400e-04
2.900000000000000000e+03 1.223240269609959796e-05 3.369008481968194246e-06 7.481634384021162987e-06 6.827768629591446370e-06 1.130865057348273695e-04 3.369008481968194246e-06 7.481634384021162987e-06 6.827768629591446370e-06 2.144535258412361145e-02 1.616848603589460254e-04
2.900000000000000000e+03 1.185917972179595381e-05 3.369008481968194246e-06 7.481634384021162987e-06 6.827768629591446370e-06 1.130865057348273695e-04 3.369008481968194246e-06 7.481634384021162987e-06 6.827768629591446370e-06 2.144535258412361145e-02 1.616848603589460254e-04
2.910000000000000000e+03 4.664198422688059509e-05 8.866217103786766529e-05 1.719936699373647571e-04 1.222646824317052960e-04 1.656774838920682669e-04 8.866217103786766529e-05 1.719936699373647571e-04 1.222646824317052960e-04 2.855547331273555756e-02 2.866695867851376534e-04
2.920000000000000000e+03 2.261543704662472010e-05 4.385126158013008535e-05 8.866322605172172189e-05 9.308102016802877188e-05 1.533564063720405102e-04 4.385126158013008535e-05 8.866322605172172189e-05 9.308102016802877188e-05 2.731543406844139099e-02 2.623125910758972168e-04
2.930000000000000000e+03 3.503170592011883855e-05 1.884271296148654073e-05 5.864420018042437732e-05 5.301602868712507188e-05 2.031742915278300643e-04 1.884271296148654073e-05 5.864420018042437732e-05 5.301602868712507188e-05 2.459731139242649078e-02 2.127052575815469027e-04
2.940000000000000000e+03 3.073609332204796374e-05 1.083757706510368735e-05 4.283259113435633481e-05 2.987566404044628143e-05 2.180361479986459017e-04 1.083757706510368735e-05 4.283259113435633481e-05 2.987566404044628143e-05 2.664093486964702606e-02 2.495179651305079460e-04
2.950000000000000000e+03 2.735711677814833820e-05 1.111115398089168593e-05 3.416922118049114943e-05 2.604821202112361789e-05 2.167826896766200662e-04 1.111115398089168593e-05 3.416922118049114943e-05 2.604821202112361789e-05 2.794658578932285309e-02 2.745746751315891743e-04
2.960000000000000000e+03 1.654872721701394767e-05 5.498101472767302766e-06 1.241730478795943782e-05 1.270163465960649773e-05 1.775151322362944484e-04 5.498101472767302766e-06 1.241730478795943782e-05 1.270163465960649773e-05 2.451682649552822113e-02 2.113155351253226399e-04
2.970000000000000000e+03 1.348270416201557964e-05 4.142211309954291210e-06 8.565099960833322257e-06 7.868241482356097549e-06 1.378677698085084558e-04 4.142211309954291210e-06 8.565099960833322257e-06 7.868241482356097549e-06 2.195172756910324097e-02 1.694104721536859870e-04
2.980000000000000000e+03 1.462101772631285712e-05 4.575467301037861034e-06 1.917572262755129486e-05 1.301769589190371335e-05 1.196408411487936974e-04 4.575467301037861034e-06 1.917572262755129486e-05 1.301769589190371335e-05 2.135819755494594574e-02 1.603733107913285494e-04
2.990000000000000000e+03 2.223928822786547244e-05 6.295467301242752001e-06 3.717653089552186430e-05 2.505170050426386297e-05 1.165147332358174026e-04 6.295467301242752001e-06 3.717653089552186430e-05 2.505170050426386297e-05 2.225578390061855316e-02 1.741360465530306101e-04
3.000000000000000000e+03 3.230378570151515305e-05 9.786427654034923762e-06 6.079191371100023389e-05 4.610564792528748512e-05 1.310717343585565686e-04 9.786427654034923762e-06 6.079191371100023389e-05 4.610564792528748512e-05 2.473540790379047394e-02 2.151003136532381177e-04
