# step, loss_train, loss_test, metrics_test
0.000000000000000000e+00 2.529782243072986603e-03 3.229820728302001953e-01 2.529782243072986603e-03 3.229820728302001953e-01 8.815057277679443359e-01 3.006485402584075928e-01
1.000000000000000000e+01 2.383829560130834579e-03 5.376641452312469482e-02 2.383829560130834579e-03 5.376641452312469482e-02 3.805541992187500000e-01 5.603272840380668640e-02
2.000000000000000000e+01 1.328288577497005463e-03 1.419601589441299438e-02 1.328288577497005463e-03 1.419601589441299438e-02 1.975365281105041504e-01 1.509745325893163681e-02
3.000000000000000000e+01 1.145635847933590412e-03 5.600250326097011566e-03 1.145635847933590412e-03 5.600250326097011566e-03 1.256366521120071411e-01 6.107191555202007294e-03
4.000000000000000000e+01 9.524740162305533886e-04 2.866499591618776321e-03 9.524740162305533886e-04 2.866499591618776321e-03 8.975514769554138184e-02 3.116933396086096764e-03
5.000000000000000000e+01 6.797448149882256985e-04 1.950370846316218376e-03 6.797448149882256985e-04 1.950370846316218376e-03 7.505585253238677979e-02 2.179605653509497643e-03
6.000000000000000000e+01 3.492258838377892971e-04 1.522559556178748608e-03 3.492258838377892971e-04 1.522559556178748608e-03 6.780201196670532227e-02 1.778664416633546352e-03
7.000000000000000000e+01 3.152397111989557743e-04 1.063188188709318638e-03 3.152397111989557743e-04 1.063188188709318638e-03 5.674863979220390320e-02 1.246004714630544186e-03
8.000000000000000000e+01 3.241336962673813105e-04 8.404660620726644993e-04 3.241336962673813105e-04 8.404660620726644993e-04 5.153254419565200806e-02 1.027476624585688114e-03
9.000000000000000000e+01 2.356036566197872162e-04 6.474659312516450882e-04 2.356036566197872162e-04 6.474659312516450882e-04 4.755116999149322510e-02 8.748451946303248405e-04
1.000000000000000000e+02 2.440185780869796872e-04 5.206370842643082142e-04 2.440185780869796872e-04 5.206370842643082142e-04 4.505304619669914246e-02 7.853387505747377872e-04
1.100000000000000000e+02 1.662024442339316010e-04 4.263955634087324142e-04 1.662024442339316010e-04 4.263955634087324142e-04 4.153900966048240662e-02 6.676073535345494747e-04
1.200000000000000000e+02 1.719792926451191306e-04 3.423847665544599295e-04 1.719792926451191306e-04 3.423847665544599295e-04 3.816170245409011841e-02 5.634615081362426281e-04
1.300000000000000000e+02 1.893669832497835159e-04 3.009000502061098814e-04 1.893669832497835159e-04 3.009000502061098814e-04 3.663972765207290649e-02 5.194135010242462158e-04
1.400000000000000000e+02 2.048748283414170146e-04 2.501991984900087118e-04 2.048748283414170146e-04 2.501991984900087118e-04 3.492390736937522888e-02 4.719049320556223392e-04
1.500000000000000000e+02 1.491721050115302205e-04 3.011233930010348558e-04 1.491721050115302205e-04 3.011233930010348558e-04 3.614748269319534302e-02 5.055509973317384720e-04
1.600000000000000000e+02 1.410136901540681720e-04 1.906108082039281726e-04 1.410136901540681720e-04 1.906108082039281726e-04 3.204639628529548645e-02 3.973444690927863121e-04
1.700000000000000000e+02 1.189199174405075610e-04 1.617164671188220382e-04 1.189199174405075610e-04 1.617164671188220382e-04 2.951973676681518555e-02 3.371582424733787775e-04
1.800000000000000000e+02 1.020311319734901190e-04 1.349465601379051805e-04 1.020311319734901190e-04 1.349465601379051805e-04 2.868769317865371704e-02 3.184197703376412392e-04
1.900000000000000000e+02 1.003261641017161310e-04 1.219260229845531285e-04 1.003261641017161310e-04 1.219260229845531285e-04 2.739592641592025757e-02 2.903894055634737015e-04
2.000000000000000000e+02 8.610836812295019627e-05 1.024765006150119007e-04 8.610836812295019627e-05 1.024765006150119007e-04 2.639873139560222626e-02 2.696341543924063444e-04
2.100000000000000000e+02 8.907541632652282715e-05 8.858903311192989349e-05 8.907541632652282715e-05 8.858903311192989349e-05 2.572963945567607880e-02 2.561392611823976040e-04
2.200000000000000000e+02 5.884064376004971564e-05 8.217849244829267263e-05 5.884064376004971564e-05 8.217849244829267263e-05 2.559122443199157715e-02 2.533908700570464134e-04
2.300000000000000000e+02 5.629032602882944047e-05 8.821131632430478930e-05 5.629032602882944047e-05 8.821131632430478930e-05 2.556782029569149017e-02 2.529275661800056696e-04
2.400000000000000000e+02 4.399428144097328186e-05 9.350897744297981262e-05 4.399428144097328186e-05 9.350897744297981262e-05 2.517496421933174133e-02 2.452146436553448439e-04
2.500000000000000000e+02 6.304983253357931972e-05 6.181633216328918934e-05 6.304983253357931972e-05 6.181633216328918934e-05 2.377305552363395691e-02 2.186647616326808929e-04
2.600000000000000000e+02 5.025109931011684239e-05 5.101667557028122246e-05 5.025109931011684239e-05 5.101667557028122246e-05 2.296553365886211395e-02 2.040618855971843004e-04
2.700000000000000000e+02 5.241247708909213543e-05 4.783407712238840759e-05 5.241247708909213543e-05 4.783407712238840759e-05 2.298111096024513245e-02 2.043387794401496649e-04
2.800000000000000000e+02 5.229217276792041957e-05 4.690598871093243361e-05 5.229217276792041957e-05 4.690598871093243361e-05 2.284849993884563446e-02 2.019873500103130937e-04
2.900000000000000000e+02 5.043213968747295439e-05 4.154421912971884012e-05 5.043213968747295439e-05 4.154421912971884012e-05 2.183535508811473846e-02 1.844715297920629382e-04
3.000000000000000000e+02 3.237450073356740177e-05 4.068527414347045124e-05 3.237450073356740177e-05 4.068527414347045124e-05 2.171617187559604645e-02 1.824632054194808006e-04
3.100000000000000000e+02 3.132054553134366870e-05 3.984993236372247338e-05 3.132054553134366870e-05 3.984993236372247338e-05 2.124874666333198547e-02 1.746929337969049811e-04
3.200000000000000000e+02 2.902313281083479524e-05 3.211750663467682898e-05 2.902313281083479524e-05 3.211750663467682898e-05 2.053507603704929352e-02 1.631553896004334092e-04
3.300000000000000000e+02 3.536191798048093915e-05 3.023455428774468601e-05 3.536191798048093915e-05 3.023455428774468601e-05 2.105197682976722717e-02 1.714725221972912550e-04
3.400000000000000000e+02 3.514910349622368813e-05 2.942413993878290057e-05 3.514910349622368813e-05 2.942413993878290057e-05 2.126776054501533508e-02 1.750057417666539550e-04
3.500000000000000000e+02 3.536561052897013724e-05 2.731222593865823001e-05 3.536561052897013724e-05 2.731222593865823001e-05 2.108157239854335785e-02 1.719550054986029863e-04
3.600000000000000000e+02 2.847528958227485418e-05 2.399148615950252861e-05 2.847528958227485418e-05 2.399148615950252861e-05 2.123505622148513794e-02 1.744679175317287445e-04
3.700000000000000000e+02 4.539492510957643390e-05 1.563877594890072942e-04 4.539492510957643390e-05 1.563877594890072942e-04 2.877740003168582916e-02 3.204143140465021133e-04
3.800000000000000000e+02 5.897471419302746654e-05 7.018002361292019486e-05 5.897471419302746654e-05 7.018002361292019486e-05 2.334042079746723175e-02 2.107784093823283911e-04
3.900000000000000000e+02 3.942600233131088316e-05 2.250424586236476898e-05 3.942600233131088316e-05 2.250424586236476898e-05 2.050508931279182434e-02 1.626792509341612458e-04
4.000000000000000000e+02 2.560879693191964179e-05 2.956653224828187376e-05 2.560879693191964179e-05 2.956653224828187376e-05 2.074389718472957611e-02 1.664905139477923512e-04
4.100000000000000000e+02 2.382548518653493375e-05 1.969515687960665673e-05 2.382548518653493375e-05 1.969515687960665673e-05 1.975895091891288757e-02 1.510554866399616003e-04
4.200000000000000000e+02 2.204983866249676794e-05 1.579603303980547935e-05 2.204983866249676794e-05 1.579603303980547935e-05 1.958728767931461334e-02 1.484421954955905676e-04
4.300000000000000000e+02 2.749870691332034767e-05 1.476138550060568377e-05 2.749870691332034767e-05 1.476138550060568377e-05 1.942900009453296661e-02 1.460527128074318171e-04
4.400000000000000000e+02 3.364896474522538483e-05 1.623466232558712363e-05 3.364896474522538483e-05 1.623466232558712363e-05 1.926481910049915314e-02 1.435947633581236005e-04
4.500000000000000000e+02 2.962595863209571689e-05 1.402985071763396263e-05 2.962595863209571689e-05 1.402985071763396263e-05 1.974772475659847260e-02 1.508839341113343835e-04
4.600000000000000000e+02 2.374403629801236093e-05 1.502480972703779116e-05 2.374403629801236093e-05 1.502480972703779116e-05 2.009229548275470734e-02 1.561952522024512291e-04
4.700000000000000000e+02 1.542535392218269408e-05 1.334261560259619728e-05 1.542535392218269408e-05 1.334261560259619728e-05 1.992658711969852448e-02 1.536294876132160425e-04
4.800000000000000000e+02 2.492864405212458223e-05 2.584366302471607924e-05 2.492864405212458223e-05 2.584366302471607924e-05 2.092546224594116211e-02 1.694177626632153988e-04
4.900000000000000000e+02 4.026054375572130084e-05 4.816219370695762336e-05 4.026054375572130084e-05 4.816219370695762336e-05 2.239288948476314545e-02 1.940122019732370973e-04
5.000000000000000000e+02 1.877969225461129099e-05 2.191733256040606648e-05 1.877969225461129099e-05 2.191733256040606648e-05 2.014433406293392181e-02 1.570054155308753252e-04
5.100000000000000000e+02 1.499151585448998958e-05 1.798265839170198888e-05 1.499151585448998958e-05 1.798265839170198888e-05 2.024691551923751831e-02 1.586085272720083594e-04
5.200000000000000000e+02 1.601768417458515614e-05 8.930050171329639852e-06 1.601768417458515614e-05 8.930050171329639852e-06 1.940234936773777008e-02 1.456523023080080748e-04
5.300000000000000000e+02 1.958721259143203497e-05 1.874780173238832504e-05 1.958721259143203497e-05 1.874780173238832504e-05 2.038896083831787109e-02 1.608417805982753634e-04
5.400000000000000000e+02 1.312070708081591874e-05 1.043329666572390124e-05 1.312070708081591874e-05 1.043329666572390124e-05 1.993135735392570496e-02 1.537030475446954370e-04
5.500000000000000000e+02 1.209434776683337986e-05 3.224443935323506594e-05 1.209434776683337986e-05 3.224443935323506594e-05 2.106656134128570557e-02 1.717102277325466275e-04
5.600000000000000000e+02 3.240839942009188235e-05 4.517894558375701308e-05 3.240839942009188235e-05 4.517894558375701308e-05 2.244372107088565826e-02 1.948940189322456717e-04
5.700000000000000000e+02 1.817573684093076736e-05 3.991351695731282234e-05 1.817573684093076736e-05 3.991351695731282234e-05 2.265691012144088745e-02 1.986141433008015156e-04
5.800000000000000000e+02 2.127015977748669684e-05 1.662864815443754196e-05 2.127015977748669684e-05 1.662864815443754196e-05 2.106907777488231659e-02 1.717512059258297086e-04
5.900000000000000000e+02 1.741628148010931909e-05 7.604956863360712305e-06 1.741628148010931909e-05 7.604956863360712305e-06 1.991087757050991058e-02 1.533873437438160181e-04
6.000000000000000000e+02 1.864723526523448527e-05 1.031560077535687014e-05 1.864723526523448527e-05 1.031560077535687014e-05 2.027021162211894989e-02 1.589737366884946823e-04
6.100000000000000000e+02 1.189198337669949979e-05 7.736249244771897793e-06 1.189198337669949979e-05 7.736249244771897793e-06 1.997129619121551514e-02 1.543196849524974823e-04
6.200000000000000000e+02 8.754236660024616867e-06 1.145072747021913528e-05 8.754236660024616867e-06 1.145072747021913528e-05 2.007576264441013336e-02 1.559383526910096407e-04
6.300000000000000000e+02 8.852415703586302698e-06 4.733690730063244700e-06 8.852415703586302698e-06 4.733690730063244700e-06 2.000099420547485352e-02 1.547789870528504252e-04
6.400000000000000000e+02 2.037846752500627190e-05 5.772254007752053440e-05 2.037846752500627190e-05 5.772254007752053440e-05 2.383343502879142761e-02 2.197768772020936012e-04
6.500000000000000000e+02 1.134343165176687762e-05 4.188376260572113097e-05 1.134343165176687762e-05 4.188376260572113097e-05 2.200558967888355255e-02 1.873591099865734577e-04
6.600000000000000000e+02 1.650127342145424336e-05 1.023879394779214635e-05 1.650127342145424336e-05 1.023879394779214635e-05 2.073153294622898102e-02 1.662920840317383409e-04
6.700000000000000000e+02 2.474104439897928387e-05 5.879048330825753510e-06 2.474104439897928387e-05 5.879048330825753510e-06 2.051106095314025879e-02 1.627740130061283708e-04
6.800000000000000000e+02 1.785505264706443995e-05 4.747247203340521082e-06 1.785505264706443995e-05 4.747247203340521082e-06 2.050711959600448608e-02 1.627114834263920784e-04
6.900000000000000000e+02 1.747146416164468974e-05 4.888137937086867169e-06 1.747146416164468974e-05 4.888137937086867169e-06 2.083279378712177277e-02 1.679205306572839618e-04
7.000000000000000000e+02 2.487900565029121935e-05 6.825682794442400336e-05 2.487900565029121935e-05 6.825682794442400336e-05 2.520684339106082916e-02 2.458361268509179354e-04
7.100000000000000000e+02 1.225970845553092659e-05 2.908759415731765330e-05 1.225970845553092659e-05 2.908759415731765330e-05 2.242043614387512207e-02 1.944898249348625541e-04
7.200000000000000000e+02 2.136037801392376423e-05 1.496214281360153109e-05 2.136037801392376423e-05 1.496214281360153109e-05 2.249758876860141754e-02 1.958306966116651893e-04
7.300000000000000000e+02 1.398074618919054046e-05 1.369635538139846176e-05 1.398074618919054046e-05 1.369635538139846176e-05 2.193544246256351471e-02 1.861665223259478807e-04
7.400000000000000000e+02 1.903776501421816647e-05 1.557646464789286256e-05 1.903776501421816647e-05 1.557646464789286256e-05 2.232190966606140137e-02 1.927842240547761321e-04
7.500000000000000000e+02 1.022275318973697722e-05 9.424416930414736271e-06 1.022275318973697722e-05 9.424416930414736271e-06 2.229389362037181854e-02 1.923006348079070449e-04
7.600000000000000000e+02 2.248754935862962157e-05 1.746603084029629827e-04 2.248754935862962157e-05 1.746603084029629827e-04 3.113507293164730072e-02 3.750667383428663015e-04
7.700000000000000000e+02 1.778856494638603181e-05 7.499076673411764205e-06 1.778856494638603181e-05 7.499076673411764205e-06 2.156637236475944519e-02 1.799545862013474107e-04
7.800000000000000000e+02 1.054847598425112665e-05 5.651285846397513524e-06 1.054847598425112665e-05 5.651285846397513524e-06 2.104939706623554230e-02 1.714304962661117315e-04
7.900000000000000000e+02 1.348764635622501373e-05 1.445046473236288875e-05 1.348764635622501373e-05 1.445046473236288875e-05 2.115331962704658508e-02 1.731274242047220469e-04
8.000000000000000000e+02 7.479060059267794713e-06 3.635689608927350491e-06 7.479060059267794713e-06 3.635689608927350491e-06 2.100070007145404816e-02 1.706382463453337550e-04
8.100000000000000000e+02 8.009177690837532282e-06 2.984751063195290044e-06 8.009177690837532282e-06 2.984751063195290044e-06 2.093492448329925537e-02 1.695709797786548734e-04
8.200000000000000000e+02 1.331299608864355832e-05 3.071123046538559720e-06 1.331299608864355832e-05 3.071123046538559720e-06 2.053783088922500610e-02 1.631991763133555651e-04
8.300000000000000000e+02 6.638810646109050140e-06 2.499528818589169532e-06 6.638810646109050140e-06 2.499528818589169532e-06 2.043632231652736664e-02 1.615899382159113884e-04
8.400000000000000000e+02 7.799520972184836864e-06 5.830880581925157458e-06 7.799520972184836864e-06 5.830880581925157458e-06 2.037731558084487915e-02 1.606581645319238305e-04
8.500000000000000000e+02 8.713022907613776624e-06 3.681087036966346204e-05 8.713022907613776624e-06 3.681087036966346204e-05 2.194892615079879761e-02 1.863954530563205481e-04
8.600000000000000000e+02 9.500253327132668346e-06 1.151235846919007599e-05 9.500253327132668346e-06 1.151235846919007599e-05 2.128491736948490143e-02 1.752882380969822407e-04
8.700000000000000000e+02 9.631608008930925280e-06 3.918450147466501221e-06 9.631608008930925280e-06 3.918450147466501221e-06 2.061738073825836182e-02 1.644658477744087577e-04
8.800000000000000000e+02 7.405561973428120837e-06 7.338866907957708463e-06 7.405561973428120837e-06 7.338866907957708463e-06 2.036547474563121796e-02 1.604714925633743405e-04
8.900000000000000000e+02 5.877602688997285441e-06 8.077166967268567532e-06 5.877602688997285441e-06 8.077166967268567532e-06 2.041823044419288635e-02 1.613039348740130663e-04
9.000000000000000000e+02 6.509192644443828613e-06 7.056713457131991163e-06 6.509192644443828613e-06 7.056713457131991163e-06 2.055057510733604431e-02 1.634017680771648884e-04
9.100000000000000000e+02 2.363691601203754544e-05 1.991734316106885672e-04 2.363691601203754544e-05 1.991734316106885672e-04 3.135716542601585388e-02 3.804366569966077805e-04
9.200000000000000000e+02 1.755440098349936306e-05 5.689790668839123100e-06 1.755440098349936306e-05 5.689790668839123100e-06 2.006429620087146759e-02 1.557602663524448872e-04
9.300000000000000000e+02 9.644312740419991314e-06 1.649154546612408012e-05 9.644312740419991314e-06 1.649154546612408012e-05 2.021917141973972321e-02 1.581741380505263805e-04
9.400000000000000000e+02 1.712175435386598110e-05 1.134071135311387479e-05 1.712175435386598110e-05 1.134071135311387479e-05 2.012496627867221832e-02 1.567036524647846818e-04
9.500000000000000000e+02 1.180004528578137979e-05 1.094193248718511313e-05 1.180004528578137979e-05 1.094193248718511313e-05 2.106483653187751770e-02 1.716820843284949660e-04
9.600000000000000000e+02 1.194228116219164804e-05 4.466316113393986598e-06 1.194228116219164804e-05 4.466316113393986598e-06 2.020895853638648987e-02 1.580143871251493692e-04
9.700000000000000000e+02 6.604165264434413984e-06 6.521674094983609393e-06 6.604165264434413984e-06 6.521674094983609393e-06 2.030123956501483917e-02 1.594607747392728925e-04
9.800000000000000000e+02 6.170895630930317566e-06 2.597850652819033712e-06 6.170895630930317566e-06 2.597850652819033712e-06 1.984650827944278717e-02 1.523972168797627091e-04
9.900000000000000000e+02 1.035906916513340548e-05 2.976815494548645802e-06 1.035906916513340548e-05 2.976815494548645802e-06 2.005734667181968689e-02 1.556523930048570037e-04
1.000000000000000000e+03 5.937272817391203716e-06 8.983892257674597204e-06 5.937272817391203716e-06 8.983892257674597204e-06 2.087044529616832733e-02 1.685280294623225927e-04
1.010000000000000000e+03 1.443715518689714372e-05 1.450212730560451746e-04 1.443715518689714372e-05 1.450212730560451746e-04 2.881173230707645416e-02 3.211792791262269020e-04
1.020000000000000000e+03 1.063948457158403471e-05 3.363730911587481387e-06 1.063948457158403471e-05 3.363730911587481387e-06 2.010544762015342712e-02 1.563998230267316103e-04
1.030000000000000000e+03 1.687569238129071891e-05 1.914385029522236437e-05 1.687569238129071891e-05 1.914385029522236437e-05 2.076815254986286163e-02 1.668800978222861886e-04
1.040000000000000000e+03 1.143513600254664198e-05 4.182575594313675538e-06 1.143513600254664198e-05 4.182575594313675538e-06 2.006497234106063843e-02 1.557707728352397680e-04
1.050000000000000000e+03 8.200200682040303946e-06 3.644675189207191579e-06 8.200200682040303946e-06 3.644675189207191579e-06 2.037499658763408661e-02 1.606215664651244879e-04
1.060000000000000000e+03 1.207164768857182935e-05 7.181457476690411568e-06 1.207164768857182935e-05 7.181457476690411568e-06 2.111535891890525818e-02 1.725065958453342319e-04
1.070000000000000000e+03 1.159389739768812433e-05 4.787038506037788466e-06 1.159389739768812433e-05 4.787038506037788466e-06 2.043254859745502472e-02 1.615302317077293992e-04
1.080000000000000000e+03 1.277562751056393608e-05 1.475756471336353570e-05 1.277562751056393608e-05 1.475756471336353570e-05 2.076535299420356750e-02 1.668350741965696216e-04
1.090000000000000000e+03 1.839337892306502908e-05 1.546506391605362296e-04 1.839337892306502908e-05 1.546506391605362296e-04 2.758008241653442383e-02 2.943064901046454906e-04
1.100000000000000000e+03 1.982722460525110364e-05 1.269063977815676481e-05 1.982722460525110364e-05 1.269063977815676481e-05 2.160009741783142090e-02 1.805178617360070348e-04
1.110000000000000000e+03 1.281781896977918223e-05 2.536831925681326538e-05 1.281781896977918223e-05 2.536831925681326538e-05 2.281310223042964935e-02 2.013619814533740282e-04
1.120000000000000000e+03 1.168259859696263447e-05 5.416546173364622518e-06 1.168259859696263447e-05 5.416546173364622518e-06 2.113313600420951843e-02 1.727971830405294895e-04
1.130000000000000000e+03 8.205197445931844413e-06 3.478246981103438884e-06 8.205197445931844413e-06 3.478246981103438884e-06 2.127121761441230774e-02 1.750626834109425545e-04
1.140000000000000000e+03 7.062436452542897314e-06 6.548444162035593763e-06 7.062436452542897314e-06 6.548444162035593763e-06 2.101044170558452606e-02 1.707965566311031580e-04
1.150000000000000000e+03 8.898364285414572805e-06 1.086771681002574041e-05 8.898364285414572805e-06 1.086771681002574041e-05 2.189245633780956268e-02 1.854375586844980717e-04
1.160000000000000000e+03 1.290231011807918549e-05 3.360328628332354128e-05 1.290231011807918549e-05 3.360328628332354128e-05 2.352714538574218750e-02 2.141644072253257036e-04
1.170000000000000000e+03 1.927295488712843508e-05 3.642263436631765217e-06 1.927295488712843508e-05 3.642263436631765217e-06 2.079205960035324097e-02 1.672645303187891841e-04
1.180000000000000000e+03 1.216964574268786237e-05 2.361871793254977092e-06 1.216964574268786237e-05 2.361871793254977092e-06 2.069785818457603455e-02 1.657522952882573009e-04
1.190000000000000000e+03 9.043635145644657314e-06 7.315181846934137866e-06 9.043635145644657314e-06 7.315181846934137866e-06 2.092562988400459290e-02 1.694204693194478750e-04
1.200000000000000000e+03 1.910045466502197087e-05 1.126197166740894318e-04 1.910045466502197087e-05 1.126197166740894318e-04 2.606290206313133240e-02 2.628175134304910898e-04
1.210000000000000000e+03 2.237388798675965518e-05 1.039156632032245398e-04 2.237388798675965518e-05 1.039156632032245398e-04 2.691074088215827942e-02 2.801947994157671928e-04
1.220000000000000000e+03 1.304031320614740252e-05 2.037848935287911445e-05 1.304031320614740252e-05 2.037848935287911445e-05 2.214413322508335114e-02 1.897256879601627588e-04
1.230000000000000000e+03 2.256114385090768337e-05 6.278762157307937741e-06 2.256114385090768337e-05 6.278762157307937741e-06 2.088044025003910065e-02 1.686895120656117797e-04
1.240000000000000000e+03 1.292246633965987712e-05 9.430624231754336506e-06 1.292246633965987712e-05 9.430624231754336506e-06 2.070783823728561401e-02 1.659121917327865958e-04
1.250000000000000000e+03 1.158608120022108778e-05 4.549917321128305048e-06 1.158608120022108778e-05 4.549917321128305048e-06 2.064697816967964172e-02 1.649384066695347428e-04
1.260000000000000000e+03 9.075929483515210450e-06 4.934357548336265609e-06 9.075929483515210450e-06 4.934357548336265609e-06 2.070591598749160767e-02 1.658813707763329148e-04
1.270000000000000000e+03 1.054809763445518911e-05 5.931895884714322165e-06 1.054809763445518911e-05 5.931895884714322165e-06 2.094233781099319458e-02 1.696911058388650417e-04
1.280000000000000000e+03 1.294073172175558284e-05 4.309229916543699801e-05 1.294073172175558284e-05 4.309229916543699801e-05 2.366051264107227325e-02 2.165993064409121871e-04
1.290000000000000000e+03 8.381376574106980115e-06 7.968303179950453341e-06 8.381376574106980115e-06 7.968303179950453341e-06 2.048853412270545959e-02 1.624166616238653660e-04
1.300000000000000000e+03 8.368129783775657415e-06 2.782865522021893412e-05 8.368129783775657415e-06 2.782865522021893412e-05 2.155851013958454132e-02 1.798234588932245970e-04
1.310000000000000000e+03 6.758864856237778440e-06 6.172932444314938039e-06 6.758864856237778440e-06 6.172932444314938039e-06 2.056488581001758575e-02 1.636294036870822310e-04
1.320000000000000000e+03 5.402193892223294824e-06 1.960053123184479773e-05 5.402193892223294824e-06 1.960053123184479773e-05 2.146383933722972870e-02 1.782475592335686088e-04
1.330000000000000000e+03 4.319229446991812438e-06 5.079283255327027291e-06 4.319229446991812438e-06 5.079283255327027291e-06 2.020435221493244171e-02 1.579423696966841817e-04
1.340000000000000000e+03 5.415125087893102318e-06 2.475426754244836047e-06 5.415125087893102318e-06 2.475426754244836047e-06 2.003334648907184601e-02 1.552800968056544662e-04
1.350000000000000000e+03 4.744152647617738694e-06 9.795435289561282843e-06 4.744152647617738694e-06 9.795435289561282843e-06 2.102625928819179535e-02 1.710538490442559123e-04
1.360000000000000000e+03 1.246639294549822807e-05 8.458297088509425521e-05 1.246639294549822807e-05 8.458297088509425521e-05 2.592073008418083191e-02 2.599580329842865467e-04
1.370000000000000000e+03 1.114244878408499062e-05 4.072710362379439175e-05 1.114244878408499062e-05 4.072710362379439175e-05 2.175586298108100891e-02 1.831308327382430434e-04
1.380000000000000000e+03 6.906231647008098662e-06 2.027194568654522300e-05 6.906231647008098662e-06 2.027194568654522300e-05 2.163819596171379089e-02 1.811552356230095029e-04
1.390000000000000000e+03 1.093033006327459589e-05 2.288783434778451920e-06 1.093033006327459589e-05 2.288783434778451920e-06 2.008653618395328522e-02 1.561057142680510879e-04
1.400000000000000000e+03 7.757248567941132933e-06 4.316018930694554001e-06 7.757248567941132933e-06 4.316018930694554001e-06 2.038905769586563110e-02 1.608433522051200271e-04
1.410000000000000000e+03 1.009929565043421462e-05 3.081393970205681399e-06 1.009929565043421462e-05 3.081393970205681399e-06 2.021762542426586151e-02 1.581499382155016065e-04
1.420000000000000000e+03 7.237272257043514401e-06 1.422642253601225093e-05 7.237272257043514401e-06 1.422642253601225093e-05 2.111597731709480286e-02 1.725167094264179468e-04
1.430000000000000000e+03 8.767073268245439976e-06 2.061033455902361311e-06 8.767073268245439976e-06 2.061033455902361311e-06 2.094295807182788849e-02 1.697011757642030716e-04
1.440000000000000000e+03 9.484218026045709848e-06 1.385685118293622509e-05 9.484218026045709848e-06 1.385685118293622509e-05 2.190534397959709167e-02 1.856559829320758581e-04
1.450000000000000000e+03 5.624717687169322744e-06 3.227732804589322768e-06 5.624717687169322744e-06 3.227732804589322768e-06 2.035524696111679077e-02 1.603103446541354060e-04
1.460000000000000000e+03 7.552167517133057117e-06 1.675901694397907704e-05 7.552167517133057117e-06 1.675901694397907704e-05 2.105444110929965973e-02 1.715126709314063191e-04
1.470000000000000000e+03 2.986137769767083228e-05 3.628091362770646811e-04 2.986137769767083228e-05 3.628091362770646811e-04 3.545798733830451965e-02 4.864486982114613056e-04
1.480000000000000000e+03 1.659068402659613639e-05 1.309420767938718200e-04 1.659068402659613639e-05 1.309420767938718200e-04 2.643380686640739441e-02 2.703511854633688927e-04
1.490000000000000000e+03 2.295851118105929345e-05 3.688167271320708096e-05 2.295851118105929345e-05 3.688167271320708096e-05 2.148253098130226135e-02 1.785581698641180992e-04
1.500000000000000000e+03 1.559212614665739238e-05 5.213480562815675512e-06 1.559212614665739238e-05 5.213480562815675512e-06 2.045698650181293488e-02 1.619169051991775632e-04
1.510000000000000000e+03 9.675518413132522255e-06 8.982630788523238152e-06 9.675518413132522255e-06 8.982630788523238152e-06 2.043498493731021881e-02 1.615687797311693430e-04
1.520000000000000000e+03 9.847094588621985167e-06 3.313222123324521817e-06 9.847094588621985167e-06 3.313222123324521817e-06 1.963283121585845947e-02 1.491333096055313945e-04
1.530000000000000000e+03 6.304809630819363520e-06 8.544391675968654454e-06 6.304809630819363520e-06 8.544391675968654454e-06 2.022406272590160370e-02 1.582506956765428185e-04
1.540000000000000000e+03 5.611855158349499106e-06 4.656048531614942476e-06 5.611855158349499106e-06 4.656048531614942476e-06 1.937628537416458130e-02 1.452612632419914007e-04
1.550000000000000000e+03 6.238922651391476393e-06 1.516822294433950447e-06 6.238922651391476393e-06 1.516822294433950447e-06 1.913726143538951874e-02 1.416995073668658733e-04
1.560000000000000000e+03 3.941057002521120012e-06 4.138711119594518095e-06 3.941057002521120012e-06 4.138711119594518095e-06 1.921558380126953125e-02 1.428617542842403054e-04
1.570000000000000000e+03 5.866969331691507250e-06 2.165084879379719496e-05 5.866969331691507250e-06 2.165084879379719496e-05 2.016539312899112701e-02 1.573338668094947934e-04
1.580000000000000000e+03 3.156580987706547603e-06 2.187659219998749904e-06 3.156580987706547603e-06 2.187659219998749904e-06 1.879800111055374146e-02 1.367200311506167054e-04
1.590000000000000000e+03 2.686123934836359695e-06 8.273024832305964082e-06 2.686123934836359695e-06 8.273024832305964082e-06 1.941628009080886841e-02 1.458615588489919901e-04
1.600000000000000000e+03 1.750350861584593076e-06 1.067497851181542501e-05 1.750350861584593076e-06 1.067497851181542501e-05 1.905747503042221069e-02 1.405204529874026775e-04
1.610000000000000000e+03 5.571162091655423865e-06 4.676788648794172332e-06 5.571162091655423865e-06 4.676788648794172332e-06 1.874724589288234711e-02 1.359827147098258138e-04
1.620000000000000000e+03 6.923255568835884333e-06 2.283476896991487592e-05 6.923255568835884333e-06 2.283476896991487592e-05 1.967757940292358398e-02 1.498139026807621121e-04
1.630000000000000000e+03 6.552687864314066246e-06 6.555556319653987885e-05 6.552687864314066246e-06 6.555556319653987885e-05 2.221689373254776001e-02 1.909745624288916588e-04
1.640000000000000000e+03 7.553281648142728955e-06 4.767548034578794613e-06 7.553281648142728955e-06 4.767548034578794613e-06 1.923857629299163818e-02 1.432038261555135250e-04
1.650000000000000000e+03 3.581005330488551408e-06 5.312015218805754557e-06 3.581005330488551408e-06 5.312015218805754557e-06 1.945408061146736145e-02 1.464300876250490546e-04
1.660000000000000000e+03 3.912613919965224341e-06 2.530585697968490422e-05 3.912613919965224341e-06 2.530585697968490422e-05 2.028338424861431122e-02 1.591804029885679483e-04
1.670000000000000000e+03 4.782644737133523449e-06 4.327414899307768792e-06 4.782644737133523449e-06 4.327414899307768792e-06 1.912392675876617432e-02 1.415021251887083054e-04
1.680000000000000000e+03 3.805818096225266345e-06 2.545613369875354692e-06 3.805818096225266345e-06 2.545613369875354692e-06 1.924631930887699127e-02 1.433191355317831039e-04
1.690000000000000000e+03 6.687801032967399806e-06 6.302071415120735765e-05 6.687801032967399806e-06 6.302071415120735765e-05 2.352046221494674683e-02 2.140427095582708716e-04
1.700000000000000000e+03 7.993415238161105663e-06 1.146166414400795475e-05 7.993415238161105663e-06 1.146166414400795475e-05 2.014073170721530914e-02 1.569492596900090575e-04
1.710000000000000000e+03 7.612939043610822409e-06 2.352868932575802319e-06 7.612939043610822409e-06 2.352868932575802319e-06 1.933506503701210022e-02 1.446438400307670236e-04
1.720000000000000000e+03 9.148851859208662063e-06 2.516997255952446721e-06 9.148851859208662063e-06 2.516997255952446721e-06 1.927243918180465698e-02 1.437083701603114605e-04
1.730000000000000000e+03 8.356425496458541602e-06 1.324881486652884632e-05 8.356425496458541602e-06 1.324881486652884632e-05 1.931019686162471771e-02 1.442720531485974789e-04
1.740000000000000000e+03 5.886524377274326980e-06 1.734750867399270646e-06 5.886524377274326980e-06 1.734750867399270646e-06 1.864813268184661865e-02 1.345486962236464024e-04
1.750000000000000000e+03 6.118234523455612361e-06 3.659017693280475214e-06 6.118234523455612361e-06 3.659017693280475214e-06 1.895418390631675720e-02 1.390013349009677768e-04
1.760000000000000000e+03 1.185167457151692361e-05 7.588534208480268717e-05 1.185167457151692361e-05 7.588534208480268717e-05 2.293523028492927551e-02 2.035236830124631524e-04
1.770000000000000000e+03 3.054612170672044158e-05 1.138125589932315052e-04 3.054612170672044158e-05 1.138125589932315052e-04 2.531321160495281219e-02 2.479152753949165344e-04
1.780000000000000000e+03 2.538877197366673499e-05 5.374752072384580970e-05 2.538877197366673499e-05 5.374752072384580970e-05 2.193010598421096802e-02 1.860759657574817538e-04
1.790000000000000000e+03 1.455089022783795372e-05 6.850296813354361802e-06 1.455089022783795372e-05 6.850296813354361802e-06 1.857727207243442535e-02 1.335280976491048932e-04
1.800000000000000000e+03 1.074951705959392712e-05 8.780992175161372870e-06 1.074951705959392712e-05 8.780992175161372870e-06 1.829247735440731049e-02 1.294654357479885221e-04
1.810000000000000000e+03 8.952755706559401006e-06 8.099798833427485079e-06 8.952755706559401006e-06 8.099798833427485079e-06 1.799134165048599243e-02 1.252379297511652112e-04
1.820000000000000000e+03 7.917136827018111944e-06 2.224352328994427808e-06 7.917136827018111944e-06 2.224352328994427808e-06 1.800716854631900787e-02 1.254583767149597406e-04
1.830000000000000000e+03 5.558586963161360472e-06 1.923024228744907305e-06 5.558586963161360472e-06 1.923024228744907305e-06 1.772890798747539520e-02 1.216109594679437578e-04
1.840000000000000000e+03 5.277454420138383284e-06 1.531401608190208208e-06 5.277454420138383284e-06 1.531401608190208208e-06 1.774276606738567352e-02 1.218011457240208983e-04
1.850000000000000000e+03 5.555716597882565111e-06 1.492752062404179014e-06 5.555716597882565111e-06 1.492752062404179014e-06 1.774910651147365570e-02 1.218882171087898314e-04
1.860000000000000000e+03 7.553030627605039626e-06 3.309860403533093631e-06 7.553030627605039626e-06 3.309860403533093631e-06 1.799227483570575714e-02 1.252509391633793712e-04
1.870000000000000000e+03 5.164869435247965157e-06 8.157427146215923131e-06 5.164869435247965157e-06 8.157427146215923131e-06 1.792225241661071777e-02 1.242779399035498500e-04
1.880000000000000000e+03 9.739181223267223686e-06 1.017533850244944915e-05 9.739181223267223686e-06 1.017533850244944915e-05 1.877357997000217438e-02 1.363650226267054677e-04
1.890000000000000000e+03 1.398612221237272024e-05 3.391990048839943483e-06 1.398612221237272024e-05 3.391990048839943483e-06 1.843142323195934296e-02 1.314397086389362812e-04
1.900000000000000000e+03 8.096394594758749008e-06 4.476360118133015931e-06 8.096394594758749008e-06 4.476360118133015931e-06 1.838885806500911713e-02 1.308333303313702345e-04
1.910000000000000000e+03 9.781640983419492841e-06 3.357909008627757430e-05 9.781640983419492841e-06 3.357909008627757430e-05 2.022239193320274353e-02 1.582245313329622149e-04
1.920000000000000000e+03 1.520020305179059505e-05 1.047380064846947789e-04 1.520020305179059505e-05 1.047380064846947789e-04 2.495485171675682068e-02 2.409455191809684038e-04
1.930000000000000000e+03 1.256304676644504070e-05 4.977246499038301408e-05 1.256304676644504070e-05 4.977246499038301408e-05 2.050101757049560547e-02 1.626146404305472970e-04
1.940000000000000000e+03 1.344440170214511454e-05 8.378935490327421576e-06 1.344440170214511454e-05 8.378935490327421576e-06 1.867485046386718750e-02 1.349344966001808643e-04
1.950000000000000000e+03 1.471419545850949362e-05 3.391053496670792811e-06 1.471419545850949362e-05 3.391053496670792811e-06 1.831467635929584503e-02 1.297798444284126163e-04
1.960000000000000000e+03 1.555141898279543966e-05 9.500188753008842468e-06 1.555141898279543966e-05 9.500188753008842468e-06 1.871345564723014832e-02 1.354929845547303557e-04
1.970000000000000000e+03 1.319967213930794969e-05 5.188568320591002703e-05 1.319967213930794969e-05 5.188568320591002703e-05 2.073477022349834442e-02 1.663440489210188389e-04
1.980000000000000000e+03 1.041484938468784094e-05 2.491654595360159874e-05 1.041484938468784094e-05 2.491654595360159874e-05 1.892939768731594086e-02 1.386380317853763700e-04
1.990000000000000000e+03 9.066776328836567700e-06 2.521632814023178071e-05 9.066776328836567700e-06 2.521632814023178071e-05 2.053276635706424713e-02 1.631186896702274680e-04
2.000000000000000000e+03 1.186493955174228176e-05 1.063204181264154613e-04 1.186493955174228176e-05 1.063204181264154613e-04 2.567059732973575592e-02 2.549650671426206827e-04
2.010000000000000000e+03 9.467770723858848214e-06 1.265423816221300513e-05 9.467770723858848214e-06 1.265423816221300513e-05 1.860969327390193939e-02 1.339945883955806494e-04
2.020000000000000000e+03 9.918431715050246567e-06 2.651487920957151800e-05 9.918431715050246567e-06 2.651487920957151800e-05 2.095780894160270691e-02 1.699419372016564012e-04
2.030000000000000000e+03 1.058480665960814804e-05 1.565746060805395246e-05 1.058480665960814804e-05 1.565746060805395246e-05 1.938817836344242096e-02 1.454396260669454932e-04
2.040000000000000000e+03 6.850428235338767990e-06 8.177343261195346713e-06 6.850428235338767990e-06 8.177343261195346713e-06 1.901421137154102325e-02 1.398831664118915796e-04
2.050000000000000000e+03 1.106434956454904750e-05 4.563840047921985388e-05 1.106434956454904750e-05 4.563840047921985388e-05 2.176382578909397125e-02 1.832649140851572156e-04
2.060000000000000000e+03 5.145299837749917060e-06 4.837306732952129096e-06 5.145299837749917060e-06 4.837306732952129096e-06 1.872611045837402344e-02 1.356762804789468646e-04
2.070000000000000000e+03 6.469119398389011621e-06 7.796674253768287599e-06 6.469119398389011621e-06 7.796674253768287599e-06 1.857894100248813629e-02 1.335520937573164701e-04
2.080000000000000000e+03 1.005679314403096214e-05 2.113113296218216419e-04 1.005679314403096214e-05 2.113113296218216419e-04 2.845708653330802917e-02 3.133210993837565184e-04
2.090000000000000000e+03 9.919192962115630507e-06 5.324789526639506221e-05 9.919192962115630507e-06 5.324789526639506221e-05 2.240778505802154541e-02 1.942703966051340103e-04
2.100000000000000000e+03 7.692511644563637674e-06 3.085612843278795481e-05 7.692511644563637674e-06 3.085612843278795481e-05 1.951301284134387970e-02 1.473185548093169928e-04
2.110000000000000000e+03 5.813390998810064048e-06 1.432643875887151808e-05 5.813390998810064048e-06 1.432643875887151808e-05 1.979243010282516479e-02 1.515678304713219404e-04
2.120000000000000000e+03 6.598740583285689354e-06 2.112479933202848770e-06 6.598740583285689354e-06 2.112479933202848770e-06 1.842851191759109497e-02 1.313981774728745222e-04
2.130000000000000000e+03 4.762094704346964136e-06 1.545110194456356112e-06 4.762094704346964136e-06 1.545110194456356112e-06 1.854393072426319122e-02 1.330492377746850252e-04
2.140000000000000000e+03 6.599396328965667635e-06 1.407254330842988566e-06 6.599396328965667635e-06 1.407254330842988566e-06 1.862796768546104431e-02 1.342578761978074908e-04
2.150000000000000000e+03 6.761261829524300992e-06 1.990412556551746093e-06 6.761261829524300992e-06 1.990412556551746093e-06 1.834080740809440613e-02 1.301504380535334349e-04
2.160000000000000000e+03 1.931033875735010952e-05 3.126497904304414988e-04 1.931033875735010952e-05 3.126497904304414988e-04 3.219243511557579041e-02 4.009742115158587694e-04
2.170000000000000000e+03 2.047490488621406257e-05 1.672364014666527510e-04 2.047490488621406257e-05 1.672364014666527510e-04 2.827128581702709198e-02 3.092430415563285351e-04
2.180000000000000000e+03 1.507158140157116577e-05 6.230102007975801826e-05 1.507158140157116577e-05 6.230102007975801826e-05 2.259632758796215057e-02 1.975534105440601707e-04
2.190000000000000000e+03 1.261574197997106239e-05 3.575269147404469550e-05 1.261574197997106239e-05 3.575269147404469550e-05 2.076839469373226166e-02 1.668839686317369342e-04
2.200000000000000000e+03 1.204379714181413874e-05 1.637919194763526320e-05 1.204379714181413874e-05 1.637919194763526320e-05 1.948677748441696167e-02 1.469226990593597293e-04
2.210000000000000000e+03 1.144728230428881943e-05 5.400029294833075255e-06 1.144728230428881943e-05 5.400029294833075255e-06 1.817351020872592926e-02 1.277869159821420908e-04
2.220000000000000000e+03 1.025476922222878784e-05 3.640112481662072241e-06 1.025476922222878784e-05 3.640112481662072241e-06 1.794394850730895996e-02 1.245790044777095318e-04
2.230000000000000000e+03 1.327944664808455855e-05 3.491297320579178631e-06 1.327944664808455855e-05 3.491297320579178631e-06 1.816052757203578949e-02 1.276044204132631421e-04
2.240000000000000000e+03 9.125914402829948813e-06 2.841484047166886739e-06 9.125914402829948813e-06 2.841484047166886739e-06 1.868428848683834076e-02 1.350709062535315752e-04
2.250000000000000000e+03 5.353172582545084879e-06 2.567850287960027345e-06 5.353172582545084879e-06 2.567850287960027345e-06 1.879080943763256073e-02 1.366154319839552045e-04
2.260000000000000000e+03 8.082543899945449084e-06 2.454962668707594275e-06 8.082543899945449084e-06 2.454962668707594275e-06 1.822520978748798370e-02 1.285150065086781979e-04
2.270000000000000000e+03 7.983852810866665095e-06 3.608680117395124398e-06 7.983852810866665095e-06 3.608680117395124398e-06 1.845225319266319275e-02 1.317369460593909025e-04
2.280000000000000000e+03 1.931445149239152670e-05 1.283918390981853008e-04 1.931445149239152670e-05 1.283918390981853008e-04 2.661655098199844360e-02 2.741020871326327324e-04
2.290000000000000000e+03 1.587691986060235649e-05 6.829767517047002912e-05 1.587691986060235649e-05 6.829767517047002912e-05 2.103882282972335815e-02 1.712583180051296949e-04
2.300000000000000000e+03 2.021331238211132586e-05 3.657303750514984131e-05 2.021331238211132586e-05 3.657303750514984131e-05 2.056966908276081085e-02 1.637055684113875031e-04
2.310000000000000000e+03 9.156405212706886232e-06 3.406026507946080528e-06 9.156405212706886232e-06 3.406026507946080528e-06 1.829860545694828033e-02 1.295522088184952736e-04
2.320000000000000000e+03 1.080715082935057580e-05 7.882104000600520521e-06 1.080715082935057580e-05 7.882104000600520521e-06 1.854915544390678406e-02 1.331242237938567996e-04
2.330000000000000000e+03 1.275025988434208557e-05 2.226035348940058611e-06 1.275025988434208557e-05 2.226035348940058611e-06 1.850755140185356140e-02 1.325276825809851289e-04
2.340000000000000000e+03 1.220162903337040916e-05 5.460851298266788945e-06 1.220162903337040916e-05 5.460851298266788945e-06 1.861159130930900574e-02 1.340218877885490656e-04
2.350000000000000000e+03 2.231856706202961504e-05 2.254399441881105304e-04 2.231856706202961504e-05 2.254399441881105304e-04 3.133580461144447327e-02 3.799185506068170071e-04
2.360000000000000000e+03 1.504343163105659187e-05 1.578911178512498736e-04 1.504343163105659187e-05 1.578911178512498736e-04 2.541057020425796509e-02 2.498260000720620155e-04
2.370000000000000000e+03 6.799921720812562853e-06 1.020276977214962244e-05 6.799921720812562853e-06 1.020276977214962244e-05 1.810144260525703430e-02 1.267754414584487677e-04
2.380000000000000000e+03 7.917365110188256949e-06 1.480497394368285313e-05 7.917365110188256949e-06 1.480497394368285313e-05 1.946333795785903931e-02 1.465694222133606672e-04
2.390000000000000000e+03 5.683814833901124075e-06 6.499661139969248325e-06 5.683814833901124075e-06 6.499661139969248325e-06 1.872538402676582336e-02 1.356657594442367554e-04
2.400000000000000000e+03 5.775963472842704505e-06 2.037738113358500414e-06 5.775963472842704505e-06 2.037738113358500414e-06 1.837516948580741882e-02 1.306385966017842293e-04
2.410000000000000000e+03 7.070897481753490865e-06 1.954413846760871820e-06 7.070897481753490865e-06 1.954413846760871820e-06 1.811115816235542297e-02 1.269115600734949112e-04
2.420000000000000000e+03 5.641743427986511961e-06 2.204080828960286453e-06 5.641743427986511961e-06 2.204080828960286453e-06 1.826106756925582886e-02 1.290211948798969388e-04
2.430000000000000000e+03 5.345521003619069234e-06 1.394491846440359950e-06 5.345521003619069234e-06 1.394491846440359950e-06 1.824693754315376282e-02 1.288216153625398874e-04
2.440000000000000000e+03 7.075547273416304961e-06 1.055636312230490148e-05 7.075547273416304961e-06 1.055636312230490148e-05 1.841498911380767822e-02 1.312053936999291182e-04
2.450000000000000000e+03 5.201272415433777496e-06 1.577121793161495589e-06 5.201272415433777496e-06 1.577121793161495589e-06 1.850160397589206696e-02 1.324425684288144112e-04
2.460000000000000000e+03 6.185549864312633872e-06 1.492693627369590104e-05 6.185549864312633872e-06 1.492693627369590104e-05 2.009459584951400757e-02 1.562310499139130116e-04
2.470000000000000000e+03 1.485855864302720875e-05 1.467998226871713996e-04 1.485855864302720875e-05 1.467998226871713996e-04 2.815912105143070221e-02 3.067940997425466776e-04
2.480000000000000000e+03 6.069250503060175106e-06 3.270772867836058140e-05 6.069250503060175106e-06 3.270772867836058140e-05 1.937192305922508240e-02 1.451958669349551201e-04
2.490000000000000000e+03 5.171916654944652691e-06 3.454675970715470612e-05 5.171916654944652691e-06 3.454675970715470612e-05 2.125185355544090271e-02 1.747440546751022339e-04
2.500000000000000000e+03 7.975676453497726470e-06 2.202625728386919945e-05 7.975676453497726470e-06 2.202625728386919945e-05 1.885687373578548431e-02 1.375777501380071044e-04
2.510000000000000000e+03 5.569659151660744101e-06 4.603245542966760695e-06 5.569659151660744101e-06 4.603245542966760695e-06 1.859330758452415466e-02 1.337587309535592794e-04
2.520000000000000000e+03 5.576277544605545700e-06 6.669281447102548555e-06 5.576277544605545700e-06 6.669281447102548555e-06 1.805841736495494843e-02 1.261735014850273728e-04
2.530000000000000000e+03 4.950801667291671038e-06 1.892076170406653546e-06 4.950801667291671038e-06 1.892076170406653546e-06 1.777835190296173096e-02 1.222902355948463082e-04
2.540000000000000000e+03 8.258828529505990446e-06 6.247845158213749528e-05 8.258828529505990446e-06 6.247845158213749528e-05 2.111148834228515625e-02 1.724433968774974346e-04
2.550000000000000000e+03 1.035443528962787241e-05 2.526294338167645037e-05 1.035443528962787241e-05 2.526294338167645037e-05 1.886533387005329132e-02 1.377012231387197971e-04
2.560000000000000000e+03 5.914486337132984772e-06 5.408897322922712192e-06 5.914486337132984772e-06 5.408897322922712192e-06 1.817859895527362823e-02 1.278584968531504273e-04
2.570000000000000000e+03 5.899140887777321041e-06 5.921413503529038280e-06 5.899140887777321041e-06 5.921413503529038280e-06 1.872327364981174469e-02 1.356351567665114999e-04
2.580000000000000000e+03 4.155869646638166159e-06 1.203719762088439893e-06 4.155869646638166159e-06 1.203719762088439893e-06 1.832386478781700134e-02 1.299100986216217279e-04
2.590000000000000000e+03 2.865057467715814710e-06 1.714914219519414473e-06 2.865057467715814710e-06 1.714914219519414473e-06 1.812977902591228485e-02 1.271726941922679543e-04
2.600000000000000000e+03 3.373357003511046059e-06 2.678333430594648235e-06 3.373357003511046059e-06 2.678333430594648235e-06 1.887092366814613342e-02 1.377828448312357068e-04
2.610000000000000000e+03 2.340276068935054354e-06 4.963632818544283509e-06 2.340276068935054354e-06 4.963632818544283509e-06 1.844768971204757690e-02 1.316717825829982758e-04
2.620000000000000000e+03 2.818087750711129047e-06 4.878821528109256178e-06 2.818087750711129047e-06 4.878821528109256178e-06 1.867203414440155029e-02 1.348938094452023506e-04
2.630000000000000000e+03 4.287518095225095749e-06 5.544490704778581858e-05 4.287518095225095749e-06 5.544490704778581858e-05 2.237483114004135132e-02 1.936994231073185802e-04
2.640000000000000000e+03 3.981395366281503811e-06 2.905778046624618582e-06 3.981395366281503811e-06 2.905778046624618582e-06 1.808759942650794983e-02 1.265816390514373779e-04
2.650000000000000000e+03 4.339701263234019279e-06 1.301968313782708719e-05 4.339701263234019279e-06 1.301968313782708719e-05 1.792614348232746124e-02 1.243318838533014059e-04
2.660000000000000000e+03 7.872843639233906288e-07 2.735190264502307400e-06 7.872843639233906288e-07 2.735190264502307400e-06 1.811826229095458984e-02 1.270111679332330823e-04
2.670000000000000000e+03 7.461273980879923329e-07 8.447339610029303003e-07 7.461273980879923329e-07 8.447339610029303003e-07 1.785286702215671539e-02 1.233175280503928661e-04
2.680000000000000000e+03 5.490701937560515944e-07 1.339207074124715291e-06 5.490701937560515944e-07 1.339207074124715291e-06 1.748237386345863342e-02 1.182522755698300898e-04
2.690000000000000000e+03 4.918456852465169504e-06 4.116079435334540904e-05 4.918456852465169504e-06 4.116079435334540904e-05 1.935086771845817566e-02 1.448803959647193551e-04
2.700000000000000000e+03 1.532982969365548342e-05 1.947505952557548881e-04 1.532982969365548342e-05 1.947505952557548881e-04 2.654568105936050415e-02 2.726443635765463114e-04
2.710000000000000000e+03 6.664700322289718315e-06 3.572638524929061532e-05 6.664700322289718315e-06 3.572638524929061532e-05 1.883762702345848083e-02 1.372970436932519078e-04
2.720000000000000000e+03 1.153938956122146919e-05 3.013787500094622374e-05 1.153938956122146919e-05 3.013787500094622374e-05 2.005475573241710663e-02 1.556121569592505693e-04
2.730000000000000000e+03 4.413634087541140616e-06 2.365752152400091290e-06 4.413634087541140616e-06 2.365752152400091290e-06 1.771309413015842438e-02 1.213941213791258633e-04
2.740000000000000000e+03 4.774296485265949741e-06 8.065755537245422602e-06 4.774296485265949741e-06 8.065755537245422602e-06 1.781292632222175598e-02 1.227663451572880149e-04
2.750000000000000000e+03 2.428639618301531300e-06 3.338933538543642499e-06 2.428639618301531300e-06 3.338933538543642499e-06 1.802260428667068481e-02 1.256735413335263729e-04
2.760000000000000000e+03 3.306261532998178154e-06 4.510708549787523225e-06 3.306261532998178154e-06 4.510708549787523225e-06 1.773508079349994659e-02 1.216956734424456954e-04
2.770000000000000000e+03 3.389861603864119388e-06 2.865114311134675518e-06 3.389861603864119388e-06 2.865114311134675518e-06 1.794945634901523590e-02 1.246554893441498280e-04
2.780000000000000000e+03 3.285092134319711477e-06 7.436967166540853214e-07 3.285092134319711477e-06 7.436967166540853214e-07 1.746284216642379761e-02 1.179882237920537591e-04
2.790000000000000000e+03 2.279764430568320677e-06 1.801072244234092068e-06 2.279764430568320677e-06 1.801072244234092068e-06 1.762146130204200745e-02 1.201413688249886036e-04
2.800000000000000000e+03 3.183776470905286260e-06 7.566779913759091869e-07 3.183776470905286260e-06 7.566779913759091869e-07 1.725237816572189331e-02 1.151613614638336003e-04
2.810000000000000000e+03 4.840678684558952227e-06 1.376690079268882982e-06 4.840678684558952227e-06 1.376690079268882982e-06 1.733672618865966797e-02 1.162901680800132453e-04
2.820000000000000000e+03 7.120286682038567960e-06 4.064584572915919125e-05 7.120286682038567960e-06 4.064584572915919125e-05 1.918276958167552948e-02 1.423742505721747875e-04
2.830000000000000000e+03 1.618339229025878012e-05 1.424984220648184419e-04 1.618339229025878012e-05 1.424984220648184419e-04 2.378270588815212250e-02 2.188423241022974253e-04
2.840000000000000000e+03 1.885154051706194878e-05 1.085119001800194383e-04 1.885154051706194878e-05 1.085119001800194383e-04 2.205890975892543793e-02 1.882681681308895350e-04
2.850000000000000000e+03 1.658629662415478379e-05 5.219248487264849246e-05 1.658629662415478379e-05 5.219248487264849246e-05 1.911828853189945221e-02 1.414186699548736215e-04
2.860000000000000000e+03 7.978309440659359097e-06 3.188335176673717797e-05 7.978309440659359097e-06 3.188335176673717797e-05 1.839733310043811798e-02 1.309539075009524822e-04
2.870000000000000000e+03 6.889793894515605643e-06 9.509230039839167148e-06 6.889793894515605643e-06 9.509230039839167148e-06 1.690960675477981567e-02 1.106307390728034079e-04
2.880000000000000000e+03 6.537053195643238723e-06 3.048780627068481408e-06 6.537053195643238723e-06 3.048780627068481408e-06 1.672596111893653870e-02 1.082407834473997355e-04
2.890000000000000000e+03 7.992409337020944804e-06 2.164752686439896934e-06 7.992409337020944804e-06 2.164752686439896934e-06 1.667317748069763184e-02 1.075587060768157244e-04
2.900000000000000000e+03 5.977773525955853984e-06 1.547715896776935551e-06 5.977773525955853984e-06 1.547715896776935551e-06 1.673449203372001648e-02 1.083512324839830399e-04
2.910000000000000000e+03 2.579187594164977781e-06 1.129286602008505724e-06 2.579187594164977781e-06 1.129286602008505724e-06 1.686756126582622528e-02 1.100812514778226614e-04
2.920000000000000000e+03 3.141115712423925288e-06 7.690990742048597895e-07 3.141115712423925288e-06 7.690990742048597895e-07 1.677655614912509918e-02 1.088966309907846153e-04
2.930000000000000000e+03 1.848223291744943708e-06 2.992131840073852800e-06 1.848223291744943708e-06 2.992131840073852800e-06 1.737117767333984375e-02 1.167528098449110985e-04
2.940000000000000000e+03 2.189807446484337561e-06 1.040995357470819727e-06 2.189807446484337561e-06 1.040995357470819727e-06 1.703177951276302338e-02 1.122351386584341526e-04
2.950000000000000000e+03 2.102289499816833995e-06 1.804654289117024746e-06 2.102289499816833995e-06 1.804654289117024746e-06 1.697248220443725586e-02 1.114549886551685631e-04
2.960000000000000000e+03 1.511820073574199341e-06 7.639538125658873469e-06 1.511820073574199341e-06 7.639538125658873469e-06 1.800976879894733429e-02 1.254946255357936025e-04
2.970000000000000000e+03 1.324085815213038586e-06 3.358683215992641635e-07 1.324085815213038586e-06 3.358683215992641635e-07 1.700833253562450409e-02 1.119263470172882080e-04
2.980000000000000000e+03 1.056130940924049355e-06 9.835606533670215867e-07 1.056130940924049355e-06 9.835606533670215867e-07 1.698119938373565674e-02 1.115695122280158103e-04
2.990000000000000000e+03 3.073259676966699772e-06 6.636410603277909104e-07 3.073259676966699772e-06 6.636410603277909104e-07 1.716464012861251831e-02 1.139930027420632541e-04
3.000000000000000000e+03 3.642064939413103275e-06 4.908737082587322220e-06 3.642064939413103275e-06 4.908737082587322220e-06 1.766907609999179840e-02 1.207915192935615778e-04
3.010000000000000000e+03 1.128255826188251376e-05 2.347990230191498995e-04 1.128255826188251376e-05 2.347990230191498995e-04 3.137715533375740051e-02 3.809218178503215313e-04
3.020000000000000000e+03 1.492864976171404123e-05 1.358900044579058886e-04 1.492864976171404123e-05 1.358900044579058886e-04 2.362192422151565552e-02 2.158933930331841111e-04
3.030000000000000000e+03 7.331640063057420775e-06 1.395157414663117379e-05 7.331640063057420775e-06 1.395157414663117379e-05 1.847779564559459686e-02 1.321019080933183432e-04
3.040000000000000000e+03 6.862485861347522587e-06 1.389556200592778623e-05 6.862485861347522587e-06 1.389556200592778623e-05 1.867183111608028412e-02 1.348908990621566772e-04
3.050000000000000000e+03 3.830018613371066749e-06 7.408879810100188479e-06 3.830018613371066749e-06 7.408879810100188479e-06 1.720478758215904236e-02 1.145268834079615772e-04
3.060000000000000000e+03 4.467399776331149042e-06 1.376488057758251671e-06 4.467399776331149042e-06 1.376488057758251671e-06 1.704004034399986267e-02 1.123440233641304076e-04
3.070000000000000000e+03 4.744204034068388864e-06 1.722180627439229283e-06 4.744204034068388864e-06 1.722180627439229283e-06 1.744573935866355896e-02 1.177572121378034353e-04
3.080000000000000000e+03 3.533843482728116214e-06 3.009278998433728702e-06 3.533843482728116214e-06 3.009278998433728702e-06 1.785632036626338959e-02 1.233652292285114527e-04
3.090000000000000000e+03 2.317320650035981089e-06 3.240173100493848324e-06 2.317320650035981089e-06 3.240173100493848324e-06 1.734799146652221680e-02 1.164413479273207486e-04
3.100000000000000000e+03 1.512728545094432775e-06 1.267808784177759662e-06 1.512728545094432775e-06 1.267808784177759662e-06 1.716983877122402191e-02 1.140620661317370832e-04
3.110000000000000000e+03 3.702642743519390933e-06 5.597905783361056820e-07 3.702642743519390933e-06 5.597905783361056820e-07 1.731383986771106720e-02 1.159833336714655161e-04
3.120000000000000000e+03 2.470514573360560462e-06 8.066966984188184142e-06 2.470514573360560462e-06 8.066966984188184142e-06 1.728753931820392609e-02 1.156312137027271092e-04
3.130000000000000000e+03 1.687801886873785406e-05 3.091184771619737148e-04 1.687801886873785406e-05 3.091184771619737148e-04 3.108774870634078979e-02 3.739274106919765472e-04
3.140000000000000000e+03 1.005961348710115999e-05 8.495675865560770035e-05 1.005961348710115999e-05 8.495675865560770035e-05 2.356052398681640625e-02 2.147724735550582409e-04
3.150000000000000000e+03 3.124807790300110355e-06 6.248012596188345924e-06 3.124807790300110355e-06 6.248012596188345924e-06 1.690332032740116119e-02 1.105484989238902926e-04
3.160000000000000000e+03 3.980693236371735111e-06 4.202729996904963627e-06 3.980693236371735111e-06 4.202729996904963627e-06 1.696919463574886322e-02 1.114118203986436129e-04
3.170000000000000000e+03 4.120245648664422333e-06 1.742510903568472713e-05 4.120245648664422333e-06 1.742510903568472713e-05 1.908996514976024628e-02 1.409999822499230504e-04
3.180000000000000000e+03 3.113730826953542419e-06 8.900857210392132401e-06 3.113730826953542419e-06 8.900857210392132401e-06 1.745604351162910461e-02 1.178963502752594650e-04
3.190000000000000000e+03 3.931481387553503737e-06 1.320659521297784522e-06 3.931481387553503737e-06 1.320659521297784522e-06 1.780942641198635101e-02 1.227181055583059788e-04
3.200000000000000000e+03 3.198082595190498978e-06 8.827844339975854382e-07 3.198082595190498978e-06 8.827844339975854382e-07 1.767732575535774231e-02 1.209043475682847202e-04
3.210000000000000000e+03 1.481707954553712625e-06 7.890368465268693399e-07 1.481707954553712625e-06 7.890368465268693399e-07 1.771102100610733032e-02 1.213657014886848629e-04
3.220000000000000000e+03 2.102958433169987984e-06 8.498124770994763821e-06 2.102958433169987984e-06 8.498124770994763821e-06 1.748039759695529938e-02 1.182255509775131941e-04
3.230000000000000000e+03 4.371481281850719824e-06 4.032609649584628642e-05 4.371481281850719824e-06 4.032609649584628642e-05 1.937387138605117798e-02 1.452250726288184524e-04
3.240000000000000000e+03 2.889667257477412932e-06 2.326405956409871578e-05 2.889667257477412932e-06 2.326405956409871578e-05 1.848979108035564423e-02 1.322735042776912451e-04
3.250000000000000000e+03 4.177520622761221603e-06 6.804738745813665446e-07 4.177520622761221603e-06 6.804738745813665446e-07 1.753801107406616211e-02 1.190061739180237055e-04
3.260000000000000000e+03 7.586385436297859997e-06 2.628523907333146781e-05 7.586385436297859997e-06 2.628523907333146781e-05 2.017401717603206635e-02 1.574684720253571868e-04
3.270000000000000000e+03 2.357114135520532727e-05 3.073770494665950537e-04 2.357114135520532727e-05 3.073770494665950537e-04 3.407573327422142029e-02 4.492614534683525562e-04
3.280000000000000000e+03 8.787493243289645761e-06 7.185254798969253898e-05 8.787493243289645761e-06 7.185254798969253898e-05 2.041530609130859375e-02 1.612577616469934583e-04
3.290000000000000000e+03 9.199882697430439293e-06 4.808118774235481396e-06 9.199882697430439293e-06 4.808118774235481396e-06 1.708452776074409485e-02 1.129313895944505930e-04
3.300000000000000000e+03 7.562638984381919727e-06 1.202859402837930247e-05 7.562638984381919727e-06 1.202859402837930247e-05 1.873284578323364258e-02 1.357738947262987494e-04
3.310000000000000000e+03 4.872325007454492152e-06 7.634853318450041115e-06 4.872325007454492152e-06 7.634853318450041115e-06 1.767596043646335602e-02 1.208856847370043397e-04
3.320000000000000000e+03 1.033502121572382748e-05 4.610084943124093115e-06 1.033502121572382748e-05 4.610084943124093115e-06 1.812367886304855347e-02 1.270871143788099289e-04
3.330000000000000000e+03 4.912761596642667428e-06 1.943771167134400457e-06 4.912761596642667428e-06 1.943771167134400457e-06 1.757299341261386871e-02 1.194813958136364818e-04
3.340000000000000000e+03 2.781712282740045339e-06 1.474987129768123850e-06 2.781712282740045339e-06 1.474987129768123850e-06 1.752513274550437927e-02 1.188314563478343189e-04
3.350000000000000000e+03 2.472015921739512123e-06 1.191810952150262892e-06 2.472015921739512123e-06 1.191810952150262892e-06 1.739519461989402771e-02 1.170758623629808426e-04
3.360000000000000000e+03 2.871684728233958595e-06 1.977371539396699518e-06 2.871684728233958595e-06 1.977371539396699518e-06 1.780559308826923370e-02 1.226652675541117787e-04
3.370000000000000000e+03 3.095489091720082797e-06 3.042876869585597888e-06 3.095489091720082797e-06 3.042876869585597888e-06 1.778197847306728363e-02 1.223401050083339214e-04
3.380000000000000000e+03 3.866974566335557029e-06 1.023981167236343026e-05 3.866974566335557029e-06 1.023981167236343026e-05 1.869922317564487457e-02 1.352869585389271379e-04
3.390000000000000000e+03 4.491579966270364821e-05 7.407431839965283871e-04 4.491579966270364821e-05 7.407431839965283871e-04 4.853976517915725708e-02 9.115996072068810463e-04
3.400000000000000000e+03 1.901605173770803958e-05 1.041023060679435730e-04 1.901605173770803958e-05 1.041023060679435730e-04 2.480993606150150299e-02 2.381552039878442883e-04
3.410000000000000000e+03 1.111788151320070028e-05 2.697466152312699705e-05 1.111788151320070028e-05 2.697466152312699705e-05 1.944412477314472198e-02 1.462802465539425611e-04
3.420000000000000000e+03 5.922937361901858822e-06 7.907700819487217814e-06 5.922937361901858822e-06 7.907700819487217814e-06 1.793506741523742676e-02 1.244557060999795794e-04
3.430000000000000000e+03 9.397945177624933422e-06 1.696498202363727614e-06 9.397945177624933422e-06 1.696498202363727614e-06 1.684969291090965271e-02 1.098481661756522954e-04
3.440000000000000000e+03 4.139986685913754627e-06 5.139665063325082883e-06 4.139986685913754627e-06 5.139665063325082883e-06 1.684083975851535797e-02 1.097327476600185037e-04
3.450000000000000000e+03 3.396463853277964517e-06 1.299867676607391331e-06 3.396463853277964517e-06 1.299867676607391331e-06 1.688899658620357513e-02 1.103612303268164396e-04
3.460000000000000000e+03 4.405659183248644695e-06 2.419414613541448489e-06 4.405659183248644695e-06 2.419414613541448489e-06 1.729935593903064728e-02 1.157893639174290001e-04
3.470000000000000000e+03 5.741019322158535942e-06 4.725285180029459298e-06 5.741019322158535942e-06 4.725285180029459298e-06 1.670752838253974915e-02 1.080023648682981730e-04
3.480000000000000000e+03 5.839201548951677978e-06 3.301545348222134635e-06 5.839201548951677978e-06 3.301545348222134635e-06 1.693172939121723175e-02 1.109204313252121210e-04
3.490000000000000000e+03 2.176271209464175627e-06 1.875238922366406769e-06 2.176271209464175627e-06 1.875238922366406769e-06 1.656799018383026123e-02 1.062058436218649149e-04
3.500000000000000000e+03 2.670988806130480953e-06 1.800828954401367810e-06 2.670988806130480953e-06 1.800828954401367810e-06 1.694770157337188721e-02 1.111297460738569498e-04
3.510000000000000000e+03 4.470720341487322003e-06 1.836908381847024430e-06 4.470720341487322003e-06 1.836908381847024430e-06 1.666254177689552307e-02 1.074215397238731384e-04
3.520000000000000000e+03 2.447029601171379909e-06 9.472376405028626323e-06 2.447029601171379909e-06 9.472376405028626323e-06 1.788026653230190277e-02 1.236962998518720269e-04
3.530000000000000000e+03 3.685283445520326495e-06 3.935997665394097567e-05 3.685283445520326495e-06 3.935997665394097567e-05 2.035475522279739380e-02 1.603025884833186865e-04
3.540000000000000000e+03 2.844822347469744273e-06 4.548809556581545621e-06 2.844822347469744273e-06 4.548809556581545621e-06 1.624619588255882263e-02 1.021203206619247794e-04
3.550000000000000000e+03 8.520692063029855490e-06 9.978815569411381148e-07 8.520692063029855490e-06 9.978815569411381148e-07 1.642083190381526947e-02 1.043275624397210777e-04
3.560000000000000000e+03 3.858217496599536389e-06 2.872537334042135626e-05 3.858217496599536389e-06 2.872537334042135626e-05 1.931067556142807007e-02 1.442791835870593786e-04
3.570000000000000000e+03 3.317886466902564280e-06 1.368645189359085634e-05 3.317886466902564280e-06 1.368645189359085634e-05 1.814328134059906006e-02 1.273621892323717475e-04
3.580000000000000000e+03 2.656840933923376724e-06 3.680233476188732311e-06 2.656840933923376724e-06 3.680233476188732311e-06 1.699719391763210297e-02 1.117797582992352545e-04
3.590000000000000000e+03 1.963615204658708535e-06 1.275894192076520994e-06 1.963615204658708535e-06 1.275894192076520994e-06 1.625838689506053925e-02 1.022736250888556242e-04
3.600000000000000000e+03 6.371311428665649146e-06 2.876267717510927469e-05 6.371311428665649146e-06 2.876267717510927469e-05 1.760167628526687622e-02 1.198717363877221942e-04
3.610000000000000000e+03 8.057481863943394274e-06 8.332129073096439242e-05 8.057481863943394274e-06 8.332129073096439242e-05 2.068720385432243347e-02 1.655817031860351562e-04
3.620000000000000000e+03 4.635624463844578713e-06 1.624886681383941323e-05 4.635624463844578713e-06 1.624886681383941323e-05 1.821873337030410767e-02 1.284236786887049675e-04
3.630000000000000000e+03 4.958129466103855520e-06 2.232711267424747348e-06 4.958129466103855520e-06 2.232711267424747348e-06 1.630550622940063477e-02 1.028673068503849208e-04
3.640000000000000000e+03 3.643111540441168472e-06 3.077038491028361022e-05 3.643111540441168472e-06 3.077038491028361022e-05 1.769872568547725677e-02 1.211972266901284456e-04
3.650000000000000000e+03 2.525497620808891952e-06 2.082774699374567717e-05 2.525497620808891952e-06 2.082774699374567717e-05 1.719063147902488708e-02 1.143384870374575257e-04
3.660000000000000000e+03 2.286794369865674525e-06 1.442413486074656248e-05 2.286794369865674525e-06 1.442413486074656248e-05 1.801713369786739349e-02 1.255972747458145022e-04
3.670000000000000000e+03 6.537502940773265436e-06 8.106069435598328710e-05 6.537502940773265436e-06 8.106069435598328710e-05 2.288221381604671478e-02 2.025838912231847644e-04
3.680000000000000000e+03 2.005888518397114240e-06 1.174304179585305974e-05 2.005888518397114240e-06 1.174304179585305974e-05 1.654924266040325165e-02 1.059656569850631058e-04
3.690000000000000000e+03 1.868136109806073364e-06 1.391224304825300351e-05 1.868136109806073364e-06 1.391224304825300351e-05 1.673852279782295227e-02 1.084034520317800343e-04
3.700000000000000000e+03 3.193421207470237277e-06 1.706552575342357159e-05 3.193421207470237277e-06 1.706552575342357159e-05 1.833924651145935059e-02 1.301282754866406322e-04
3.710000000000000000e+03 8.337873964592290577e-07 5.894828518648864701e-07 8.337873964592290577e-07 5.894828518648864701e-07 1.646193116903305054e-02 1.048504782374948263e-04
3.720000000000000000e+03 2.442846835037926212e-06 2.734720510488841683e-05 2.442846835037926212e-06 2.734720510488841683e-05 1.759866811335086823e-02 1.198307654703967273e-04
3.730000000000000000e+03 2.539840579629526474e-06 2.435343049000948668e-05 2.539840579629526474e-06 2.435343049000948668e-05 1.737180911004543304e-02 1.167612863355316222e-04
3.740000000000000000e+03 9.443887734050804283e-07 2.971742333102156408e-06 9.443887734050804283e-07 2.971742333102156408e-06 1.637130789458751678e-02 1.036992325680330396e-04
3.750000000000000000e+03 6.640344167863077018e-07 1.780392295813726378e-07 6.640344167863077018e-07 1.780392295813726378e-07 1.646044105291366577e-02 1.048314807121641934e-04
3.760000000000000000e+03 4.627395071565842954e-07 1.190863301303579647e-07 4.627395071565842954e-07 1.190863301303579647e-07 1.646822877228260040e-02 1.049307102221064270e-04
3.770000000000000000e+03 1.241957306774565950e-06 1.304514807998202741e-05 1.241957306774565950e-06 1.304514807998202741e-05 1.684372127056121826e-02 1.097702988772653043e-04
3.780000000000000000e+03 3.881675729644484818e-05 8.197849965654313564e-04 3.881675729644484818e-05 8.197849965654313564e-04 4.628761485219001770e-02 8.289692923426628113e-04
3.790000000000000000e+03 1.222145874635316432e-05 7.520084182033315301e-05 1.222145874635316432e-05 7.520084182033315301e-05 1.971888914704322815e-02 1.504435931565240026e-04
3.800000000000000000e+03 1.009057450573891401e-05 8.264320968009997159e-06 1.009057450573891401e-05 8.264320968009997159e-06 1.640499942004680634e-02 1.041264986270107329e-04
3.810000000000000000e+03 8.708951099833939224e-06 5.411000529420562088e-06 8.708951099833939224e-06 5.411000529420562088e-06 1.584331877529621124e-02 9.711831080494448543e-05
3.820000000000000000e+03 7.568009550595888868e-06 1.894178240036126226e-06 7.568009550595888868e-06 1.894178240036126226e-06 1.597739383578300476e-02 9.876898548100143671e-05
3.830000000000000000e+03 8.461056495434604585e-06 1.520269165666832123e-06 8.461056495434604585e-06 1.520269165666832123e-06 1.612479425966739655e-02 1.005998055916279554e-04
3.840000000000000000e+03 6.910247975611127913e-06 3.289831965958001092e-06 6.910247975611127913e-06 3.289831965958001092e-06 1.644712314009666443e-02 1.046619072440080345e-04
3.850000000000000000e+03 4.528249519353266805e-06 2.156124992325203493e-06 4.528249519353266805e-06 2.156124992325203493e-06 1.623180881142616272e-02 1.019395422190427780e-04
3.860000000000000000e+03 4.528055796981789172e-06 1.966099716810276732e-06 4.528055796981789172e-06 1.966099716810276732e-06 1.619583368301391602e-02 1.014881490846164525e-04
3.870000000000000000e+03 1.951461399585241452e-06 1.232632143910450395e-06 1.951461399585241452e-06 1.232632143910450395e-06 1.622574776411056519e-02 1.018634065985679626e-04
3.880000000000000000e+03 2.196476316385087557e-06 7.160745099099585786e-07 2.196476316385087557e-06 7.160745099099585786e-07 1.610738225281238556e-02 1.003826619125902653e-04
3.890000000000000000e+03 2.474443135724868625e-06 9.669981864135479555e-07 2.474443135724868625e-06 9.669981864135479555e-07 1.599449850618839264e-02 9.898059215629473329e-05
3.900000000000000000e+03 2.907673206209437922e-06 5.496019070960755926e-07 2.907673206209437922e-06 5.496019070960755926e-07 1.612763479351997375e-02 1.006352540571242571e-04
3.910000000000000000e+03 2.409963371974299662e-06 1.606242676643887535e-06 2.409963371974299662e-06 1.606242676643887535e-06 1.622118428349494934e-02 1.018061375361867249e-04
3.920000000000000000e+03 1.815084260670118965e-06 2.197973117290530354e-06 1.815084260670118965e-06 2.197973117290530354e-06 1.589586585760116577e-02 9.776359365787357092e-05
3.930000000000000000e+03 1.331175553787034005e-06 3.857307092403061688e-06 1.331175553787034005e-06 3.857307092403061688e-06 1.573411002755165100e-02 9.578405297361314297e-05
3.940000000000000000e+03 1.806272734938829672e-06 3.138901774946134537e-06 1.806272734938829672e-06 3.138901774946134537e-06 1.617575623095035553e-02 1.012366919894702733e-04
3.950000000000000000e+03 2.036993919318774715e-06 2.558768574090208858e-05 2.036993919318774715e-06 2.558768574090208858e-05 1.842746511101722717e-02 1.313832617597654462e-04
3.960000000000000000e+03 2.615441644593374804e-06 2.421067074465099722e-05 2.615441644593374804e-06 2.421067074465099722e-05 1.824871264398097992e-02 1.288466737605631351e-04
3.970000000000000000e+03 1.173023292722064070e-06 2.775537950583384372e-06 1.173023292722064070e-06 2.775537950583384372e-06 1.544044446200132370e-02 9.224192035617306828e-05
3.980000000000000000e+03 6.957077971492253710e-07 6.483323886641301215e-07 6.957077971492253710e-07 6.483323886641301215e-07 1.574433781206607819e-02 9.590860281605273485e-05
3.990000000000000000e+03 1.471260247853933834e-06 1.062315050148754381e-06 1.471260247853933834e-06 1.062315050148754381e-06 1.579831540584564209e-02 9.656736074248328805e-05
4.000000000000000000e+03 1.358504164272744674e-06 6.174202098918613046e-06 1.358504164272744674e-06 6.174202098918613046e-06 1.558565255254507065e-02 9.398505062563344836e-05
4.010000000000000000e+03 1.808720662666019052e-05 3.070601960644125938e-04 1.808720662666019052e-05 3.070601960644125938e-04 3.025020472705364227e-02 3.540506877470761538e-04
4.020000000000000000e+03 1.346622593700885773e-05 1.108766591642051935e-04 1.346622593700885773e-05 1.108766591642051935e-04 2.392879500985145569e-02 2.215391432400792837e-04
4.030000000000000000e+03 1.198125755763612688e-05 2.776567498585791327e-06 1.198125755763612688e-05 2.776567498585791327e-06 1.596210710704326630e-02 9.858009434537962079e-05
4.040000000000000000e+03 9.199226951750461012e-06 1.256848099728813395e-05 9.199226951750461012e-06 1.256848099728813395e-05 1.574891433119773865e-02 9.596437303116545081e-05
4.050000000000000000e+03 6.604426289413822815e-06 2.471786274327314459e-06 6.604426289413822815e-06 2.471786274327314459e-06 1.542434841394424438e-02 9.204971138387918472e-05
4.060000000000000000e+03 5.073965894553111866e-06 1.834257773225544952e-06 5.073965894553111866e-06 1.834257773225544952e-06 1.553868036717176437e-02 9.341938857687637210e-05
4.070000000000000000e+03 4.509681275521870703e-06 2.512764240236720070e-06 4.509681275521870703e-06 2.512764240236720070e-06 1.545098237693309784e-02 9.236785990651696920e-05
4.080000000000000000e+03 4.155287570029031485e-06 2.565173190305358730e-06 4.155287570029031485e-06 2.565173190305358730e-06 1.541868876665830612e-02 9.198217594530433416e-05
4.090000000000000000e+03 2.830876155712758191e-06 4.146309947827830911e-06 2.830876155712758191e-06 4.146309947827830911e-06 1.556970831006765366e-02 9.379285620525479317e-05
4.100000000000000000e+03 5.284993676468729973e-06 8.973277726909145713e-05 5.284993676468729973e-06 8.973277726909145713e-05 2.209123782813549042e-02 1.888204133138060570e-04
4.110000000000000000e+03 3.329794481032877229e-06 1.684310177552106325e-06 3.329794481032877229e-06 1.684310177552106325e-06 1.492088939994573593e-02 8.613867976237088442e-05
4.120000000000000000e+03 2.326730054846848361e-06 8.589493063482223079e-07 2.326730054846848361e-06 8.589493063482223079e-07 1.485148258507251740e-02 8.533916843589395285e-05
4.130000000000000000e+03 1.732704390633443836e-06 7.372732397925574332e-07 1.732704390633443836e-06 7.372732397925574332e-07 1.485919021070003510e-02 8.542778232367709279e-05
4.140000000000000000e+03 2.932838924607494846e-06 2.272121491841971874e-06 2.932838924607494846e-06 2.272121491841971874e-06 1.500083599239587784e-02 8.706421795068308711e-05
4.150000000000000000e+03 2.661901362444041297e-06 1.116802991418808233e-06 2.661901362444041297e-06 1.116802991418808233e-06 1.490436587482690811e-02 8.594800601713359356e-05
4.160000000000000000e+03 2.982105797855183482e-06 6.341141670418437570e-06 2.982105797855183482e-06 6.341141670418437570e-06 1.551574841141700745e-02 9.314385533798485994e-05
4.170000000000000000e+03 4.130205525143537670e-06 4.788336445926688612e-05 4.130205525143537670e-06 4.788336445926688612e-05 1.918558031320571899e-02 1.424159709131345153e-04
4.180000000000000000e+03 3.648721531135379337e-06 4.097925921087153256e-05 3.648721531135379337e-06 4.097925921087153256e-05 1.868070662021636963e-02 1.350191741948947310e-04
4.190000000000000000e+03 2.022352418862283230e-06 4.285824161343043670e-06 2.022352418862283230e-06 4.285824161343043670e-06 1.483634114265441895e-02 8.516525122104212642e-05
4.200000000000000000e+03 2.128083679053816013e-06 1.634893806112813763e-06 2.128083679053816013e-06 1.634893806112813763e-06 1.519498508423566818e-02 8.933247590903192759e-05
4.210000000000000000e+03 1.048006083692598622e-06 9.983922382161836140e-07 1.048006083692598622e-06 9.983922382161836140e-07 1.500005740672349930e-02 8.705518121132627130e-05
4.220000000000000000e+03 9.126167697104392573e-07 1.889277200461947359e-06 9.126167697104392573e-07 1.889277200461947359e-06 1.494172867387533188e-02 8.637946302769705653e-05
4.230000000000000000e+03 8.300480658363085240e-07 1.784027858775516506e-06 8.300480658363085240e-07 1.784027858775516506e-06 1.489740237593650818e-02 8.586770854890346527e-05
4.240000000000000000e+03 3.765258270505000837e-06 2.804713767545763403e-05 3.765258270505000837e-06 2.804713767545763403e-05 1.623453758656978607e-02 1.019738047034479678e-04
4.250000000000000000e+03 1.831232475524302572e-05 2.880561805795878172e-04 1.831232475524302572e-05 2.880561805795878172e-04 2.912548556923866272e-02 3.282125398982316256e-04
4.260000000000000000e+03 7.061998985591344535e-06 2.006856448133476079e-06 7.061998985591344535e-06 2.006856448133476079e-06 1.488673593848943710e-02 8.574479579692706466e-05
4.270000000000000000e+03 1.037681431625969708e-05 3.973926868638955057e-05 1.037681431625969708e-05 3.973926868638955057e-05 1.883401162922382355e-02 1.372443366562947631e-04
4.280000000000000000e+03 6.087379915697965771e-06 2.404173528702813201e-06 6.087379915697965771e-06 2.404173528702813201e-06 1.501807849854230881e-02 8.726449595997110009e-05
4.290000000000000000e+03 5.187248461879789829e-06 5.268862423690734431e-06 5.187248461879789829e-06 5.268862423690734431e-06 1.497550494968891144e-02 8.677042933413758874e-05
4.300000000000000000e+03 6.069672508601797745e-06 4.527448709268355742e-06 6.069672508601797745e-06 4.527448709268355742e-06 1.553547848016023636e-02 9.338090603705495596e-05
4.310000000000000000e+03 4.022056600661017001e-06 1.325093535342602991e-06 4.022056600661017001e-06 1.325093535342602991e-06 1.496053487062454224e-02 8.659703598823398352e-05
4.320000000000000000e+03 8.568402336095459759e-06 1.224083916895324364e-06 8.568402336095459759e-06 1.224083916895324364e-06 1.471612975001335144e-02 8.379073551623150706e-05
4.330000000000000000e+03 5.312134817359037697e-06 1.290143472942872904e-06 5.312134817359037697e-06 1.290143472942872904e-06 1.462844666093587875e-02 8.279520989162847400e-05
4.340000000000000000e+03 6.848486009403131902e-06 2.010239086303045042e-06 6.848486009403131902e-06 2.010239086303045042e-06 1.488175988197326660e-02 8.568749035475775599e-05
4.350000000000000000e+03 4.208125574223231524e-06 1.600344262442376930e-06 4.208125574223231524e-06 1.600344262442376930e-06 1.469457615166902542e-02 8.354547026101499796e-05
4.360000000000000000e+03 8.146547770593315363e-06 3.288510924903675914e-06 8.146547770593315363e-06 3.288510924903675914e-06 1.457363925874233246e-02 8.217596769100055099e-05
4.370000000000000000e+03 1.519799207017058507e-05 1.109409131458960474e-04 1.519799207017058507e-05 1.109409131458960474e-04 2.320039458572864532e-02 2.082569844787940383e-04
4.380000000000000000e+03 2.372322342125698924e-05 2.922097046393901110e-04 2.372322342125698924e-05 2.922097046393901110e-04 2.874056994915008545e-02 3.195946919731795788e-04
4.390000000000000000e+03 1.784210144251119345e-05 1.255740498891100287e-04 1.784210144251119345e-05 1.255740498891100287e-04 2.146934531629085541e-02 1.783390616765245795e-04
4.400000000000000000e+03 2.223760748165659606e-05 4.687867476604878902e-05 2.223760748165659606e-05 4.687867476604878902e-05 1.662313751876354218e-02 1.069140416802838445e-04
4.410000000000000000e+03 1.526522100903093815e-05 9.683463758847210556e-06 1.526522100903093815e-05 9.683463758847210556e-06 1.432433538138866425e-02 7.938853377709165215e-05
4.420000000000000000e+03 8.927994713303633034e-06 5.255923952063312754e-06 8.927994713303633034e-06 5.255923952063312754e-06 1.498938445001840591e-02 8.693133713677525520e-05
4.430000000000000000e+03 7.205493602668866515e-06 6.078141268517356366e-06 7.205493602668866515e-06 6.078141268517356366e-06 1.447096839547157288e-02 8.102218998828902841e-05
4.440000000000000000e+03 6.460163604060653597e-06 2.300498181284638122e-06 6.460163604060653597e-06 2.300498181284638122e-06 1.366946287453174591e-02 7.229556649690493941e-05
4.450000000000000000e+03 4.960144906362984329e-06 1.840538629949151073e-06 4.960144906362984329e-06 1.840538629949151073e-06 1.394993346184492111e-02 7.529272988904267550e-05
4.460000000000000000e+03 5.419672106654616073e-06 1.395525487168924883e-06 5.419672106654616073e-06 1.395525487168924883e-06 1.365033816546201706e-02 7.209341856651008129e-05
4.470000000000000000e+03 8.119191079458687454e-06 2.062676230707438663e-06 8.119191079458687454e-06 2.062676230707438663e-06 1.372879836708307266e-02 7.292455848073586822e-05
4.480000000000000000e+03 7.710210411460138857e-06 3.570024546206695959e-06 7.710210411460138857e-06 3.570024546206695959e-06 1.388152223080396652e-02 7.455606828443706036e-05
4.490000000000000000e+03 5.261051683191908523e-06 3.005727648996980861e-06 5.261051683191908523e-06 3.005727648996980861e-06 1.402560528367757797e-02 7.611180626554414630e-05
4.500000000000000000e+03 9.084862540476024151e-06 8.461531251668930054e-05 9.084862540476024151e-06 8.461531251668930054e-05 2.055218070745468140e-02 1.634272921364754438e-04
4.510000000000000000e+03 7.870293302403297275e-06 3.665455005830153823e-05 7.870293302403297275e-06 3.665455005830153823e-05 1.602354273200035095e-02 9.934038826031610370e-05
4.520000000000000000e+03 6.181545359140727669e-06 2.031686562986578792e-05 6.181545359140727669e-06 2.031686562986578792e-05 1.578598096966743469e-02 9.641661017667502165e-05
4.530000000000000000e+03 5.395270363806048408e-06 3.865074177156202495e-06 5.395270363806048408e-06 3.865074177156202495e-06 1.396006345748901367e-02 7.540213846368715167e-05
4.540000000000000000e+03 3.998102329205721617e-06 1.220494141307426617e-06 3.998102329205721617e-06 1.220494141307426617e-06 1.332823559641838074e-02 6.873123493278399110e-05
4.550000000000000000e+03 3.418628466533846222e-06 1.522415800536691677e-06 3.418628466533846222e-06 1.522415800536691677e-06 1.370421238243579865e-02 7.266360626090317965e-05
4.560000000000000000e+03 3.734148776857182384e-06 9.584243798599345610e-07 3.734148776857182384e-06 9.584243798599345610e-07 1.371908746659755707e-02 7.282144360942766070e-05
4.570000000000000000e+03 3.327720833112834953e-06 8.572236538384458981e-07 3.327720833112834953e-06 8.572236538384458981e-07 1.385287940502166748e-02 7.424869545502588153e-05
4.580000000000000000e+03 2.509637852199375629e-06 3.801801312874886207e-06 2.509637852199375629e-06 3.801801312874886207e-06 1.431758608669042587e-02 7.931374420877546072e-05
4.590000000000000000e+03 4.092803465027827770e-06 4.747375714941881597e-05 4.092803465027827770e-06 4.747375714941881597e-05 1.840871758759021759e-02 1.311160449404269457e-04
4.600000000000000000e+03 2.364572310398216359e-06 1.724198341435112525e-06 2.364572310398216359e-06 1.724198341435112525e-06 1.369612757116556168e-02 7.257790275616571307e-05
4.610000000000000000e+03 2.473734639352187514e-06 1.759320548444520682e-05 2.473734639352187514e-06 1.759320548444520682e-05 1.425909064710140228e-02 7.866697706049308181e-05
4.620000000000000000e+03 1.558470330564887263e-06 7.983367140695918351e-07 1.558470330564887263e-06 7.983367140695918351e-07 1.299269311130046844e-02 6.531412509502843022e-05
4.630000000000000000e+03 3.237302735215052962e-06 1.009771267490577884e-06 3.237302735215052962e-06 1.009771267490577884e-06 1.328525599092245102e-02 6.828867481090128422e-05
4.640000000000000000e+03 4.209679900668561459e-06 5.619145326818397734e-07 4.209679900668561459e-06 5.619145326818397734e-07 1.331568043678998947e-02 6.860179564682766795e-05
4.650000000000000000e+03 3.418684173084329814e-06 6.479745024989824742e-06 3.418684173084329814e-06 6.479745024989824742e-06 1.398206595331430435e-02 7.563998951809480786e-05
4.660000000000000000e+03 1.530387817183509469e-05 2.250764227937906981e-04 1.530387817183509469e-05 2.250764227937906981e-04 2.826432324945926666e-02 3.090907121077179909e-04
4.670000000000000000e+03 1.556812458147760481e-05 1.018814800772815943e-04 1.556812458147760481e-05 1.018814800772815943e-04 1.913414150476455688e-02 1.416533195879310369e-04
4.680000000000000000e+03 9.615881936042569578e-06 2.870558773793163709e-06 9.615881936042569578e-06 2.870558773793163709e-06 1.321468316018581390e-02 6.756506627425551414e-05
4.690000000000000000e+03 6.355201549013145268e-06 1.902401345432735980e-05 6.355201549013145268e-06 1.902401345432735980e-05 1.527599059045314789e-02 9.028747444972395897e-05
4.700000000000000000e+03 4.203576281724963337e-06 1.168397466244641691e-05 4.203576281724963337e-06 1.168397466244641691e-05 1.412261836230754852e-02 7.716835534665733576e-05
4.710000000000000000e+03 3.294024963906849734e-06 9.855953067017253488e-07 3.294024963906849734e-06 9.855953067017253488e-07 1.323484908789396286e-02 6.777144881198182702e-05
4.720000000000000000e+03 3.738515033546718769e-06 1.654172592679969966e-06 3.738515033546718769e-06 1.654172592679969966e-06 1.333133969455957413e-02 6.876325642224401236e-05
4.730000000000000000e+03 2.108512262566364370e-06 1.180177605419885367e-06 2.108512262566364370e-06 1.180177605419885367e-06 1.278545707464218140e-02 6.324719288386404514e-05
4.740000000000000000e+03 3.334804205223917961e-06 1.994140438910108060e-05 3.334804205223917961e-06 1.994140438910108060e-05 1.399345509707927704e-02 7.576327334390953183e-05
4.750000000000000000e+03 4.775693014380522072e-06 2.309701631020288914e-05 4.775693014380522072e-06 2.309701631020288914e-05 1.431851834058761597e-02 7.932406879262998700e-05
4.760000000000000000e+03 4.146242645219899714e-06 2.121505531249567866e-05 4.146242645219899714e-06 2.121505531249567866e-05 1.565248891711235046e-02 9.479286381974816322e-05
4.770000000000000000e+03 2.258391077702981420e-06 1.164838613476604223e-05 2.258391077702981420e-06 1.164838613476604223e-05 1.397473178803920746e-02 7.556065975222736597e-05
4.780000000000000000e+03 9.845530257734935731e-06 3.263417738708085380e-06 9.845530257734935731e-06 3.263417738708085380e-06 1.350318640470504761e-02 7.054745219647884369e-05
4.790000000000000000e+03 5.914127086725784466e-06 1.585877726029139012e-05 5.914127086725784466e-06 1.585877726029139012e-05 1.532362867146730423e-02 9.085147758014500141e-05
4.800000000000000000e+03 5.963918283669045195e-06 2.061330405922490172e-06 5.963918283669045195e-06 2.061330405922490172e-06 1.360444072633981705e-02 7.160942186601459980e-05
4.810000000000000000e+03 9.206815775542054325e-06 2.434294856357155368e-06 9.206815775542054325e-06 2.434294856357155368e-06 1.347811333835124969e-02 7.028571417322382331e-05
4.820000000000000000e+03 7.694282430747989565e-06 3.195252702425932512e-06 7.694282430747989565e-06 3.195252702425932512e-06 1.390105392783880234e-02 7.476601604139432311e-05
4.830000000000000000e+03 1.530184999865014106e-05 2.977712720166891813e-04 1.530184999865014106e-05 2.977712720166891813e-04 3.191007301211357117e-02 3.939711023122072220e-04
4.840000000000000000e+03 2.181136005674488842e-05 1.648151956032961607e-04 2.181136005674488842e-05 1.648151956032961607e-04 2.399956807494163513e-02 2.228515368187800050e-04
4.850000000000000000e+03 2.019514977291692048e-05 5.070344195701181889e-05 2.019514977291692048e-05 5.070344195701181889e-05 1.953352428972721100e-02 1.476284378441050649e-04
4.860000000000000000e+03 1.767455069057177752e-05 3.213875970686785877e-05 1.767455069057177752e-05 3.213875970686785877e-05 1.940429396927356720e-02 1.456815080018714070e-04
4.870000000000000000e+03 8.872076250554528087e-06 1.143826193583663553e-05 8.872076250554528087e-06 1.143826193583663553e-05 1.795798540115356445e-02 1.247739855898544192e-04
4.880000000000000000e+03 7.977006134751718491e-06 8.119327503663953394e-06 7.977006134751718491e-06 8.119327503663953394e-06 1.764343306422233582e-02 1.204411673825234175e-04
4.890000000000000000e+03 6.338544153550174087e-06 2.923761712736450136e-06 6.338544153550174087e-06 2.923761712736450136e-06 1.768694072961807251e-02 1.210358968819491565e-04
4.900000000000000000e+03 5.197772225074004382e-06 2.118360725944512524e-06 5.197772225074004382e-06 2.118360725944512524e-06 1.745171658694744110e-02 1.178379388875328004e-04
4.910000000000000000e+03 5.039056759414961562e-06 1.314278279096470214e-06 5.039056759414961562e-06 1.314278279096470214e-06 1.709777489304542542e-02 1.131066310335882008e-04
4.920000000000000000e+03 5.499905455508269370e-06 1.166608740277297329e-06 5.499905455508269370e-06 1.166608740277297329e-06 1.754759624600410461e-02 1.191362971439957619e-04
4.930000000000000000e+03 5.166449227544944733e-06 1.510741412857896648e-06 5.166449227544944733e-06 1.510741412857896648e-06 1.729550957679748535e-02 1.157379010692238808e-04
4.940000000000000000e+03 7.112303137546405196e-06 1.840069785430387128e-06 7.112303137546405196e-06 1.840069785430387128e-06 1.674420386552810669e-02 1.084770410670898855e-04
4.950000000000000000e+03 1.214998155774082989e-05 2.256638254038989544e-06 1.214998155774082989e-05 2.256638254038989544e-06 1.661698333919048309e-02 1.068348938133567572e-04
4.960000000000000000e+03 1.069724294211482629e-05 3.360863274792791344e-06 1.069724294211482629e-05 3.360863274792791344e-06 1.668465882539749146e-02 1.077068955055437982e-04
4.970000000000000000e+03 9.701861017674673349e-06 3.657353227026760578e-05 9.701861017674673349e-06 3.657353227026760578e-05 1.944564469158649445e-02 1.463031076127663255e-04
4.980000000000000000e+03 1.099531618820037693e-05 7.792206815793178976e-06 1.099531618820037693e-05 7.792206815793178976e-06 1.722404360771179199e-02 1.147833827417343855e-04
4.990000000000000000e+03 8.394567885261494666e-06 3.411953457543859258e-06 8.394567885261494666e-06 3.411953457543859258e-06 1.658282242715358734e-02 1.063960808096453547e-04
5.000000000000000000e+03 5.359956958272960037e-06 6.134024715720443055e-06 5.359956958272960037e-06 6.134024715720443055e-06 1.714674197137355804e-02 1.137553990702144802e-04
