# step, loss_train, loss_test, metrics_test
0.000000000000000000e+00 8.317380905151367188e+00 4.413853168487548828e+00 8.456356048583984375e+00 4.413853168487548828e+00 1.009054064750671387e+00 4.363462924957275391e+00
1.000000000000000000e+01 5.047182440757751465e-01 4.135643959045410156e+00 5.786952972412109375e-01 4.135643959045410156e+00 9.756003618240356445e-01 4.078930377960205078e+00
2.000000000000000000e+01 7.683147490024566650e-02 3.889878511428833008e+00 1.023216992616653442e-01 3.889878511428833008e+00 9.468607902526855469e-01 3.842153310775756836e+00
3.000000000000000000e+01 1.253771483898162842e-01 3.396549463272094727e+00 2.799652218818664551e-01 3.396549463272094727e+00 8.837962150573730469e-01 3.347393035888671875e+00
4.000000000000000000e+01 8.163557201623916626e-02 3.031645059585571289e+00 2.914395928382873535e-01 3.031645059585571289e+00 8.350636959075927734e-01 2.988419771194458008e+00
5.000000000000000000e+01 9.326674044132232666e-02 2.583107948303222656e+00 5.801183581352233887e-01 2.583107948303222656e+00 7.702422738075256348e-01 2.542477130889892578e+00
6.000000000000000000e+01 8.934411406517028809e-02 2.079723834991455078e+00 1.187235355377197266e+00 2.079723834991455078e+00 6.904723048210144043e-01 2.043124914169311523e+00
7.000000000000000000e+01 8.000235259532928467e-02 1.481273055076599121e+00 2.961879491806030273e+00 1.481273055076599121e+00 5.816665291786193848e-01 1.449941635131835938e+00
8.000000000000000000e+01 7.416880875825881958e-02 8.352215886116027832e-01 8.369801521301269531e+00 8.352215886116027832e-01 4.356645643711090088e-01 8.134051561355590820e-01
9.000000000000000000e+01 6.203126534819602966e-02 4.139764010906219482e-01 1.872201347351074219e+01 4.139764010906219482e-01 3.087005913257598877e-01 4.083921015262603760e-01
1.000000000000000000e+02 3.958784043788909912e-02 3.405009806156158447e-01 2.391986465454101562e+01 3.405009806156158447e-01 2.850075662136077881e-01 3.481089472770690918e-01
1.100000000000000000e+02 2.087560854852199554e-02 3.112957775592803955e-01 1.901101875305175781e+01 3.112957775592803955e-01 2.726860642433166504e-01 3.186605274677276611e-01
1.200000000000000000e+02 1.299993321299552917e-02 2.837171852588653564e-01 1.389318943023681641e+01 2.837171852588653564e-01 2.588565647602081299e-01 2.871579229831695557e-01
1.300000000000000000e+02 1.044166740030050278e-02 2.691434919834136963e-01 1.169537067413330078e+01 2.691434919834136963e-01 2.517446577548980713e-01 2.715957164764404297e-01
1.400000000000000000e+02 9.093696251511573792e-03 2.549703121185302734e-01 1.097807502746582031e+01 2.549703121185302734e-01 2.455410510301589966e-01 2.583751082420349121e-01
1.500000000000000000e+02 8.008055388927459717e-03 2.439690381288528442e-01 1.033392143249511719e+01 2.439690381288528442e-01 2.405835688114166260e-01 2.480472475290298462e-01
1.600000000000000000e+02 7.281902711838483810e-03 2.342549264430999756e-01 9.453592300415039062e+00 2.342549264430999756e-01 2.357611209154129028e-01 2.382027506828308105e-01
1.700000000000000000e+02 6.812805309891700745e-03 2.255501300096511841e-01 8.641776084899902344e+00 2.255501300096511841e-01 2.312957793474197388e-01 2.292650490999221802e-01
1.800000000000000000e+02 6.454160436987876892e-03 2.176667600870132446e-01 8.016917228698730469e+00 2.176667600870132446e-01 2.272891253232955933e-01 2.213908731937408447e-01
1.900000000000000000e+02 6.185208912938833237e-03 2.104209363460540771e-01 7.475693225860595703e+00 2.104209363460540771e-01 2.235721051692962646e-01 2.142089754343032837e-01
2.000000000000000000e+02 5.996400490403175354e-03 2.036985009908676147e-01 6.956701278686523438e+00 2.036985009908676147e-01 2.200248092412948608e-01 2.074654102325439453e-01
2.100000000000000000e+02 5.853757727891206741e-03 1.974208801984786987e-01 6.479049205780029297e+00 1.974208801984786987e-01 2.166436910629272461e-01 2.011381834745407104e-01
2.200000000000000000e+02 5.753765348345041275e-03 1.915134340524673462e-01 6.052411079406738281e+00 1.915134340524673462e-01 2.134247124195098877e-01 1.952053904533386230e-01
2.300000000000000000e+02 5.697162821888923645e-03 1.858890801668167114e-01 5.664584636688232422e+00 1.858890801668167114e-01 2.103150188922882080e-01 1.895584017038345337e-01
2.400000000000000000e+02 5.673446692526340485e-03 1.805094480514526367e-01 5.304152965545654297e+00 1.805094480514526367e-01 2.072893977165222168e-01 1.841435879468917847e-01
2.500000000000000000e+02 5.674279760569334030e-03 1.753076314926147461e-01 4.973643302917480469e+00 1.753076314926147461e-01 2.043180167675018311e-01 1.789022088050842285e-01
2.600000000000000000e+02 5.703811999410390854e-03 1.702244728803634644e-01 4.671574592590332031e+00 1.702244728803634644e-01 2.013703435659408569e-01 1.737774610519409180e-01
2.700000000000000000e+02 5.756297148764133453e-03 1.652103364467620850e-01 4.392988204956054688e+00 1.652103364467620850e-01 1.984166949987411499e-01 1.687169820070266724e-01
2.800000000000000000e+02 5.832256749272346497e-03 1.601940393447875977e-01 4.136195182800292969e+00 1.601940393447875977e-01 1.954120099544525146e-01 1.636458188295364380e-01
2.900000000000000000e+02 5.922954529523849487e-03 1.551240235567092896e-01 3.901303768157958984e+00 1.551240235567092896e-01 1.923234164714813232e-01 1.585136801004409790e-01
3.000000000000000000e+02 6.035231053829193115e-03 1.499096155166625977e-01 3.684812545776367188e+00 1.499096155166625977e-01 1.890875995159149170e-01 1.532245874404907227e-01
3.100000000000000000e+02 6.157574243843555450e-03 1.444757580757141113e-01 3.488835334777832031e+00 1.444757580757141113e-01 1.856488287448883057e-01 1.477021723985671997e-01
3.200000000000000000e+02 6.294179242104291916e-03 1.387076228857040405e-01 3.313342571258544922e+00 1.387076228857040405e-01 1.819179207086563110e-01 1.418251842260360718e-01
3.300000000000000000e+02 6.442863028496503830e-03 1.324799358844757080e-01 3.160180807113647461e+00 1.324799358844757080e-01 1.777900159358978271e-01 1.354618817567825317e-01
3.400000000000000000e+02 6.594371981918811798e-03 1.256438642740249634e-01 3.037133455276489258e+00 1.256438642740249634e-01 1.731326133012771606e-01 1.284577250480651855e-01
3.500000000000000000e+02 6.755406502634286880e-03 1.180039495229721069e-01 2.952489137649536133e+00 1.180039495229721069e-01 1.677579730749130249e-01 1.206059530377388000e-01
3.600000000000000000e+02 6.920357700437307358e-03 1.093765124678611755e-01 2.923211336135864258e+00 1.093765124678611755e-01 1.614564061164855957e-01 1.117153763771057129e-01
3.700000000000000000e+02 7.099956274032592773e-03 9.956663101911544800e-02 2.977729558944702148e+00 9.956663101911544800e-02 1.539620906114578247e-01 1.015850976109504700e-01
3.800000000000000000e+02 7.319809403270483017e-03 8.848500996828079224e-02 3.157454252243041992e+00 8.848500996828079224e-02 1.450225710868835449e-01 9.013088792562484741e-02
3.900000000000000000e+02 7.585644256323575974e-03 7.635875046253204346e-02 3.524194002151489258e+00 7.635875046253204346e-02 1.345748305320739746e-01 7.761221379041671753e-02
4.000000000000000000e+02 7.879965938627719879e-03 6.386526674032211304e-02 4.135102272033691406e+00 6.386526674032211304e-02 1.229313239455223083e-01 6.476308405399322510e-02
4.100000000000000000e+02 6.696970015764236450e-02 5.280232429504394531e-02 4.415722370147705078e+00 5.280232429504394531e-02 1.115839108824729919e-01 5.335873737931251526e-02
4.200000000000000000e+02 4.499004781246185303e-02 5.082644894719123840e-02 4.388660907745361328e+00 5.082644894719123840e-02 1.100247725844383240e-01 5.187802389264106750e-02
4.300000000000000000e+02 5.773191340267658234e-03 4.733647406101226807e-02 4.282631397247314453e+00 4.733647406101226807e-02 1.058279797434806824e-01 4.799581691622734070e-02
4.400000000000000000e+02 9.342986159026622772e-03 4.206776618957519531e-02 4.803215026855468750e+00 4.206776618957519531e-02 1.000631004571914673e-01 4.290919378399848938e-02
4.500000000000000000e+02 5.305177066475152969e-03 3.664128109812736511e-02 5.100869178771972656e+00 3.664128109812736511e-02 9.321022033691406250e-02 3.723312541842460632e-02
4.600000000000000000e+02 5.365789402276277542e-03 3.230857104063034058e-02 5.661481857299804688e+00 3.230857104063034058e-02 8.751388639211654663e-02 3.282134234905242920e-02
4.700000000000000000e+02 5.181211046874523163e-03 2.922494336962699890e-02 6.236366271972656250e+00 2.922494336962699890e-02 8.330228924751281738e-02 2.973831258714199066e-02
4.800000000000000000e+02 5.034530535340309143e-03 2.734780125319957733e-02 6.536748409271240234e+00 2.734780125319957733e-02 8.064448833465576172e-02 2.787094935774803162e-02
4.900000000000000000e+02 4.729669541120529175e-03 2.622332051396369934e-02 6.582117557525634766e+00 2.622332051396369934e-02 7.904049754142761230e-02 2.677328884601593018e-02
5.000000000000000000e+02 4.402226302772760391e-03 2.550361864268779755e-02 6.494769096374511719e+00 2.550361864268779755e-02 7.798121869564056396e-02 2.606048248708248138e-02
5.100000000000000000e+02 4.096812102943658829e-03 2.499014697968959808e-02 6.372879981994628906e+00 2.499014697968959808e-02 7.721599936485290527e-02 2.555153891444206238e-02
5.200000000000000000e+02 3.810828085988759995e-03 2.458511106669902802e-02 6.246609687805175781e+00 2.458511106669902802e-02 7.660143822431564331e-02 2.514642290771007538e-02
5.300000000000000000e+02 3.567783394828438759e-03 2.423482574522495270e-02 6.121927261352539062e+00 2.423482574522495270e-02 7.606626302003860474e-02 2.479628473520278931e-02
5.400000000000000000e+02 3.356751753017306328e-03 2.392315492033958435e-02 6.006646156311035156e+00 2.392315492033958435e-02 7.558863610029220581e-02 2.448586374521255493e-02
5.500000000000000000e+02 3.174332901835441589e-03 2.363328263163566589e-02 5.909658908843994141e+00 2.363328263163566589e-02 7.514247298240661621e-02 2.419766038656234741e-02
5.600000000000000000e+02 3.014105837792158127e-03 2.336262166500091553e-02 5.823914051055908203e+00 2.336262166500091553e-02 7.472319900989532471e-02 2.392838336527347565e-02
5.700000000000000000e+02 2.871972508728504181e-03 2.310634031891822815e-02 5.750482559204101562e+00 2.310634031891822815e-02 7.432427257299423218e-02 2.367356978356838226e-02
5.800000000000000000e+02 2.744672819972038269e-03 2.286168932914733887e-02 5.686012744903564453e+00 2.286168932914733887e-02 7.394050806760787964e-02 2.342973276972770691e-02
5.900000000000000000e+02 2.630809787660837173e-03 2.262537181377410889e-02 5.629513740539550781e+00 2.262537181377410889e-02 7.356706261634826660e-02 2.319365739822387695e-02
6.000000000000000000e+02 2.526728436350822449e-03 2.239773236215114594e-02 5.581710815429687500e+00 2.239773236215114594e-02 7.320799678564071655e-02 2.296780236065387726e-02
6.100000000000000000e+02 2.432316541671752930e-03 2.217587828636169434e-02 5.538037300109863281e+00 2.217587828636169434e-02 7.285474985837936401e-02 2.274668961763381958e-02
6.200000000000000000e+02 2.345358487218618393e-03 2.196021378040313721e-02 5.500382423400878906e+00 2.196021378040313721e-02 7.250976562500000000e-02 2.253177762031555176e-02
6.300000000000000000e+02 2.265210496261715889e-03 2.174943871796131134e-02 5.467834949493408203e+00 2.174943871796131134e-02 7.217169553041458130e-02 2.232216484844684601e-02
6.400000000000000000e+02 2.191816456615924835e-03 2.154211327433586121e-02 5.438280582427978516e+00 2.154211327433586121e-02 7.183704525232315063e-02 2.211563102900981903e-02
6.500000000000000000e+02 2.123699290677905083e-03 2.133833430707454681e-02 5.414389133453369141e+00 2.133833430707454681e-02 7.150684297084808350e-02 2.191279083490371704e-02
6.600000000000000000e+02 2.060677856206893921e-03 2.113738283514976501e-02 5.392918109893798828e+00 2.113738283514976501e-02 7.117892056703567505e-02 2.171226590871810913e-02
6.700000000000000000e+02 2.001219661906361580e-03 2.094057947397232056e-02 5.372589588165283203e+00 2.094057947397232056e-02 7.085786759853363037e-02 2.151684649288654327e-02
6.800000000000000000e+02 1.946102478541433811e-03 2.074503339827060699e-02 5.355878829956054688e+00 2.074503339827060699e-02 7.053561508655548096e-02 2.132157795131206512e-02
6.900000000000000000e+02 1.894871587865054607e-03 2.055111527442932129e-02 5.341819763183593750e+00 2.055111527442932129e-02 7.021642476320266724e-02 2.112904936075210571e-02
7.000000000000000000e+02 1.846741302870213985e-03 2.035965211689472198e-02 5.327719688415527344e+00 2.035965211689472198e-02 6.989773362874984741e-02 2.093768492341041565e-02
7.100000000000000000e+02 1.800122670829296112e-03 2.017126604914665222e-02 5.315621376037597656e+00 2.017126604914665222e-02 6.958577036857604980e-02 2.075120434165000916e-02
7.200000000000000000e+02 1.757506513968110085e-03 1.998206414282321930e-02 5.306240558624267578e+00 1.998206414282321930e-02 6.926954537630081177e-02 2.056302689015865326e-02
7.300000000000000000e+02 1.717860694043338299e-03 1.979426108300685883e-02 5.297507762908935547e+00 1.979426108300685883e-02 6.895347684621810913e-02 2.037580311298370361e-02
7.400000000000000000e+02 1.740294741466641426e-03 1.960695721209049225e-02 5.306248188018798828e+00 1.960695721209049225e-02 6.864169239997863770e-02 2.019196003675460815e-02
7.500000000000000000e+02 1.164022739976644516e-02 1.951306127011775970e-02 5.506650924682617188e+00 1.951306127011775970e-02 6.857226043939590454e-02 2.015113085508346558e-02
7.600000000000000000e+02 4.038272425532341003e-03 1.936236955225467682e-02 5.181790351867675781e+00 1.936236955225467682e-02 6.823665648698806763e-02 1.995436102151870728e-02
7.700000000000000000e+02 1.538484822958707809e-03 1.921201124787330627e-02 5.050709724426269531e+00 1.921201124787330627e-02 6.798399239778518677e-02 1.980686187744140625e-02
7.800000000000000000e+02 1.838598866015672684e-03 1.897762529551982880e-02 5.085588932037353516e+00 1.897762529551982880e-02 6.753285974264144897e-02 1.954486593604087830e-02
7.900000000000000000e+02 1.533986651338636875e-03 1.876487582921981812e-02 5.198310852050781250e+00 1.876487582921981812e-02 6.720889359712600708e-02 1.935779675841331482e-02
8.000000000000000000e+02 1.483758329413831234e-03 1.856942474842071533e-02 5.228149890899658203e+00 1.856942474842071533e-02 6.687325984239578247e-02 1.916493847966194153e-02
8.100000000000000000e+02 1.459350809454917908e-03 1.838740706443786621e-02 5.214020729064941406e+00 1.838740706443786621e-02 6.656239926815032959e-02 1.898717507719993591e-02
8.200000000000000000e+02 1.430527889169752598e-03 1.820813491940498352e-02 5.199047565460205078e+00 1.820813491940498352e-02 6.624676287174224854e-02 1.880753040313720703e-02
8.300000000000000000e+02 1.401890418492257595e-03 1.802639849483966827e-02 5.197072982788085938e+00 1.802639849483966827e-02 6.592490524053573608e-02 1.862522028386592865e-02
8.400000000000000000e+02 1.381266163662075996e-03 1.784377545118331909e-02 5.194593429565429688e+00 1.784377545118331909e-02 6.560172885656356812e-02 1.844306103885173798e-02
8.500000000000000000e+02 1.361656235530972481e-03 1.766079850494861603e-02 5.191190719604492188e+00 1.766079850494861603e-02 6.527685374021530151e-02 1.826084405183792114e-02
8.600000000000000000e+02 1.343014533631503582e-03 1.747763529419898987e-02 5.192173004150390625e+00 1.747763529419898987e-02 6.494999676942825317e-02 1.807843148708343506e-02
8.700000000000000000e+02 1.324120559729635715e-03 1.729529723525047302e-02 5.194870471954345703e+00 1.729529723525047302e-02 6.462311744689941406e-02 1.789691671729087830e-02
8.800000000000000000e+02 1.310424529947340488e-03 1.711300015449523926e-02 5.192936897277832031e+00 1.711300015449523926e-02 6.429305672645568848e-02 1.771456748247146606e-02
8.900000000000000000e+02 2.374525880441069603e-03 1.694145239889621735e-02 5.118876934051513672e+00 1.694145239889621735e-02 6.396802514791488647e-02 1.753591187298297882e-02
9.000000000000000000e+02 4.353698343038558960e-03 1.701428554952144623e-02 5.172877311706542969e+00 1.701428554952144623e-02 6.427487730979919434e-02 1.770455203950405121e-02
9.100000000000000000e+02 2.262380672618746758e-03 1.674879901111125946e-02 4.966743469238281250e+00 1.674879901111125946e-02 6.360365450382232666e-02 1.733670569956302643e-02
9.200000000000000000e+02 1.767820445820689201e-03 1.651694998145103455e-02 4.955622673034667969e+00 1.651694998145103455e-02 6.317035108804702759e-02 1.710129342973232269e-02
9.300000000000000000e+02 1.346315606497228146e-03 1.628389582037925720e-02 5.119618415832519531e+00 1.628389582037925720e-02 6.277155876159667969e-02 1.688605546951293945e-02
9.400000000000000000e+02 1.211435184814035892e-03 1.608853228390216827e-02 5.196323871612548828e+00 1.608853228390216827e-02 6.242183968424797058e-02 1.669842377305030823e-02
9.500000000000000000e+02 1.189806498587131500e-03 1.591020449995994568e-02 5.196065425872802734e+00 1.591020449995994568e-02 6.211063265800476074e-02 1.653234288096427917e-02
9.600000000000000000e+02 1.178120728582143784e-03 1.572766900062561035e-02 5.180039405822753906e+00 1.572766900062561035e-02 6.175492331385612488e-02 1.634352095425128937e-02
9.700000000000000000e+02 1.169621595181524754e-03 1.554368156939744949e-02 5.182683944702148438e+00 1.554368156939744949e-02 6.140406802296638489e-02 1.615833863615989685e-02
9.800000000000000000e+02 1.155286328867077827e-03 1.535753533244132996e-02 5.202454090118408203e+00 1.535753533244132996e-02 6.105290725827217102e-02 1.597405597567558289e-02
9.900000000000000000e+02 1.149807474575936794e-03 1.517101936042308807e-02 5.219632148742675781e+00 1.517101936042308807e-02 6.069397926330566406e-02 1.578678376972675323e-02
1.000000000000000000e+03 1.139425789006054401e-03 1.498852577060461044e-02 5.229491710662841797e+00 1.498852577060461044e-02 6.034480780363082886e-02 1.560566294938325882e-02
1.010000000000000000e+03 1.132419100031256676e-03 1.480305194854736328e-02 5.253539085388183594e+00 1.480305194854736328e-02 5.998608469963073730e-02 1.542067434638738632e-02
1.020000000000000000e+03 1.125493086874485016e-03 1.461921259760856628e-02 5.272531986236572266e+00 1.461921259760856628e-02 5.962692946195602417e-02 1.523657515645027161e-02
1.030000000000000000e+03 1.147806528024375439e-03 1.443544309586286545e-02 5.306638717651367188e+00 1.443544309586286545e-02 5.927139520645141602e-02 1.505541522055864334e-02
1.040000000000000000e+03 6.428816355764865875e-03 1.427630335092544556e-02 5.513565063476562500e+00 1.427630335092544556e-02 5.901790410280227661e-02 1.492691319435834885e-02
1.050000000000000000e+03 1.305001904256641865e-03 1.427166815847158432e-02 4.960819721221923828e+00 1.427166815847158432e-02 5.893934518098831177e-02 1.488719973713159561e-02
1.060000000000000000e+03 1.984302187338471413e-03 1.404995750635862350e-02 5.184716224670410156e+00 1.404995750635862350e-02 5.852007120847702026e-02 1.467614993453025818e-02
1.070000000000000000e+03 1.375802676193416119e-03 1.376181095838546753e-02 5.370088577270507812e+00 1.376181095838546753e-02 5.789154767990112305e-02 1.436258852481842041e-02
1.080000000000000000e+03 1.117767649702727795e-03 1.359092816710472107e-02 5.438713550567626953e+00 1.359092816710472107e-02 5.760708823800086975e-02 1.422178931534290314e-02
1.090000000000000000e+03 1.096685766242444515e-03 1.340984180569648743e-02 5.451517581939697266e+00 1.340984180569648743e-02 5.723914131522178650e-02 1.404069643467664719e-02
1.100000000000000000e+03 1.084623043425381184e-03 1.322878710925579071e-02 5.459930896759033203e+00 1.322878710925579071e-02 5.686172842979431152e-02 1.385614927858114243e-02
1.110000000000000000e+03 1.060852780938148499e-03 1.304862461984157562e-02 5.478070735931396484e+00 1.304862461984157562e-02 5.649054795503616333e-02 1.367583777755498886e-02
1.120000000000000000e+03 1.055426197126507759e-03 1.286608166992664337e-02 5.503994464874267578e+00 1.286608166992664337e-02 5.610367655754089355e-02 1.348916534334421158e-02
1.130000000000000000e+03 1.047836150974035263e-03 1.268762256950139999e-02 5.551260948181152344e+00 1.268762256950139999e-02 5.573593825101852417e-02 1.331291161477565765e-02
1.140000000000000000e+03 1.044785371050238609e-03 1.250652037560939789e-02 5.596614837646484375e+00 1.250652037560939789e-02 5.535465851426124573e-02 1.313139125704765320e-02
1.150000000000000000e+03 1.041714916937053204e-03 1.232704333961009979e-02 5.647352695465087891e+00 1.232704333961009979e-02 5.497373268008232117e-02 1.295128371566534042e-02
1.160000000000000000e+03 1.038263668306171894e-03 1.214925292879343033e-02 5.699635982513427734e+00 1.214925292879343033e-02 5.459567904472351074e-02 1.277376525104045868e-02
1.170000000000000000e+03 1.095310086384415627e-03 1.196903083473443985e-02 5.776431083679199219e+00 1.196903083473443985e-02 5.421319976449012756e-02 1.259541604667901993e-02
1.180000000000000000e+03 9.660353884100914001e-03 1.186114083975553513e-02 6.072076797485351562e+00 1.186114083975553513e-02 5.408663302659988403e-02 1.253667194396257401e-02
1.190000000000000000e+03 2.616113284602761269e-03 1.180362794548273087e-02 5.613791465759277344e+00 1.180362794548273087e-02 5.382166057825088501e-02 1.241413969546556473e-02
1.200000000000000000e+03 1.634806045331060886e-03 1.159037090837955475e-02 5.804811000823974609e+00 1.159037090837955475e-02 5.341050773859024048e-02 1.222519669681787491e-02
1.210000000000000000e+03 1.051194849424064159e-03 1.132515724748373032e-02 6.019358634948730469e+00 1.132515724748373032e-02 5.277388542890548706e-02 1.193549856543540955e-02
1.220000000000000000e+03 1.009883009828627110e-03 1.116480864584445953e-02 6.084466457366943359e+00 1.116480864584445953e-02 5.245940014719963074e-02 1.179367024451494217e-02
1.230000000000000000e+03 1.006322912871837616e-03 1.100240647792816162e-02 6.118615150451660156e+00 1.100240647792816162e-02 5.211030319333076477e-02 1.163722947239875793e-02
1.240000000000000000e+03 1.010419917292892933e-03 1.082382258027791977e-02 6.171939849853515625e+00 1.082382258027791977e-02 5.168630555272102356e-02 1.144862640649080276e-02
1.250000000000000000e+03 9.826302994042634964e-04 1.065312605351209641e-02 6.222323417663574219e+00 1.065312605351209641e-02 5.129775032401084900e-02 1.127714291214942932e-02
1.260000000000000000e+03 9.792697383090853691e-04 1.048536505550146103e-02 6.288484096527099609e+00 1.048536505550146103e-02 5.091183260083198547e-02 1.110810413956642151e-02
1.270000000000000000e+03 9.749772143550217152e-04 1.031591370701789856e-02 6.382816791534423828e+00 1.031591370701789856e-02 5.051756650209426880e-02 1.093672122806310654e-02
1.280000000000000000e+03 9.679939830675721169e-04 1.015082187950611115e-02 6.451977252960205078e+00 1.015082187950611115e-02 5.013121291995048523e-02 1.077007874846458435e-02
1.290000000000000000e+03 9.628037805669009686e-04 9.985396638512611389e-03 6.535886764526367188e+00 9.985396638512611389e-03 4.974182695150375366e-02 1.060341950505971909e-02
1.300000000000000000e+03 9.581749909557402134e-04 9.822552092373371124e-03 6.619442462921142578e+00 9.822552092373371124e-03 4.935496672987937927e-02 1.043912582099437714e-02
1.310000000000000000e+03 1.071849372237920761e-03 9.664589539170265198e-03 6.668460845947265625e+00 9.664589539170265198e-03 4.896764084696769714e-02 1.027592271566390991e-02
1.320000000000000000e+03 1.235579047352075577e-02 9.664754383265972137e-03 6.180975437164306641e+00 9.664754383265972137e-03 4.898034408688545227e-02 1.028125360608100891e-02
1.330000000000000000e+03 1.303317141719162464e-03 9.666727855801582336e-03 6.318737506866455078e+00 9.666727855801582336e-03 4.882785677909851074e-02 1.021733786910772324e-02
1.340000000000000000e+03 1.775407348759472370e-03 9.301758371293544769e-03 6.995534896850585938e+00 9.301758371293544769e-03 4.811597988009452820e-02 9.921584278345108032e-03
1.350000000000000000e+03 1.323042553849518299e-03 9.105261415243148804e-03 7.316594123840332031e+00 9.105261415243148804e-03 4.765204340219497681e-02 9.731178171932697296e-03
1.360000000000000000e+03 1.053501619026064873e-03 8.949234150350093842e-03 7.309630393981933594e+00 8.949234150350093842e-03 4.724033176898956299e-02 9.563753381371498108e-03
1.370000000000000000e+03 9.528051596134901047e-04 8.806131780147552490e-03 7.302287578582763672e+00 8.806131780147552490e-03 4.688709974288940430e-02 9.421262890100479126e-03
1.380000000000000000e+03 9.148120880126953125e-04 8.652025833725929260e-03 7.376816272735595703e+00 8.652025833725929260e-03 4.648647829890251160e-02 9.260953404009342194e-03
1.390000000000000000e+03 8.966828463599085808e-04 8.502495475113391876e-03 7.461963653564453125e+00 8.502495475113391876e-03 4.609637707471847534e-02 9.106175042688846588e-03
1.400000000000000000e+03 8.893209742382168770e-04 8.360967971384525299e-03 7.550758361816406250e+00 8.360967971384525299e-03 4.573123529553413391e-02 8.962483145296573639e-03
1.410000000000000000e+03 8.851249003782868385e-04 8.215978741645812988e-03 7.663969516754150391e+00 8.215978741645812988e-03 4.535654559731483459e-02 8.816220797598361969e-03
1.420000000000000000e+03 8.813466993160545826e-04 8.073637261986732483e-03 7.754632472991943359e+00 8.073637261986732483e-03 4.497849941253662109e-02 8.669866248965263367e-03
1.430000000000000000e+03 8.747017709538340569e-04 7.937015965580940247e-03 7.850411891937255859e+00 7.937015965580940247e-03 4.461894929409027100e-02 8.531809784471988678e-03
1.440000000000000000e+03 8.707876550033688545e-04 7.799800951033830643e-03 7.957561969757080078e+00 7.799800951033830643e-03 4.425020143389701843e-02 8.391370996832847595e-03
1.450000000000000000e+03 8.674734854139387608e-04 7.665673736482858658e-03 8.063325881958007812e+00 7.665673736482858658e-03 4.388852417469024658e-02 8.254758082330226898e-03
1.460000000000000000e+03 1.124124275520443916e-03 7.530623581260442734e-03 8.229824066162109375e+00 7.530623581260442734e-03 4.353453218936920166e-02 8.122133091092109680e-03
1.470000000000000000e+03 8.040316170081496239e-04 7.956581190228462219e-03 7.553883075714111328e+00 7.956581190228462219e-03 4.493587464094161987e-02 8.653441444039344788e-03
1.480000000000000000e+03 1.297779497690498829e-03 7.742150686681270599e-03 7.555863857269287109e+00 7.742150686681270599e-03 4.392079263925552368e-02 8.266903460025787354e-03
1.490000000000000000e+03 1.917276880703866482e-03 7.250224705785512924e-03 8.875129699707031250e+00 7.250224705785512924e-03 4.274524003267288208e-02 7.830291986465454102e-03
1.500000000000000000e+03 8.244792697951197624e-04 7.153530139476060867e-03 8.855064392089843750e+00 7.153530139476060867e-03 4.254530370235443115e-02 7.757211569696664810e-03
1.510000000000000000e+03 9.332697954960167408e-04 7.040197495371103287e-03 8.676855087280273438e+00 7.040197495371103287e-03 4.215786233544349670e-02 7.616572547703981400e-03
1.520000000000000000e+03 8.383542881347239017e-04 6.897496525198221207e-03 8.795912742614746094e+00 6.897496525198221207e-03 4.173820838332176208e-02 7.465692237019538879e-03
1.530000000000000000e+03 8.036801009438931942e-04 6.777579430490732193e-03 8.898190498352050781e+00 6.777579430490732193e-03 4.141403734683990479e-02 7.350173313170671463e-03
1.540000000000000000e+03 7.912190631031990051e-04 6.665076594799757004e-03 8.987205505371093750e+00 6.665076594799757004e-03 4.108159616589546204e-02 7.232643198221921921e-03
1.550000000000000000e+03 7.891635177657008171e-04 6.548820063471794128e-03 9.095671653747558594e+00 6.548820063471794128e-03 4.073565080761909485e-02 7.111344952136278152e-03
1.560000000000000000e+03 7.835520082153379917e-04 6.436964496970176697e-03 9.188497543334960938e+00 6.436964496970176697e-03 4.040905833244323730e-02 6.997773423790931702e-03
1.570000000000000000e+03 7.759997970424592495e-04 6.330136209726333618e-03 9.276360511779785156e+00 6.330136209726333618e-03 4.009151831269264221e-02 6.888226140290498734e-03
1.580000000000000000e+03 7.706610485911369324e-04 6.224068813025951385e-03 9.377126693725585938e+00 6.224068813025951385e-03 3.976890444755554199e-02 6.777815055102109909e-03
1.590000000000000000e+03 7.653711945749819279e-04 6.120273843407630920e-03 9.468699455261230469e+00 6.120273843407630920e-03 3.945139050483703613e-02 6.670018658041954041e-03
1.600000000000000000e+03 7.591540343128144741e-04 6.019004620611667633e-03 9.559067726135253906e+00 6.019004620611667633e-03 3.914095088839530945e-02 6.565460935235023499e-03
1.610000000000000000e+03 7.574388873763382435e-04 5.923854187130928040e-03 9.627758979797363281e+00 5.923854187130928040e-03 3.884616121649742126e-02 6.466937251389026642e-03
1.620000000000000000e+03 1.377132371999323368e-03 5.839121527969837189e-03 9.595810890197753906e+00 5.839121527969837189e-03 3.856379911303520203e-02 6.373266689479351044e-03
1.630000000000000000e+03 1.085476251319050789e-03 5.971061065793037415e-03 9.290121078491210938e+00 5.971061065793037415e-03 3.913218900561332703e-02 6.562520749866962433e-03
1.640000000000000000e+03 1.253498485311865807e-03 5.765860434621572495e-03 9.747696876525878906e+00 5.765860434621572495e-03 3.839507699012756348e-02 6.317621096968650818e-03
1.650000000000000000e+03 7.938871276564896107e-04 5.597300361841917038e-03 1.038119888305664062e+01 5.597300361841917038e-03 3.783383220434188843e-02 6.134272553026676178e-03
1.660000000000000000e+03 7.395220454782247543e-04 5.535072181373834610e-03 1.019757270812988281e+01 5.535072181373834610e-03 3.761102259159088135e-02 6.062233820557594299e-03
1.670000000000000000e+03 7.636889349669218063e-04 5.449982825666666031e-03 1.015192794799804688e+01 5.449982825666666031e-03 3.735532239079475403e-02 5.980085581541061401e-03
1.680000000000000000e+03 6.831327336840331554e-04 5.354406312108039856e-03 1.030648708343505859e+01 5.354406312108039856e-03 3.705963864922523499e-02 5.885791033506393433e-03
1.690000000000000000e+03 6.706627318635582924e-04 5.272703245282173157e-03 1.035641765594482422e+01 5.272703245282173157e-03 3.677343577146530151e-02 5.795231554657220840e-03
1.700000000000000000e+03 6.656991899944841862e-04 5.188424140214920044e-03 1.046333980560302734e+01 5.188424140214920044e-03 3.649568930268287659e-02 5.708020646125078201e-03
1.710000000000000000e+03 6.723984843119978905e-04 5.110220517963171005e-03 1.050758838653564453e+01 5.110220517963171005e-03 3.622664883732795715e-02 5.624173209071159363e-03
1.720000000000000000e+03 1.162959961220622063e-03 5.042292177677154541e-03 1.046207523345947266e+01 5.042292177677154541e-03 3.597746789455413818e-02 5.547069478780031204e-03
1.730000000000000000e+03 6.809642072767019272e-04 5.123951938003301620e-03 1.008116626739501953e+01 5.123951938003301620e-03 3.635899350047111511e-02 5.665341392159461975e-03
1.740000000000000000e+03 1.079134177416563034e-03 4.985184874385595322e-03 1.043610954284667969e+01 4.985184874385595322e-03 3.579678758978843689e-02 5.491494201123714447e-03
1.750000000000000000e+03 9.897922864183783531e-04 4.860288929194211960e-03 1.099246692657470703e+01 4.860288929194211960e-03 3.537392243742942810e-02 5.362518597394227982e-03
1.760000000000000000e+03 6.932418909855186939e-04 4.795816726982593536e-03 1.103915309906005859e+01 4.795816726982593536e-03 3.515996411442756653e-02 5.297845229506492615e-03
1.770000000000000000e+03 6.058689323253929615e-04 4.726046230643987656e-03 1.102987194061279297e+01 4.726046230643987656e-03 3.492895886301994324e-02 5.228458903729915619e-03
1.780000000000000000e+03 5.891811451874673367e-04 4.661725834012031555e-03 1.106202983856201172e+01 4.661725834012031555e-03 3.470575436949729919e-02 5.161850247532129288e-03
1.790000000000000000e+03 6.115607684478163719e-04 4.597255960106849670e-03 1.111366176605224609e+01 4.597255960106849670e-03 3.446331992745399475e-02 5.089986138045787811e-03
1.800000000000000000e+03 6.980776088312268257e-04 4.534394014626741409e-03 1.116181278228759766e+01 4.534394014626741409e-03 3.422698006033897400e-02 5.020414944738149643e-03
1.810000000000000000e+03 6.062533706426620483e-03 4.557430744171142578e-03 1.062297725677490234e+01 4.557430744171142578e-03 3.429400548338890076e-02 5.040096119046211243e-03
1.820000000000000000e+03 1.072783954441547394e-03 4.544293973594903946e-03 1.088201332092285156e+01 4.544293973594903946e-03 3.416511416435241699e-02 5.002281628549098969e-03
1.830000000000000000e+03 6.447822670452296734e-04 4.391319584101438522e-03 1.179485225677490234e+01 4.391319584101438522e-03 3.375204280018806458e-02 4.882053006440401077e-03
1.840000000000000000e+03 7.709653582423925400e-04 4.346070811152458191e-03 1.168416595458984375e+01 4.346070811152458191e-03 3.357259184122085571e-02 4.830278456211090088e-03
1.850000000000000000e+03 5.578488344326615334e-04 4.294645506888628006e-03 1.155981540679931641e+01 4.294645506888628006e-03 3.337371349334716797e-02 4.773220978677272797e-03
1.860000000000000000e+03 5.273980204947292805e-04 4.236566368490457535e-03 1.168094158172607422e+01 4.236566368490457535e-03 3.316985443234443665e-02 4.715085029602050781e-03
1.870000000000000000e+03 5.471948534250259399e-04 4.184572026133537292e-03 1.171708488464355469e+01 4.184572026133537292e-03 3.294814378023147583e-02 4.652263130992650986e-03
1.880000000000000000e+03 5.424535484053194523e-04 4.132369533181190491e-03 1.179170417785644531e+01 4.132369533181190491e-03 3.275598958134651184e-02 4.598157946020364761e-03
1.890000000000000000e+03 2.472043037414550781e-03 4.105594940483570099e-03 1.157375335693359375e+01 4.105594940483570099e-03 3.261734545230865479e-02 4.559315741062164307e-03
1.900000000000000000e+03 2.466920530423521996e-03 4.138358402997255325e-03 1.166234397888183594e+01 4.138358402997255325e-03 3.278549015522003174e-02 4.606443922966718674e-03
1.910000000000000000e+03 1.439556828700006008e-03 4.038452636450529099e-03 1.231839847564697266e+01 4.038452636450529099e-03 3.248311951756477356e-02 4.521867260336875916e-03
1.920000000000000000e+03 5.150976940058171749e-04 4.003086127340793610e-03 1.222437667846679688e+01 4.003086127340793610e-03 3.230029717087745667e-02 4.471110645681619644e-03
1.930000000000000000e+03 5.747543182224035263e-04 3.961258567869663239e-03 1.204970359802246094e+01 3.961258567869663239e-03 3.211833909153938293e-02 4.420878831297159195e-03
1.940000000000000000e+03 4.692456859629601240e-04 3.909044433385133743e-03 1.220584678649902344e+01 3.909044433385133743e-03 3.192404285073280334e-02 4.367552231997251511e-03
1.950000000000000000e+03 4.647574096452444792e-04 3.865372622385621071e-03 1.230066108703613281e+01 3.865372622385621071e-03 3.172894939780235291e-02 4.314334597438573837e-03
1.960000000000000000e+03 4.791588580701500177e-04 3.822405124083161354e-03 1.240296745300292969e+01 3.822405124083161354e-03 3.156976029276847839e-02 4.271151032298803329e-03
1.970000000000000000e+03 4.693413211498409510e-04 3.782981773838400841e-03 1.242735767364501953e+01 3.782981773838400841e-03 3.140744194388389587e-02 4.227343015372753143e-03
1.980000000000000000e+03 2.079961122944951057e-03 3.750469768419861794e-03 1.258947658538818359e+01 3.750469768419861794e-03 3.134089708328247070e-02 4.209449514746665955e-03
1.990000000000000000e+03 2.514152554795145988e-03 3.943342715501785278e-03 1.157192993164062500e+01 3.943342715501785278e-03 3.187268227338790894e-02 4.353509750217199326e-03
2.000000000000000000e+03 1.035603345371782780e-03 3.741132095456123352e-03 1.263641643524169922e+01 3.741132095456123352e-03 3.125461935997009277e-02 4.186304751783609390e-03
2.010000000000000000e+03 7.778032450005412102e-04 3.711828496307134628e-03 1.263222312927246094e+01 3.711828496307134628e-03 3.110199607908725739e-02 4.145520273596048355e-03
2.020000000000000000e+03 5.647764191962778568e-04 3.672072198241949081e-03 1.256196022033691406e+01 3.672072198241949081e-03 3.097504377365112305e-02 4.111745860427618027e-03
2.030000000000000000e+03 4.192945780232548714e-04 3.630522172898054123e-03 1.273629760742187500e+01 3.630522172898054123e-03 3.081481717526912689e-02 4.069317597895860672e-03
2.040000000000000000e+03 4.369251255411654711e-04 3.592922119423747063e-03 1.290533065795898438e+01 3.592922119423747063e-03 3.064300306141376495e-02 4.024066030979156494e-03
2.050000000000000000e+03 4.209581820759922266e-04 3.560447599738836288e-03 1.292041397094726562e+01 3.560447599738836288e-03 3.049999475479125977e-02 3.986592870205640793e-03
2.060000000000000000e+03 4.160185926593840122e-04 3.527943976223468781e-03 1.298270988464355469e+01 3.527943976223468781e-03 3.037323616445064545e-02 3.953525330871343613e-03
2.070000000000000000e+03 4.311054944992065430e-04 3.496699500828981400e-03 1.302855682373046875e+01 3.496699500828981400e-03 3.023574687540531158e-02 3.917813766747713089e-03
2.080000000000000000e+03 1.779653714038431644e-03 3.473486984148621559e-03 1.315846824645996094e+01 3.473486984148621559e-03 3.020100295543670654e-02 3.908814862370491028e-03
2.090000000000000000e+03 2.323104767128825188e-03 3.579751821234822273e-03 1.240620040893554688e+01 3.579751821234822273e-03 3.041644208133220673e-02 3.964781761169433594e-03
2.100000000000000000e+03 7.942736265249550343e-04 3.454991849139332771e-03 1.328237056732177734e+01 3.454991849139332771e-03 3.005448915064334869e-02 3.870982211083173752e-03
2.110000000000000000e+03 4.628163005691021681e-04 3.430000972002744675e-03 1.331096553802490234e+01 3.430000972002744675e-03 2.994979172945022583e-02 3.844058606773614883e-03
2.120000000000000000e+03 4.645001317840069532e-04 3.400797024369239807e-03 1.325552845001220703e+01 3.400797024369239807e-03 2.986520715057849884e-02 3.822376718744635582e-03
2.130000000000000000e+03 4.230580816511064768e-04 3.377788700163364410e-03 1.325801467895507812e+01 3.377788700163364410e-03 2.972590923309326172e-02 3.786803456023335457e-03
2.140000000000000000e+03 3.937382425647228956e-04 3.348697442561388016e-03 1.340399551391601562e+01 3.348697442561388016e-03 2.961164899170398712e-02 3.757747123017907143e-03
2.150000000000000000e+03 3.643281816039234400e-04 3.324564779177308083e-03 1.339730834960937500e+01 3.324564779177308083e-03 2.950056269764900208e-02 3.729607211425900459e-03
2.160000000000000000e+03 3.677238710224628448e-04 3.301460994407534599e-03 1.339871597290039062e+01 3.301460994407534599e-03 2.939154207706451416e-02 3.702091053128242493e-03
2.170000000000000000e+03 1.954093342646956444e-03 3.294650465250015259e-03 1.314556789398193359e+01 3.294650465250015259e-03 2.932215481996536255e-02 3.684632480144500732e-03
2.180000000000000000e+03 2.102786907926201820e-03 3.380166133865714073e-03 1.307585430145263672e+01 3.380166133865714073e-03 2.971058152616024017e-02 3.782899118959903717e-03
2.190000000000000000e+03 7.793075637891888618e-04 3.282757010310888290e-03 1.406460094451904297e+01 3.282757010310888290e-03 2.940492331981658936e-02 3.705462906509637833e-03
2.200000000000000000e+03 5.170217482373118401e-04 3.268419532105326653e-03 1.371905231475830078e+01 3.268419532105326653e-03 2.925301901996135712e-02 3.667277982458472252e-03
2.210000000000000000e+03 4.416216397657990456e-04 3.239680081605911255e-03 1.362911987304687500e+01 3.239680081605911255e-03 2.918188273906707764e-02 3.649463411420583725e-03
2.220000000000000000e+03 3.938695590477436781e-04 3.216789802536368370e-03 1.377322483062744141e+01 3.216789802536368370e-03 2.904568426311016083e-02 3.615477122366428375e-03
2.230000000000000000e+03 3.321034600958228111e-04 3.194848308339715004e-03 1.383487796783447266e+01 3.194848308339715004e-03 2.892929129302501678e-02 3.586559090763330460e-03
2.240000000000000000e+03 3.341254487168043852e-04 3.172879340127110481e-03 1.385411071777343750e+01 3.172879340127110481e-03 2.883226424455642700e-02 3.562541212886571884e-03
2.250000000000000000e+03 3.276136412750929594e-04 3.151717130094766617e-03 1.386182594299316406e+01 3.151717130094766617e-03 2.873711101710796356e-02 3.539065597578883171e-03
2.260000000000000000e+03 3.239798534195870161e-04 3.132433863356709480e-03 1.387459087371826172e+01 3.132433863356709480e-03 2.865264192223548889e-02 3.518291283398866653e-03
2.270000000000000000e+03 3.266047569923102856e-04 3.113900776952505112e-03 1.388428974151611328e+01 3.113900776952505112e-03 2.856981754302978516e-02 3.497980302199721336e-03
2.280000000000000000e+03 1.345739350654184818e-03 3.097962820902466774e-03 1.399317169189453125e+01 3.097962820902466774e-03 2.855423465371131897e-02 3.494165604934096336e-03
2.290000000000000000e+03 2.630818868055939674e-03 3.250288078561425209e-03 1.306379699707031250e+01 3.250288078561425209e-03 2.898610569536685944e-02 3.600660478696227074e-03
2.300000000000000000e+03 1.280651078559458256e-03 3.105104202404618263e-03 1.419795989990234375e+01 3.105104202404618263e-03 2.852008305490016937e-02 3.485811874270439148e-03
2.310000000000000000e+03 5.311951390467584133e-04 3.097200766205787659e-03 1.394424819946289062e+01 3.097200766205787659e-03 2.843217365443706512e-02 3.464356297627091408e-03
2.320000000000000000e+03 3.132969141006469727e-04 3.065798198804259300e-03 1.398986148834228516e+01 3.065798198804259300e-03 2.837793156504631042e-02 3.451150376349687576e-03
2.330000000000000000e+03 3.366313176229596138e-04 3.045703051611781120e-03 1.418982410430908203e+01 3.045703051611781120e-03 2.826952375471591949e-02 3.424832830205559731e-03
2.340000000000000000e+03 2.980037243105471134e-04 3.027707338333129883e-03 1.423311996459960938e+01 3.027707338333129883e-03 2.818449959158897400e-02 3.404262708500027657e-03
2.350000000000000000e+03 2.959048433694988489e-04 3.010793123394250870e-03 1.420378494262695312e+01 3.010793123394250870e-03 2.810347080230712891e-02 3.384716575965285301e-03
2.360000000000000000e+03 2.905926958192139864e-04 2.993869828060269356e-03 1.420869064331054688e+01 2.993869828060269356e-03 2.801953628659248352e-02 3.364529460668563843e-03
2.370000000000000000e+03 2.929690235760062933e-04 2.976896008476614952e-03 1.422733497619628906e+01 2.976896008476614952e-03 2.794701606035232544e-02 3.347135614603757858e-03
2.380000000000000000e+03 4.395176947582513094e-04 2.961233491078019142e-03 1.425777721405029297e+01 2.961233491078019142e-03 2.789345383644104004e-02 3.334317356348037720e-03
2.390000000000000000e+03 1.766503555700182915e-03 3.065726254135370255e-03 1.373155784606933594e+01 3.065726254135370255e-03 2.851618081331253052e-02 3.484857967123389244e-03
2.400000000000000000e+03 1.148752402514219284e-03 2.973521128296852112e-03 1.452764606475830078e+01 2.973521128296852112e-03 2.805952355265617371e-02 3.374139545485377312e-03
2.410000000000000000e+03 6.090548704378306866e-04 2.957916818559169769e-03 1.453750514984130859e+01 2.957916818559169769e-03 2.790959924459457397e-02 3.338178386911749840e-03
2.420000000000000000e+03 2.910151379182934761e-04 2.938223071396350861e-03 1.429667663574218750e+01 2.938223071396350861e-03 2.782171592116355896e-02 3.317189170047640800e-03
2.430000000000000000e+03 3.177589387632906437e-04 2.921786392107605934e-03 1.438920593261718750e+01 2.921786392107605934e-03 2.769310772418975830e-02 3.286592429503798485e-03
2.440000000000000000e+03 2.682197664398699999e-04 2.904190216213464737e-03 1.451445674896240234e+01 2.904190216213464737e-03 2.760940045118331909e-02 3.266753396019339561e-03
2.450000000000000000e+03 2.663192863110452890e-04 2.888699062168598175e-03 1.450543689727783203e+01 2.888699062168598175e-03 2.754268236458301544e-02 3.250984009355306625e-03
2.460000000000000000e+03 2.656191354617476463e-04 2.874209545552730560e-03 1.448202037811279297e+01 2.874209545552730560e-03 2.746972069144248962e-02 3.233783412724733353e-03
2.470000000000000000e+03 2.671524998731911182e-04 2.861070213839411736e-03 1.446113109588623047e+01 2.861070213839411736e-03 2.740878053009510040e-02 3.219451522454619408e-03
2.480000000000000000e+03 6.418659468181431293e-04 2.852361416444182396e-03 1.432660865783691406e+01 2.852361416444182396e-03 2.734252437949180603e-02 3.203905187547206879e-03
2.490000000000000000e+03 3.936986904591321945e-04 2.930494491010904312e-03 1.388555908203125000e+01 2.930494491010904312e-03 2.777859941124916077e-02 3.306915285065770149e-03
2.500000000000000000e+03 3.308895393274724483e-04 2.853027079254388809e-03 1.482596588134765625e+01 2.853027079254388809e-03 2.742195688188076019e-02 3.222547471523284912e-03
